      0.4602006805127     0.1133433008807     0.0932617668012     1.7501340800325
      0.4593660233127     0.1138902836315     0.0898629553871     1.7492624189411
      0.4582903653317     0.1146890793146     0.0863792970270     1.7466482958909
      0.4569775350562     0.1157361188042     0.0828153824056     1.7422942907060
      0.4554323115712     0.1170268678575     0.0791758617185     1.7362047002636
      0.4536604060965     0.1185558454064     0.0754654356120     1.7283855342545
      0.4516684398291     0.1203166455705     0.0716888461678     1.7188445092513
      0.4494639181793     0.1223019633055     0.0678508679592     1.7075910410940
      0.4470552015013     0.1245036235837     0.0639562992053     1.6946362355969
      0.4444514724341     0.1269126139927     0.0600099530473     1.6799928775889
      0.4416626999815     0.1295191206224     0.0560166489717     1.6636754182966
      0.4386996004712     0.1323125670989     0.0519812044037     1.6456999610823
      0.4355735955485     0.1352816566104     0.0479084264940     1.6260842455519
      0.4322967673690     0.1384144167593     0.0438031041200     1.6048476300485
      0.4288818111671     0.1416982470633     0.0396700001226     1.5820110725476
      0.4253419853878     0.1451199689174     0.0355138437989     1.5575971099745
      0.4216910595777     0.1486658778200     0.0313393236673     1.5316298359626
      0.4179432602402     0.1523217976558     0.0271510805248     1.5041348770763
      0.4141132148703     0.1560731368228     0.0229537008108     1.4751393675206
      0.4102158943873     0.1599049459792     0.0187517102920     1.4446719223627
      0.4062665541945     0.1638019771844     0.0145495680832     1.4127626092926
      0.4022806740964     0.1677487441999     0.0103516610138     1.3794429189498
      0.3982738973126     0.1717295837113     0.0061622983527     1.3447457338460
      0.3942619688270     0.1757287172299     0.0019857068981     1.3087052959138
      0.3902606733163     0.1797303134308    -0.0021739735579     1.2713571727143
      0.3862857729037     0.1837185506797    -0.0063126943866     1.2327382223359
      0.3823529449810     0.1876776795021    -0.0104265018945     1.1928865570202
      0.3784777203474     0.1915920847494    -0.0145115407098     1.1518415055494
      0.3746754219065     0.1954463472147    -0.0185640567801     1.1096435744340
      0.3709611041649     0.1992253044569    -0.0225803999822     1.0663344079374
      0.3673494937717     0.2029141105918    -0.0265570263467     1.0219567469780
      0.3638549313311     0.2064982948151    -0.0304904998986     0.9765543869495
      0.3604913147216     0.2099638184259    -0.0343774941207     0.9301721344997
      0.3572720441414     0.2132971301261    -0.0382147930449     0.8828557633121
      0.3542099691007     0.2164852193771    -0.0419992919788     0.8346519689323
      0.3513173375675     0.2195156676040    -0.0457279978770     0.7856083226858
      0.3486057474697     0.2223766970448    -0.0493980293676     0.7357732247302
      0.3460861007434     0.2250572170521    -0.0530066164446     0.6851958562906
      0.3437685601100     0.2275468676651    -0.0565510998399     0.6339261311234
      0.3416625087529     0.2298360602794    -0.0600289300876     0.5820146462574
      0.3397765130524     0.2319160152554    -0.0634376662970     0.5295126320608
      0.3381182885266     0.2337787963158    -0.0667749746490     0.4764719016830
      0.3366946691132     0.2354173415978    -0.0700386266338     0.4229447999213
      0.3355115799132     0.2368254912372    -0.0732264970468     0.3689841515625
      0.3345740135041     0.2379980113759    -0.0763365617624     0.3146432092520
      0.3338860099179     0.2389306144981    -0.0793668953036     0.2599756009391
      0.3334506403611     0.2396199760160    -0.0823156682279     0.2050352769531
      0.3332699947428     0.2400637470390    -0.0851811443510     0.1498764567608
      0.3333451730600     0.2402605632770    -0.0879616778270     0.0945535754583
      0.3336762806745     0.2402100500423    -0.0906557101074     0.0391212300502
      0.3342624275000     0.2399128233320    -0.0932617668012    -0.0163658744310
      0.3351017311043     0.2393704869855    -0.0957784544556    -0.0718529789122
      0.3361913237126     0.2385856259297    -0.0982044572807    -0.1272853243203
      0.3375273630868     0.2375617955387    -0.1005385338389    -0.1826082056228
      0.3391050472372     0.2363035071508    -0.1027795137207    -0.2377670258151
      0.3409186329092     0.2348162097993    -0.1049262942284    -0.2927073498011
      0.3429614577724     0.2331062682310    -0.1069778370877    -0.3473749581140
      0.3452259662255     0.2311809372993    -0.1089331652090    -0.4017159004245
      0.3477037387144     0.2290483328319    -0.1107913595175    -0.4556765487833
      0.3503855244503     0.2267173990917    -0.1125515558720    -0.5092036505450
      0.3532612773969     0.2241978729561    -0.1142129420902    -0.5622443809228
      0.3563201953874     0.2215002449598    -0.1157747551009    -0.6147463951194
      0.3595507622151     0.2186357173533    -0.1172362782372    -0.6666578799854
      0.3629407925345     0.2156161593442    -0.1185968386896    -0.7179276051526
      0.3664774793943     0.2124540596981    -0.1198558051326    -0.7685049735922
      0.3701474442159     0.2091624768864    -0.1210125855406    -0.8183400715478
      0.3739367890215     0.2057549869792    -0.1220666252050    -0.8673837177943
      0.3778311507046     0.2022456294890    -0.1230174049657    -0.9155875121741
      0.3818157571310     0.1986488513784    -0.1238644396666    -0.9629038833617
      0.3858754848481     0.1949794494563    -0.1246072768466    -1.0092861358115
      0.3899949181766     0.1912525113867    -0.1252454956724    -1.0546884958400
      0.3941584094503     0.1874833555468    -0.1257787061216    -1.0990661567994
      0.3983501401690     0.1836874699703    -0.1262065484213    -1.1423753232960
      0.4025541828215     0.1798804506186    -0.1265286927458    -1.1845732544114
      0.4067545631376     0.1760779392231    -0.1267448391781    -1.2256183058822
      0.4109353225215     0.1722955609455    -0.1268547179341    -1.2654699711979
      0.4150805804234     0.1685488621023    -0.1268580898524    -1.3040889215763
      0.4191745964014     0.1648532481995    -0.1267547471458    -1.3414370447758
      0.4232018316313     0.1612239225231    -0.1265445144135    -1.3774774827080
      0.4271470096209     0.1576758255290    -0.1262272499087    -1.4121746678118
      0.4309951758901     0.1542235752700    -0.1258028470569    -1.4454943581546
      0.4347317563824     0.1508814090985    -0.1252712362172    -1.4774036712247
      0.4383426143769     0.1476631268726    -0.1246323866791    -1.5078711163826
      0.4418141056778     0.1445820358931    -0.1238863088840    -1.5368666259383
      0.4451331318637     0.1416508977873    -0.1230330568624    -1.5643615848246
      0.4482871913866     0.1388818775502    -0.1220727308728    -1.5903288588365
      0.4512644283210     0.1362864949460    -0.1210054802303    -1.6147428214096
      0.4540536785694     0.1338755784606    -0.1198315063105    -1.6375793789105
      0.4566445133441     0.1316592219890    -0.1185510657122    -1.6588159944139
      0.4590272797535     0.1296467444270    -0.1171644735645    -1.6784317099443
      0.4611931383329     0.1278466523299    -0.1156721069585    -1.6964071671586
      0.4631340973734     0.1262666057842    -0.1140744084879    -1.7127246264509
      0.4648430439124     0.1249133876278    -0.1123718898776    -1.7273679844589
      0.4663137712656     0.1237928761415    -0.1105651356818    -1.7403227899560
      0.4675410029911     0.1229100213194    -0.1086548070314    -1.7515762581133
      0.4685204131925     0.1222688248124    -0.1066416454089    -1.7611172831165
      0.4692486430800     0.1218723236252    -0.1045264764305    -1.7689364491256
      0.4697233137268     0.1217225776306    -0.1023102136142    -1.7750260395680
      0.4699430349686     0.1218206609516    -0.0999938621109    -1.7793800447529
      0.4699074104134     0.1221666572455    -0.0975785223774    -1.7819941678031
      0.4696170385412     0.1227596589092    -0.0950653937688    -1.7828658288945
      0.4690735098903     0.1235977702091    -0.0924557780292    -1.7819941678031
      0.4682794003413     0.1246781143242    -0.0897510826572    -1.7793800447529
      0.4672382605261     0.1259968442742    -0.0869528241264    -1.7750260395680
      0.4659546014042     0.1275491576906    -0.0840626309377    -1.7689364491256
      0.4644338760629     0.1293293153728    -0.0810822464841    -1.7611172831165
      0.4626824578148     0.1313306635562    -0.0780135317062    -1.7515762581133
      0.4607076146783     0.1335456598045    -0.0748584675197    -1.7403227899560
      0.4585174803425     0.1359659024249    -0.0716191569938    -1.7273679844589
      0.4561210217322     0.1385821632908    -0.0682978272649    -1.7127246264509
      0.4535280033002     0.1413844239411    -0.0648968311653    -1.6964071671586
      0.4507489481887     0.1443619148163    -0.0614186485512    -1.6784317099443
      0.4477950964133     0.1475031574751    -0.0578658873149    -1.6588159944139
      0.4446783602352     0.1507960096255    -0.0542412840655    -1.6375793789105
      0.4414112768975     0.1542277127937    -0.0505477044653    -1.6147428214096
      0.4380069589124     0.1577849424420    -0.0467881432092    -1.5903288588365
      0.4344790420966     0.1614538603389    -0.0429657236362    -1.5643615848246
      0.4308416315587     0.1652201689743    -0.0390836969633    -1.5368666259383
      0.4271092458531     0.1690691678056    -0.0351454411332    -1.5078711163826
      0.4232967595208     0.1729858111127    -0.0311544592692    -1.4774036712247
      0.4194193442441     0.1769547672340    -0.0271143777312    -1.4454943581546
      0.4154924088463     0.1809604789499    -0.0230289437693    -1.4121746678118
      0.4115315383757     0.1849872247744    -0.0189020227723    -1.3774774827080
      0.4075524325121     0.1890191809150    -0.0147375951098    -1.3414370447758
      0.4035708435405     0.1930404836550    -0.0105397525689    -1.3040889215763
      0.3996025141358     0.1970352919118    -0.0063126943866    -1.2654699711979
      0.3956631152052     0.2009878497263    -0.0020607228836    -1.2256183058822
      0.3917681840326     0.2048825484346     0.0022117612981    -1.1845732544114
      0.3879330629696     0.2087039882778     0.0065002643449    -1.1423753232960
      0.3841728389149     0.2124370392068     0.0108002048009    -1.0990661567994
      0.3805022838213     0.2160669006414     0.0151069194677    -1.0546884958400
      0.3769357964646     0.2195791599486     0.0194156696627    -1.0092861358115
      0.3734873457044     0.2229598494087     0.0237216478233    -0.9629038833617
      0.3701704154599     0.2261955014446     0.0280199844432    -0.9155875121741
      0.3669979516196     0.2292732018960     0.0323057553247    -0.8673837177943
      0.3639823110921     0.2321806411286     0.0365739891311    -0.8183400715478
      0.3611352132001     0.2349061627752     0.0408196752203    -0.7685049735922
      0.3584676936097     0.2374388099184     0.0450377717408    -0.7179276051526
      0.3559900609748     0.2397683685299     0.0492232139690    -0.6666578799854
      0.3537118564704     0.2418854079969     0.0533709228673    -0.6147463951194
      0.3516418163711     0.2437813185741     0.0574758138400    -0.5622443809228
      0.3497878378247     0.2454483456139     0.0615328056632    -0.5092036505450
      0.3481569479544     0.2468796204390     0.0655368295653    -0.4556765487833
      0.3467552764121     0.2480691877361     0.0694828384321    -0.4017159004245
      0.3455880314898     0.2490120293616     0.0733658161116    -0.3473749581140
      0.3446594798844     0.2497040844645     0.0771807867925    -0.2927073498011
      0.3439729301942     0.2501422658490     0.0809228244282    -0.2377670258151
      0.3435307202127     0.2503244725089     0.0845870621809    -0.1826082056228
      0.3433342080696     0.2502495982865     0.0881687018573    -0.1272853243203
      0.3433837672521     0.2499175366200     0.0916630233089    -0.0718529789122
      0.3436787855285     0.2493291813605     0.0950653937688    -0.0163658744310
      0.3442176677752     0.2484864236564     0.0983712770977     0.0391212300502
      0.3449978426968     0.2473921449139     0.1015762429109     0.0945535754583
      0.3460157734134     0.2460502058653     0.1046759755597     0.1498764567608
      0.3472669718700     0.2444654317836     0.1076662829399     0.2050352769531
      0.3487460170140     0.2426435939041     0.1105431051004     0.2599756009391
      0.3504465766661     0.2405913871247     0.1133025226261     0.3146432092520
      0.3523614329994     0.2383164040732     0.1159407647694     0.3689841515625
      0.3544825115243     0.2358271056419     0.1184542173060     0.4229447999213
      0.3568009134659     0.2331327881073     0.1208394300896     0.4764719016830
      0.3593069514038     0.2302435469630     0.1230931242838     0.5295126320608
      0.3619901880352     0.2271702376075     0.1252121992484     0.5820146462574
      0.3648394779056     0.2239244330437     0.1271937390581     0.6339261311234
      0.3678430119438     0.2205183787535     0.1290350186351     0.6851958562906
      0.3709883646237     0.2169649449275     0.1307335094753     0.7357732247302
      0.3742625435663     0.2132775762368     0.1322868849509     0.7856083226858
      0.3776520413867     0.2094702393444     0.1336930251740     0.8346519689323
      0.3811428895790     0.2055573683634     0.1349500214041     0.8828557633121
      0.3847207142282     0.2015538084756     0.1360561799890     0.9301721344997
      0.3883707933262     0.1974747579344     0.1370100258237     0.9765543869495
      0.3920781154673     0.1933357086774     0.1378103053204     1.0219567469780
      0.3958274396895     0.1891523857859     0.1384559888771     1.0663344079374
      0.3996033562252     0.1849406860265     0.1389462728409     1.1096435744340
      0.4033903479219     0.1807166157190     0.1392805809575     1.1518415055494
      0.4071728520881     0.1764962281736     0.1394585653049     1.1928865570202
      0.4109353225215     0.1722955609455     0.1394801067073     1.2327382223359
      0.4146622914729     0.1681305731518     0.1393453146305     1.2713571727143
      0.4183384313010     0.1640170830991     0.1390545265575     1.3087052959138
      0.4219486155751     0.1599707064669     0.1386083068487     1.3447457338460
      0.4254779793818     0.1560067952898     0.1380074450900     1.3794429189498
      0.4289119785994     0.1521403779793     0.1372529539359     1.4127626092926
      0.4322364479043     0.1483861006204     0.1363460664531     1.4446719223627
      0.4354376572797     0.1447581697754     0.1352882329765     1.4751393675206
      0.4385023668034     0.1412702970187     0.1340811174858     1.5041348770763
      0.4414178794985     0.1379356454221     0.1327265935166     1.5316298359626
      0.4441720920362     0.1347667781998     0.1312267396187     1.5575971099745
      0.4467535430916     0.1317756097166     0.1295838343776     1.5820110725476
      0.4491514591601     0.1289733590514     0.1278003510143     1.6048476300485
      0.4513557976536     0.1263705062985     0.1258789515832     1.6260842455519
      0.4533572871057     0.1239767517792     0.1238224807848     1.6456999610823
      0.4551474643261     0.1218009783231     0.1216339594155     1.6636754182966
      0.4567187083578     0.1198512167686     0.1193165774737     1.6799928775889
      0.4580642711024     0.1181346148179     0.1168736869460     1.6946362355969
      0.4591783044916     0.1166574093676     0.1143087942966     1.7075910410940
      0.4600558840974     0.1154249024257     0.1116255526823     1.7188445092513
      0.4606930290877     0.1144414407076     0.1088277539199     1.7283855342545
      0.4610867184472     0.1137103989924     0.1059193202301     1.7362047002636
      0.4612349034002     0.1132341673040     0.1029042957843     1.7422942907060
      0.4611365159844     0.1130141419674     0.0997868380806     1.7466482958909
      0.4607914737426     0.1130507205747     0.0965712091760     1.7492624189411
      0.4602006805127     0.1133433008807     0.0932617668012     1.7501340800325
      0.2939280889704     0.0497515871495     0.0494172783103     0.8818012259705
      0.2930837025273     0.0496928967930     0.0463961165613     0.8813401041727
      0.2921278254143     0.0498029637471     0.0433422591503     0.8799571938509
      0.2910628364171     0.0500799600032     0.0402626530129     0.8776538597705
      0.2898915937318     0.0505214475548     0.0371642033062     0.8744323750443
      0.2886174250119     0.0511243893459     0.0340537513372     0.8702959188886
      0.2872441155136     0.0518851625349     0.0309380528794     0.8652485734865
      0.2857758943836     0.0527995740194     0.0278237569581     0.8592953199583
      0.2842174191442     0.0538628781590     0.0247173851833     0.8524420334466
      0.2825737584338     0.0550697966269     0.0216253117045     0.8446954773177
      0.2808503730711     0.0564145403080     0.0185537438635     0.8360632964873
      0.2790530955164     0.0578908331589     0.0155087036139     0.8265540098757
      0.2771881078096     0.0594919379328     0.0124960097748     0.8161770020008
      0.2752619180717     0.0612106836671     0.0095212611842     0.8049425137164
      0.2732813356610     0.0630394948251     0.0065898208112     0.7928616321061
      0.2712534450820     0.0649704219750     0.0037068008841     0.7799462795416
      0.2691855787480     0.0669951738853     0.0008770490870     0.7662092019165
      0.2670852887059     0.0691051509084    -0.0018948641276     0.7516639560680
      0.2649603174320     0.0712914795201    -0.0046046570649     0.7363248963976
      0.2628185678159     0.0735450478788    -0.0072483471157     0.7202071607053
      0.2606680724478     0.0758565422629    -0.0098222598504     0.7033266552504
      0.2585169623325     0.0782164842419    -0.0123230368496     0.6857000390537
      0.2563734351510     0.0806152684352    -0.0147476422482     0.6673447074573
      0.2542457231961     0.0830432007077    -0.0170933679723     0.6482787749574
      0.2521420611075     0.0854905366528    -0.0193578376562     0.6285210573276
      0.2500706535339     0.0879475202090    -0.0215390092302     0.6080910530498
      0.2480396428490     0.0904044222591    -0.0236351761750     0.5870089240716
      0.2460570770498     0.0928515790588    -0.0256449674458     0.5652954759090
      0.2441308779622     0.0952794303426    -0.0275673460721     0.5429721371140
      0.2422688098814     0.0976785569581    -0.0294016064459     0.5200609381268
      0.2404784487690     0.1000397178782    -0.0311473703154     0.4965844895347
      0.2387671521302     0.1023538864474    -0.0328045815074     0.4725659597580
      0.2371420296892     0.1046122857176    -0.0343734994047     0.4480290521859
      0.2356099149786     0.1068064227356    -0.0358546912123     0.4229979817838
      0.2341773379567     0.1089281216463    -0.0372490230484     0.3974974511962
      0.2328504987593     0.1109695554823    -0.0385576499026     0.3715526263679
      0.2316352426915     0.1129232765138    -0.0397820045075     0.3451891117088
      0.2305370365579     0.1147822450407    -0.0409237851733     0.3184329248249
      0.2295609464261     0.1165398565131    -0.0419849426410     0.2913104708424
      0.2287116169104     0.1181899668739    -0.0429676660114     0.2638485163488
      0.2279932520598     0.1197269160249    -0.0438743678125     0.2360741629777
      0.2274095979257     0.1211455493235    -0.0447076682702     0.2080148206625
      0.2269639268787     0.1224412370265    -0.0454703788496     0.1796981805866
      0.2266590237381     0.1236098916058    -0.0461654851402     0.1511521878550
      0.2264971737685     0.1246479828669    -0.0467961291556     0.1224050139161
      0.2264801525937     0.1255525508138    -0.0473655911254     0.0934850287598
      0.2266092180669     0.1263212162083    -0.0478772708564     0.0644207729200
      0.2268851041313     0.1269521887851    -0.0483346687417     0.0352409293083
      0.2273080166969     0.1274442730899    -0.0487413664995     0.0059742949073
      0.2278776315499     0.1277968719197    -0.0491010077207    -0.0233502476481
      0.2285930943054     0.1280099873525    -0.0494172783103    -0.0527037585750
      0.2294530224034     0.1280842193639    -0.0496938869021    -0.0820572695019
      0.2304555091433     0.1280207620367    -0.0499345453307    -0.1113818120573
      0.2315981297414     0.1278213973815    -0.0501429492424    -0.1406484464583
      0.2328779493885     0.1274884867917    -0.0503227589252    -0.1698282900700
      0.2342915332787     0.1270249601711    -0.0504775804400    -0.1988925459098
      0.2358349585701     0.1264343027751    -0.0506109471296    -0.2278125310661
      0.2375038282320     0.1257205398226    -0.0507263015842    -0.2565597050050
      0.2392932867264     0.1248882189378    -0.0508269781387    -0.2851056977366
      0.2411980374622     0.1239423904954    -0.0509161859733    -0.3134223378125
      0.2432123619564     0.1228885859458    -0.0509969928892    -0.3414816801277
      0.2453301406269     0.1217327942107    -0.0510723098265    -0.3692560334988
      0.2475448751379     0.1204814362410    -0.0511448761886    -0.3967179879924
      0.2498497122106     0.1191413378414    -0.0512172460343    -0.4238404419749
      0.2522374688073     0.1177197008695    -0.0512917751945    -0.4505966288588
      0.2547006585920     0.1162240729252    -0.0513706093686    -0.4769601435179
      0.2572315195634     0.1146623156523    -0.0514556732481    -0.5029049683462
      0.2598220427549     0.1130425717786    -0.0515486607146    -0.5284054989338
      0.2624640018892     0.1113732310274    -0.0516510261517    -0.5534365693359
      0.2651489838723     0.1096628950356    -0.0517639769078    -0.5779734769080
      0.2678684200089     0.1079203414201    -0.0518884669408    -0.6019920066847
      0.2706136178187     0.1061544871356    -0.0520251916724    -0.6254684552768
      0.2733757933277     0.1043743512698    -0.0521745840719    -0.6483796542640
      0.2761461037119     0.1025890174265    -0.0523368119882    -0.6707029930590
      0.2789156801645     0.1008075958454    -0.0525117767394    -0.6924164412216
      0.2816756608598     0.0990391854109    -0.0526991129680    -0.7134985701998
      0.2844172238854     0.0972928357016    -0.0528981897621    -0.7339285744776
      0.2871316200152     0.0955775092325    -0.0531081130381    -0.7536862921074
      0.2898102051948     0.0939020440408    -0.0533277291760    -0.7727522246073
      0.2924444726151     0.0922751167647    -0.0535556298938    -0.7911075562037
      0.2950260842468     0.0907052063638    -0.0537901583391    -0.8087341724004
      0.2975469017159     0.0892005586249    -0.0540294163758    -0.8256146778553
      0.2999990163990     0.0877691515968    -0.0542712730349    -0.8417324135476
      0.3023747786219     0.0864186620911    -0.0545133740955    -0.8570714732180
      0.3046668258481     0.0851564333847    -0.0547531527575    -0.8716167190665
      0.3068681097485     0.0839894442517    -0.0549878413613    -0.8853537966916
      0.3089719220467     0.0829242794506    -0.0552144841084    -0.8982691492561
      0.3109719190402     0.0819671017836    -0.0554299507294    -0.9103500308664
      0.3128621447029     0.0811236258422    -0.0556309510442    -0.9215845191508
      0.3146370522790     0.0803990935418    -0.0558140503545    -0.9319615270257
      0.3162915242857     0.0797982515468    -0.0559756856061    -0.9414708136373
      0.3178208908468     0.0793253306753    -0.0561121822535    -0.9501029944677
      0.3192209462878     0.0789840273662    -0.0562197717587    -0.9578495505966
      0.3204879639272     0.0787774872858    -0.0562946096513    -0.9647028371083
      0.3216187090095     0.0787082911374    -0.0563327940757    -0.9706560906365
      0.3226104497285     0.0787784427347    -0.0563303847494    -0.9757034360386
      0.3234609663005     0.0789893593853    -0.0562834222532    -0.9798398921943
      0.3241685580530     0.0793418646254    -0.0561879475739    -0.9830613769205
      0.3247320485021     0.0798361833354    -0.0560400218190    -0.9853647110009
      0.3251507884009     0.0804719392574    -0.0558357460208    -0.9867476213227
      0.3254246567477     0.0812481549268    -0.0555712809475    -0.9872087431205
      0.3255540597520     0.0821632540177    -0.0552428668395    -0.9867476213227
      0.3255399277639     0.0832150660968    -0.0548468429878    -0.9853647110009
      0.3253837101806     0.0844008337668    -0.0543796670732    -0.9830613769205
      0.3250873683504     0.0857172221734    -0.0538379341843    -0.9798398921943
      0.3246533665053     0.0871603308392    -0.0532183954348    -0.9757034360386
      0.3240846607581     0.0887257077794    -0.0525179761018    -0.9706560906365
      0.3233846862089     0.0904083658446    -0.0517337932073    -0.9647028371083
      0.3225573422134     0.0922028012282    -0.0508631724696    -0.9578495505966
      0.3216069758715     0.0941030140646    -0.0499036645504    -0.9501029944677
      0.3205383638044     0.0961025310413    -0.0488530605295    -0.9414708136373
      0.3193566922899     0.0981944299325    -0.0477094065395    -0.9319615270257
      0.3180675358393     0.1003713659625    -0.0464710174966    -0.9215845191508
      0.3166768342975     0.1026255998930    -0.0451364898685    -0.9103500308664
      0.3151908685608     0.1049490277248    -0.0437047134214    -0.8982691492561
      0.3136162350065     0.1073332118995    -0.0421748818953    -0.8853537966916
      0.3119598187381     0.1097694138754    -0.0405465025578    -0.8716167190665
      0.3102287657509     0.1122486279534    -0.0388194045932    -0.8570714732180
      0.3084304541289     0.1147616162170    -0.0369937462879    -0.8417324135476
      0.3065724643879     0.1172989444508    -0.0350700209755    -0.8256146778553
      0.3046625490816     0.1198510188966    -0.0330490617138    -0.8087341724004
      0.3027086017910     0.1224081237004    -0.0309320446673    -0.7911075562037
      0.3007186256215     0.1249604589056    -0.0287204911762    -0.7727522246073
      0.2987007013294     0.1274981788410    -0.0264162684957    -0.7536862921074
      0.2966629552073     0.1300114307526    -0.0240215891978    -0.7339285744776
      0.2946135268528     0.1324903935279    -0.0215390092302    -0.7134985701998
      0.2925605369489     0.1349253163589    -0.0189714246334    -0.6924164412216
      0.2905120551831     0.1373065571920    -0.0163220669224    -0.6707029930590
      0.2884760684327     0.1396246208131    -0.0135944971441    -0.6483796542640
      0.2864604493399     0.1418701964166    -0.0107925986282    -0.6254684552768
      0.2844729254027     0.1440341945119    -0.0079205684521    -0.6019920066847
      0.2825210487022     0.1461077830194    -0.0049829076477    -0.5779734769080
      0.2806121663860     0.1480824224145    -0.0019844101817    -0.5534365693359
      0.2787533920236     0.1499498997806     0.0010698492533    -0.5284054989338
      0.2769515779468     0.1517023616364     0.0041745285963    -0.5029049683462
      0.2752132886838     0.1533323454068     0.0073240328769    -0.4769601435179
      0.2735447755912     0.1548328094136     0.0105125297252    -0.4505966288588
      0.2719519527838     0.1561971612666     0.0137339658794    -0.4238404419749
      0.2704403744558     0.1574192845428     0.0169820846304    -0.3967179879924
      0.2690152136839     0.1584935636474     0.0202504441420    -0.3692560334988
      0.2676812427931     0.1594149067581     0.0235324365805    -0.3414816801277
      0.2664428153634     0.1601787667612     0.0268213079847    -0.3134223378125
      0.2653038499478     0.1607811600956     0.0301101788033    -0.2851056977366
      0.2642678155634     0.1612186834311     0.0333920650252    -0.2565597050050
      0.2633377190130     0.1614885281114     0.0366598998255    -0.2278125310661
      0.2625160940871     0.1615884923071     0.0399065556466    -0.1988925459098
      0.2618049926855     0.1615169908269     0.0431248666341    -0.1698282900700
      0.2612059778948     0.1612730625486     0.0463076513444    -0.1406484464583
      0.2607201190465     0.1608563754396     0.0494477356386    -0.1113818120573
      0.2603479887747     0.1602672291444     0.0525379756800    -0.0820572695019
      0.2600896620828     0.1595065551299     0.0555712809475    -0.0527037585750
      0.2599447174236     0.1585759143841     0.0585406371803    -0.0233502476481
      0.2599122397847     0.1574774926782     0.0614391291682     0.0059742949073
      0.2599908257672     0.1562140934073     0.0642599633027     0.0352409293083
      0.2601785906356     0.1547891280389     0.0669964898034     0.0644207729200
      0.2604731773103     0.1532066042027     0.0696422245377     0.0934850287598
      0.2608717672645     0.1514711114694     0.0721908703520     0.1224050139161
      0.2613710932817     0.1495878048722     0.0746363378334     0.1511521878550
      0.2619674540223     0.1475623862337     0.0769727654250     0.1796981805866
      0.2626567303387     0.1454010833718     0.0791945388192     0.2080148206625
      0.2634344032743     0.1431106272637     0.0812963095551     0.2360741629777
      0.2642955736730     0.1406982272567     0.0832730127520     0.2638485163488
      0.2652349833194     0.1381715444224     0.0851198839104     0.2913104708424
      0.2662470375264     0.1355386631572     0.0868324747186     0.3184329248249
      0.2673258290771     0.1328080611393     0.0884066678047     0.3451891117088
      0.2684651634258     0.1299885777591     0.0898386903797     0.3715526263679
      0.2696585850568     0.1270893811457     0.0911251267189     0.3974974511962
      0.2708994048946     0.1241199339183     0.0922629294354     0.4229979817838
      0.2721807286561     0.1210899577943     0.0932494295045     0.4480290521859
      0.2734954860302     0.1180093971935     0.0940823449989     0.4725659597580
      0.2748364605679     0.1148883819791     0.0947597885050     0.4965844895347
      0.2761963201640     0.1117371894809     0.0952802731893     0.5200609381268
      0.2775676480061     0.1085662059482     0.0956427174963     0.5429721371140
      0.2789429738689     0.1053858875835     0.0958464484561     0.5652954759090
      0.2803148056269     0.1022067213079     0.0958912035934     0.5870089240716
      0.2816756608598     0.0990391854109     0.0957771314284     0.6080910530498
      0.2830180984229     0.0958937102391     0.0955047905706     0.6285210573276
      0.2843347498581     0.0927806390755     0.0950751474062     0.6482787749574
      0.2856183505164     0.0897101893624     0.0944895723922     0.6673447074573
      0.2868617702698     0.0866924144194     0.0937498349679     0.6857000390537
      0.2880580436878     0.0837371658048     0.0928580971066     0.7033266552504
      0.2892003995579     0.0808540564670     0.0918169055309     0.7202071607053
      0.2902822896321     0.0780524248299     0.0906291826213     0.7363248963976
      0.2912974164822     0.0753412999515     0.0892982160545     0.7516639560680
      0.2922397603546     0.0727293678913     0.0878276472095     0.7662092019165
      0.2931036049146     0.0702249394179     0.0862214583870     0.7799462795416
      0.2938835617769     0.0678359191808     0.0844839588908     0.7928616321061
      0.2945745937243     0.0655697764678     0.0826197700234     0.8049425137164
      0.2951720365214     0.0634335176607     0.0806338090548     0.8161770020008
      0.2956716192330     0.0614336604957     0.0785312722240     0.8265540098757
      0.2960694829678     0.0595762102289     0.0763176168382     0.8360632964873
      0.2963621979704     0.0578666377988     0.0739985425390     0.8446954773177
      0.2965467789919     0.0563098600704     0.0715799718050     0.8524420334466
      0.2966206988776     0.0549102222361     0.0690680297663     0.8592953199583
      0.2965819003152     0.0536714824430     0.0664690234058     0.8652485734865
      0.2964288056969     0.0525967987031     0.0637894202283     0.8702959188886
      0.2961603250534     0.0516887181382     0.0610358264754     0.8744323750443
      0.2957758620272     0.0509491685996     0.0582149649712     0.8776538597705
      0.2952753178607     0.0503794526939     0.0553336526799     0.8799571938509
      0.2946590933807     0.0499802442372     0.0523987780615     0.8813401041727
      0.2939280889704     0.0497515871495     0.0494172783103     0.8818012259705
      0.2022842156402     0.0003004713595     0.0259082653686     0.4463424097696
      0.2015545458261     0.0001060756377     0.0231134244561     0.4460879390904
      0.2007821544096     0.0000598838965     0.0203136114513     0.4453247781847
      0.1999684914260     0.0001604801929     0.0175169485310     0.4440536802001
      0.1991152257506     0.0004059252383     0.0147314632144     0.4422758995570
      0.1982242400341     0.0007937655743     0.0119650596528     0.4399931907100
      0.1972976247383     0.0013210447205     0.0092254904835     0.4372078064174
      0.1963376712931     0.0019843162497     0.0065203293572     0.4339224955171
      0.1953468644008     0.0027796587367     0.0038569442444     0.4301405002142
      0.1943278735168     0.0037026925213     0.0012424716216     0.4258655528817
      0.1932835435388     0.0047485982172    -0.0013162083627     0.4211018723763
      0.1922168847409     0.0059121368931    -0.0038124956476     0.4158541598757
      0.1911310619897     0.0071876718452    -0.0062400928554     0.4101275942384
      0.1900293832852     0.0085691918733    -0.0085930266369     0.4039278268935
      0.1889152876700     0.0100503359691    -0.0108656676854     0.3972609762626
      0.1877923325540     0.0116244193170    -0.0130527493445     0.3901336217227
      0.1866641805028     0.0132844605041    -0.0151493847390     0.3825527971119
      0.1855345855433     0.0150232098322    -0.0171510823661     0.3745259837891
      0.1844073790364     0.0168331786177    -0.0190537600880     0.3660611032499
      0.1832864551753     0.0187066693650    -0.0208537574743     0.3571665093093
      0.1821757561641     0.0206358066915    -0.0225478464503     0.3478509798578
      0.1810792571345     0.0226125688838    -0.0241332402119     0.3381237081982
      0.1800009508612     0.0246288199587    -0.0256076003759     0.3279942939733
      0.1789448323341     0.0266763421018    -0.0269690423415     0.3174727336920
      0.1779148832494     0.0287468683576    -0.0282161388454     0.3065694108639
      0.1769150564792     0.0308321154385    -0.0293479217010     0.2952950857524
      0.1759492605820     0.0329238165259    -0.0303638817175     0.2836608847552
      0.1750213444139     0.0350137539322    -0.0312639668037     0.2716782894241
      0.1741350819026     0.0370937914957    -0.0320485782686     0.2593591251338
      0.1732941570424     0.0391559065796    -0.0327185653355     0.2467155494124
      0.1725021491719     0.0411922215499    -0.0332752178966     0.2337600399426
      0.1717625185904     0.0431950346080    -0.0337202575403     0.2205053822480
      0.1710785925716     0.0451568498554    -0.0340558268895     0.2069646570755
      0.1704535518295     0.0470704064740    -0.0342844772979     0.1931512274862
      0.1698904174902     0.0489287069059    -0.0344091549562     0.1790787256673
      0.1693920386219     0.0507250439226    -0.0344331854669     0.1647610394791
      0.1689610803724     0.0524530264765    -0.0343602569517     0.1502122987492
      0.1686000127620     0.0541066042349    -0.0341944017632     0.1354468613284
      0.1683111001763     0.0556800906986    -0.0339399768755     0.1204792989206
      0.1680963916011     0.0571681848152    -0.0336016430354     0.1053243827029
      0.1679577116394     0.0585659910034    -0.0331843427599     0.0899970687480
      0.1678966523460     0.0598690375092    -0.0326932772703     0.0745124832641
      0.1679145659134     0.0610732930226    -0.0321338824579     0.0588859076678
      0.1680125582385     0.0621751814908    -0.0315118039788     0.0431327635025
      0.1681914833972     0.0631715950704    -0.0308328715803     0.0272685972197
      0.1684519390490     0.0640599051675    -0.0301030727632     0.0113090648360
      0.1687942627920     0.0648379715254    -0.0293285258871    -0.0047300835168
      0.1692185294823     0.0655041493234    -0.0285154528284    -0.0208330191357
      0.1697245495322     0.0660572942611    -0.0276701513017    -0.0369838503675
      0.1703118681926     0.0664967656089    -0.0267989669576    -0.0531666382916
      0.1709797658258     0.0668224272151    -0.0259082653686    -0.0693654124500
      0.1717272591684     0.0670346464654    -0.0250044040188    -0.0855641866084
      0.1725531035806     0.0671342912023    -0.0240937044082    -0.1017469745325
      0.1734557962754     0.0671227246172    -0.0231824243866    -0.1178978057643
      0.1744335805162     0.0670017981371    -0.0222767308281    -0.1340007413832
      0.1754844507673     0.0667738423356    -0.0213826727565    -0.1500398897360
      0.1766061587801     0.0664416559064    -0.0205061550299    -0.1659994221197
      0.1777962205918     0.0660084927438    -0.0196529126925    -0.1818635884025
      0.1790519244110     0.0654780471837    -0.0188284860943    -0.1976167325678
      0.1803703393610     0.0648544374651    -0.0180381968817    -0.2132433081641
      0.1817483250487     0.0641421874788    -0.0172871249547    -0.2287278936480
      0.1831825419220     0.0633462068783    -0.0165800864831    -0.2440552076029
      0.1846694623789     0.0624717696320    -0.0159216130721    -0.2592101238206
      0.1862053825844     0.0615244911049    -0.0153159321592    -0.2741776862284
      0.1877864349520     0.0605103037615    -0.0147669487235    -0.2889431236492
      0.1894086012419     0.0594354315875    -0.0142782283795    -0.3034918643791
      0.1910677262272     0.0583063633345    -0.0138529819248    -0.3178095505673
      0.1927595318749     0.0571298246947    -0.0134940514031    -0.3318820523862
      0.1944796319901     0.0559127495174    -0.0132038977394    -0.3456954819755
      0.1962235472651     0.0546622501840    -0.0129845899976    -0.3592362071480
      0.1979867206785     0.0533855872597    -0.0128377963024    -0.3724908648426
      0.1997645331851     0.0520901385443    -0.0127647764644    -0.3854463743124
      0.2015523196361     0.0507833676472    -0.0127663763363    -0.3980899500338
      0.2033453848703     0.0494727922112    -0.0128430239246    -0.4104091143241
      0.2051390199141     0.0481659519145    -0.0129947272716    -0.4223917096552
      0.2069285182296     0.0468703763789    -0.0132210741176    -0.4340259106524
      0.2087091919478     0.0455935531125    -0.0135212333433    -0.4453002357639
      0.2104763880265     0.0443428956167    -0.0138939581889    -0.4562035585920
      0.2122255042701     0.0431257117856    -0.0143375912359    -0.4667251188733
      0.2139520051518     0.0419491727233    -0.0148500711319    -0.4768545330982
      0.2156514373765     0.0408202821070    -0.0154289410324    -0.4865818047578
      0.2173194451265     0.0397458462175    -0.0160713587257    -0.4958973342093
      0.2189517849320     0.0387324447567    -0.0167741083997    -0.5047919281499
      0.2205443401090     0.0377864025731    -0.0175336140050    -0.5132568086891
      0.2220931347115     0.0369137624044    -0.0183459541604    -0.5212836220119
      0.2235943469437     0.0361202587516    -0.0192068785399    -0.5288644466227
      0.2250443219822     0.0354112929868    -0.0201118256782    -0.5359918011626
      0.2264395841603     0.0347919097960    -0.0210559421207    -0.5426586517935
      0.2277768484673     0.0342667750535    -0.0220341028435    -0.5488584191384
      0.2290530313205     0.0338401552150    -0.0230409328599    -0.5545849847757
      0.2302652605702     0.0335158983147    -0.0240708299278    -0.5598326972763
      0.2314108846979     0.0332974166433    -0.0251179882668    -0.5645963777817
      0.2324874811767     0.0331876711761    -0.0261764231891    -0.5688713251142
      0.2334928639603     0.0331891578166    -0.0272399965464    -0.5726533204171
      0.2344250900749     0.0333038955103    -0.0283024428891    -0.5759386313174
      0.2352824652888     0.0335334162789    -0.0293573962346    -0.5787240156100
      0.2360635488398     0.0338787572150    -0.0303984173349    -0.5810067244570
      0.2367671572044     0.0343404544718    -0.0314190213358    -0.5827845051001
      0.2373923668937     0.0349185392734    -0.0324127057146    -0.5840556030847
      0.2379385162698     0.0356125359620    -0.0333729783849    -0.5848187639904
      0.2384052063742     0.0364214620935    -0.0342933858546    -0.5850732346696
      0.2387923007692     0.0373438305808    -0.0351675413237    -0.5848187639904
      0.2390999243935     0.0383776538804    -0.0359891526082    -0.5840556030847
      0.2393284614379     0.0395204502048    -0.0367520497776    -0.5827845051001
      0.2394785522520     0.0407692517397    -0.0374502123939    -0.5810067244570
      0.2395510892949     0.0421206148352    -0.0380777962413    -0.5787240156100
      0.2395472121478     0.0435706321301    -0.0386291594395    -0.5759386313174
      0.2394683016094     0.0451149465660    -0.0390988878327    -0.5726533204171
      0.2393159728989     0.0467487672348    -0.0394818195527    -0.5688713251142
      0.2390920679951     0.0484668869996    -0.0397730686553    -0.5645963777817
      0.2387986471418     0.0502637018202    -0.0399680477329    -0.5598326972763
      0.2384379795564     0.0521332317087    -0.0400624894121    -0.5545849847757
      0.2380125333776     0.0540691432331    -0.0400524666470    -0.5488584191384
      0.2375249648932     0.0560647734813    -0.0399344117248    -0.5426586517935
      0.2369781070933     0.0581131553924    -0.0397051339064    -0.5359918011626
      0.2363749575925     0.0602070443555    -0.0393618356273    -0.5288644466227
      0.2357186659711     0.0623389459724    -0.0389021271918    -0.5212836220119
      0.2350125205866     0.0645011448754    -0.0383240398998    -0.5132568086891
      0.2342599349063     0.0666857344876    -0.0376260375497    -0.5047919281499
      0.2334644334180     0.0688846476077    -0.0368070262684    -0.4958973342093
      0.2326296371731     0.0710896877005    -0.0358663626267    -0.4865818047578
      0.2317592490207     0.0732925607700    -0.0348038600030    -0.4768545330982
      0.2308570385912     0.0754849076887    -0.0336197931682    -0.4667251188733
      0.2299268270893     0.0776583368570    -0.0323149010680    -0.4562035585920
      0.2289724719561     0.0798044570643    -0.0308903877891    -0.4453002357639
      0.2279978514616     0.0819149104209    -0.0293479217010    -0.4340259106524
      0.2270068492886     0.0839814052326    -0.0276896327737    -0.4223917096552
      0.2260033391691     0.0859957486874    -0.0259181080771    -0.4104091143241
      0.2249911696326     0.0879498792257    -0.0240363854763    -0.3980899500338
      0.2239741489286     0.0898358984658    -0.0220479455444    -0.3854463743124
      0.2229560301809     0.0916461025590    -0.0199567017202    -0.3724908648426
      0.2219404968331     0.0933730128507    -0.0177669887461    -0.3592362071480
      0.2209311484415     0.0950094057253    -0.0154835494277    -0.3456954819755
      0.2199314868728     0.0965483415173    -0.0131115197642    -0.3318820523862
      0.2189449029585     0.0979831923742    -0.0106564125034    -0.3178095505673
      0.2179746636604     0.0993076689611    -0.0081240991841    -0.3034918643791
      0.2170238997957     0.1005158458998    -0.0055207907307    -0.2889431236492
      0.2160955943701     0.1016021858430    -0.0028530166753    -0.2741776862284
      0.2151925715642     0.1025615620865    -0.0001276030839    -0.2592101238206
      0.2143174864166     0.1033892796308     0.0026483507292    -0.2440552076029
      0.2134728152424     0.1040810946065     0.0054674966103    -0.2287278936480
      0.2126608468243     0.1046332319875     0.0083222630066    -0.2132433081641
      0.2118836744115     0.1050424015207     0.0112048813393    -0.1976167325678
      0.2111431885548     0.1053058118071     0.0141074132112    -0.1818635884025
      0.2104410708067     0.1054211824799     0.0170217783427    -0.1659994221197
      0.2097787883099     0.1053867544283     0.0199397831309    -0.1500398897360
      0.2091575892934     0.1052012980268     0.0228531497212    -0.1340007413832
      0.2085784994942     0.1048641193353     0.0257535454802    -0.1178978057643
      0.2080423195161     0.1043750642450     0.0286326127578    -0.1017469745325
      0.2075496231357     0.1037345205521     0.0314819988223    -0.0855641866084
      0.2071007565598     0.1029434179491     0.0342933858546    -0.0693654124500
      0.2066958386363     0.1020032259333     0.0370585208864    -0.0531666382916
      0.2063347620163     0.1009159496380     0.0397692455650    -0.0369838503675
      0.2060171952606     0.0996841236023     0.0424175256332    -0.0208330191357
      0.2057425858812     0.0983108035021     0.0449954800076    -0.0047300835168
      0.2055101643037     0.0967995558721     0.0474954093450     0.0113090648360
      0.2053189487338     0.0951544458602     0.0499098239860     0.0272685972197
      0.2051677509057     0.0933800230577     0.0522314711679     0.0431327635025
      0.2050551826893     0.0914813054619     0.0544533614026     0.0588859076678
      0.2049796635271     0.0894637616312     0.0565687939155     0.0745124832641
      0.2049394286708     0.0873332911009     0.0585713810503     0.0899970687480
      0.2049325381807     0.0850962031370     0.0604550715428     0.1053243827029
      0.2049568866539     0.0827591939069     0.0622141725744     0.1204792989206
      0.2050102136372     0.0803293221577     0.0638433705208     0.1354468613284
      0.2050901146847     0.0778139834941     0.0653377503153     0.1502122987492
      0.2051940530117     0.0752208833572     0.0666928133513     0.1647610394791
      0.2053193716989     0.0725580088062     0.0679044938556     0.1790787256673
      0.2054633063952     0.0698335992149     0.0689691736690     0.1931512274862
      0.2056229984672     0.0670561159945     0.0698836953771     0.2069646570755
      0.2057955085416     0.0642342114605     0.0706453737403     0.2205053822480
      0.2059778303843     0.0613766969655     0.0712520053794     0.2337600399426
      0.2061669050597     0.0584925104190     0.0717018766793     0.2467155494124
      0.2063596353115     0.0555906833226     0.0719937698804     0.2593591251338
      0.2065529001063     0.0526803074471     0.0721269673341     0.2716782894241
      0.2067435692804     0.0497705012807     0.0721012539061     0.2836608847552
      0.2069285182296     0.0468703763789     0.0719169175196     0.2952950857524
      0.2071046425816     0.0439890037462     0.0715747478345     0.3065694108639
      0.2072688727905     0.0411353803808     0.0710760330697     0.3174727336920
      0.2074181885947     0.0383183961102     0.0704225549808     0.3279942939733
      0.2075496332772     0.0355468008486     0.0696165820118     0.3381237081982
      0.2076603276707     0.0328291724012     0.0686608606493     0.3478509798578
      0.2077474838500     0.0301738849410     0.0675586050122     0.3571665093093
      0.2078084184549     0.0275890782797     0.0663134847169     0.3660611032499
      0.2078405655888     0.0250826280528     0.0649296110671     0.3745259837891
      0.2078414892398     0.0226621169327     0.0634115216200     0.3825527971119
      0.2078088951740     0.0203348069819     0.0617641631909     0.3901336217227
      0.2077406422496     0.0181076132542     0.0599928733606     0.3972609762626
      0.2076347531076     0.0159870787433     0.0581033605593     0.4039278268935
      0.2074894241923     0.0139793507785     0.0561016828030     0.4101275942384
      0.2073030350618     0.0120901589562     0.0539942251661     0.4158541598757
      0.2070741569481     0.0103247946926     0.0517876760773     0.4211018723763
      0.2068015605318     0.0086880924772     0.0494890025304     0.4258655528817
      0.2064842228984     0.0071844128978     0.0471054243077     0.4301405002142
      0.2061213336464     0.0058176275027     0.0446443873140     0.4339224955171
      0.2057123001212     0.0045911055566     0.0421135361267     0.4372078064174
      0.2052567517523     0.0035077027424     0.0395206858669     0.4399931907100
      0.2047545434748     0.0025697518500     0.0368737935008     0.4422758995570
      0.2042057582192     0.0017790554867     0.0341809286840     0.4440536802001
      0.2036107084580     0.0011368808377     0.0314502442585     0.4453247781847
      0.2029699368019     0.0006439564942     0.0286899465202     0.4460879390904
      0.2022842156402     0.0003004713595     0.0259082653686     0.4463424097696
      0.1553483557537    -0.0290960715650     0.0110709169303     0.1881414683430
      0.1548732965245    -0.0291432988773     0.0084890331000     0.1880105978914
      0.1543907430140    -0.0290454181698     0.0059189698076     0.1876181156899
      0.1539014098016    -0.0288040055718     0.0033693315471     0.1869644090711
      0.1534060798833    -0.0284211620073     0.0008485989944     0.1860501231644
      0.1529056027149    -0.0278995037701    -0.0016349029018     0.1848761602598
      0.1524008919501    -0.0272421511076    -0.0040730361721     0.1834436789168
      0.1518929228829    -0.0264527148596    -0.0064578803024     0.1817540928216
      0.1513827296013    -0.0255352812041    -0.0087817618127     0.1798090693917
      0.1508714018642    -0.0244943945734    -0.0110372828255     0.1776105281303
      0.1503600817124    -0.0233350388077    -0.0132173485119     0.1751606387323
      0.1498499598259    -0.0220626166217    -0.0153151933080     0.1724618189427
      0.1493422716411    -0.0206829274659    -0.0173244058023     0.1695167321709
      0.1488382932428    -0.0192021438718    -0.0192389521944     0.1663282848618
      0.1483393370460    -0.0176267863731    -0.0210531982378     0.1628996236281
      0.1478467472842    -0.0159636971048    -0.0227619295784     0.1592341321444
      0.1473618953207    -0.0142200121839    -0.0243603704139     0.1553354278083
      0.1468861748021    -0.0124031329807    -0.0258442003991     0.1512073581703
      0.1464209966710    -0.0105206963965    -0.0272095697349     0.1468539971367
      0.1459677840578    -0.0085805442636    -0.0284531123814     0.1422796409493
      0.1455279670720    -0.0065906919896    -0.0295719573467     0.1374888039454
      0.1451029775117    -0.0045592965711    -0.0305637380069     0.1324862141026
      0.1446942435129    -0.0024946241012    -0.0314265994244     0.1272768083732
      0.1443031841596    -0.0004050169014    -0.0321592036362     0.1218657278117
      0.1439312040741     0.0017011395930    -0.0327607328940     0.1162583125014
      0.1435796880110     0.0038154500637    -0.0332308908450     0.1104600962841
      0.1432499954742     0.0059295425239    -0.0335699016516     0.1044768012992
      0.1429434553789     0.0080351013857    -0.0337785070540     0.0983143323365
      0.1426613607798     0.0101239002513    -0.0338579613904     0.0919787710089
      0.1424049636855     0.0121878342960    -0.0338100245966     0.0854763697505
      0.1421754699807     0.0142189521175    -0.0336369532141     0.0788135456462
      0.1419740344759     0.0162094869254    -0.0333414894442     0.0719968740992
      0.1418017561034     0.0181518869466    -0.0329268482933     0.0650330823411
      0.1416596732811     0.0200388449294    -0.0323967028635     0.0579290427938
      0.1415487594599     0.0218633266277    -0.0317551678456     0.0506917662865
      0.1414699188751     0.0236185981549    -0.0310067812853     0.0433283951375
      0.1414239825172     0.0252982520989    -0.0301564846929     0.0358461961050
      0.1414117043392     0.0268962322960    -0.0292096015801     0.0282525532161
      0.1414337577162     0.0284068571674    -0.0281718145085     0.0205549604797
      0.1414907321711     0.0298248415242    -0.0270491407426     0.0127610144903
      0.1415831303803     0.0311453167585    -0.0258479066066     0.0048784069318
      0.1417113654719     0.0323638493395    -0.0245747206460    -0.0030850830140
      0.1418757586276     0.0334764575428    -0.0232364457039    -0.0111215963439
      0.1420765369989     0.0344796263484    -0.0218401700217    -0.0192232019894
      0.1423138319462     0.0353703204480    -0.0203931774831    -0.0273819046440
      0.1425876776086     0.0361459953129    -0.0189029171168    -0.0355896526531
      0.1428980098113     0.0368046062777    -0.0173769719836    -0.0438383459604
      0.1432446653157     0.0373446156067    -0.0158230275699    -0.0521198441014
      0.1436273814160     0.0377649975149    -0.0142488398152    -0.0604259742373
      0.1440457958854     0.0380652411255    -0.0126622029011    -0.0687485392206
      0.1444994472720     0.0382453513532    -0.0110709169303    -0.0770793256843
      0.1449877755460     0.0383058477102    -0.0094827556250    -0.0854101121480
      0.1455101230957     0.0382477610420    -0.0079054341735    -0.0937326771312
      0.1460657360700     0.0380726282059    -0.0063465773534    -0.1020388072672
      0.1466537660627     0.0377824847158    -0.0048136880588    -0.1103203054082
      0.1472732721342     0.0373798553816    -0.0033141163567    -0.1185689987155
      0.1479232231636     0.0368677429838    -0.0018550291959    -0.1267767467246
      0.1486025005223     0.0362496150274    -0.0004433808903    -0.1349354493792
      0.1493099010619     0.0355293886298     0.0009141155069    -0.1430370550247
      0.1500441404035     0.0347114136037     0.0022110158237    -0.1510735683546
      0.1508038565196     0.0338004538022     0.0034411712739    -0.1590370583003
      0.1515876135933     0.0328016668034     0.0045987537406    -0.1669196658589
      0.1523939061433     0.0317205820129     0.0056782797374    -0.1747136118482
      0.1532211633984     0.0305630772755     0.0066746329524    -0.1824112045847
      0.1540677539064     0.0293353540880     0.0075830852849    -0.1900048474735
      0.1549319903607     0.0280439115122     0.0083993162898    -0.1974870465060
      0.1558121346275     0.0266955188946     0.0091194309549    -0.2048504176551
      0.1567064029544     0.0252971874998     0.0097399757370    -0.2120876941624
      0.1576129713429     0.0238561411729     0.0102579527950    -0.2191917337097
      0.1585299810634     0.0223797861473     0.0106708323631    -0.2261555254677
      0.1594555442949     0.0208756801189     0.0109765632135    -0.2329721970148
      0.1603877498662     0.0193515007114     0.0111735811678    -0.2396350211190
      0.1613246690804     0.0178150134570     0.0112608156231    -0.2461374223775
      0.1622643615985     0.0162740394220     0.0112376940667    -0.2524729837051
      0.1632048813634     0.0147364226071     0.0111041445603    -0.2586354526677
      0.1641442825407     0.0132099972505     0.0108605961852    -0.2646187476526
      0.1650806254546     0.0117025551675     0.0105079774458    -0.2704169638699
      0.1660119824994     0.0102218132552     0.0100477126370    -0.2760243791803
      0.1669364440016     0.0087753812925     0.0094817161913    -0.2814354597418
      0.1678521240137     0.0073707301657     0.0088123850264    -0.2866448654712
      0.1687571660185     0.0060151606442     0.0080425889251    -0.2916474553139
      0.1696497485211     0.0047157728341     0.0071756589838    -0.2964382923179
      0.1705280905102     0.0034794364295     0.0062153741773    -0.3010126485053
      0.1713904567686     0.0023127618828     0.0051659460918    -0.3053660095389
      0.1722351630125     0.0012220726072     0.0040320018876    -0.3094940791769
      0.1730605808421     0.0002133783248     0.0028185655586    -0.3133927835130
      0.1738651424854    -0.0007076503338     0.0015310375633    -0.3170582749967
      0.1746473453177    -0.0015357058767     0.0001751729080    -0.3204869362304
      0.1754057561412    -0.0022658665476    -0.0012429422304    -0.3236753835394
      0.1761390152091    -0.0028936173815    -0.0027169152495    -0.3266204703113
      0.1768458399799    -0.0034148696358    -0.0042400731352    -0.3293192901009
      0.1775250285891    -0.0038259785160    -0.0058054896419    -0.3317691794989
      0.1781754630250    -0.0041237591277    -0.0074060135306    -0.3339677207602
      0.1787961119998    -0.0043055005871    -0.0090342977515    -0.3359127441902
      0.1793860335035    -0.0043689782358    -0.0106828294567    -0.3376023302854
      0.1799443770342    -0.0043124639076    -0.0123439607225    -0.3390348116284
      0.1804703854964    -0.0041347342075    -0.0140099398593    -0.3402087745330
      0.1809633967615    -0.0038350767670    -0.0156729431841    -0.3411230604396
      0.1814228448855    -0.0034132944509    -0.0173251071292    -0.3417767670584
      0.1818482609808    -0.0028697074968    -0.0189585605601    -0.3421692492599
      0.1822392737405    -0.0022051535782    -0.0205654571718    -0.3423001197115
      0.1825956096128    -0.0014209857890    -0.0221380078362    -0.3421692492599
      0.1829170926278    -0.0005190685560    -0.0236685127710    -0.3417767670584
      0.1832036438778     0.0004982285044    -0.0251493934006    -0.3411230604396
      0.1834552806546     0.0016280387640    -0.0265732237841    -0.3402087745330
      0.1836721152480     0.0028670087631    -0.0279327614827    -0.3390348116284
      0.1838543534117     0.0042113103540    -0.0292209777439    -0.3376023302854
      0.1840022925039     0.0056566547614    -0.0304310868829    -0.3359127441902
      0.1841163193105     0.0071983085051    -0.0315565747414    -0.3339677207602
      0.1841969075605     0.0088311111229    -0.0325912261117    -0.3317691794989
      0.1842446151452     0.0105494946250    -0.0335291510157    -0.3293192901009
      0.1842600810516     0.0123475046039    -0.0343648097327    -0.3266204703113
      0.1842440220244     0.0142188229173    -0.0350930364763    -0.3236753835394
      0.1841972289698     0.0161567918552    -0.0357090616245    -0.3204869362304
      0.1841205631161     0.0181544396970    -0.0362085324144    -0.3170582749967
      0.1840149519471     0.0202045075581    -0.0365875320165    -0.3133927835130
      0.1838813849251     0.0222994774206    -0.0368425969130    -0.3094940791769
      0.1837209090209     0.0244316012380    -0.0369707325087    -0.3053660095389
      0.1835346240685     0.0265929310010    -0.0369694269110    -0.3010126485053
      0.1833236779647     0.0287753496433    -0.0368366628235    -0.2964382923179
      0.1830892617309     0.0309706026693    -0.0365709275025    -0.2916474553139
      0.1828326044596     0.0331703303769    -0.0361712207379    -0.2866448654712
      0.1825549681633     0.0353661005492    -0.0356370608222    -0.2814354597418
      0.1822576425481     0.0375494414871    -0.0349684884836    -0.2760243791803
      0.1819419397327     0.0397118752515    -0.0341660687661    -0.2704169638699
      0.1816091889326     0.0418449509853    -0.0332308908450    -0.2646187476526
      0.1812607311328     0.0439402781824    -0.0321645657795    -0.2586354526677
      0.1808979137675     0.0459895597742    -0.0309692222066    -0.2524729837051
      0.1805220854302     0.0479846249017    -0.0296474999926    -0.2461374223775
      0.1801345906334     0.0499174612439    -0.0282025418656    -0.2396350211190
      0.1797367646396     0.0517802467764    -0.0266379830584    -0.2329721970148
      0.1793299283827     0.0535653808322    -0.0249579390021    -0.2261555254677
      0.1789153835009     0.0552655143441    -0.0231669911172    -0.2191917337097
      0.1784944074998     0.0568735791481    -0.0212701707539    -0.2120876941624
      0.1780682490643     0.0583828162322    -0.0192729413465    -0.2048504176551
      0.1776381235380     0.0597868028178    -0.0171811788472    -0.1974870465060
      0.1772052085872     0.0610794781689    -0.0150011505162    -0.1900048474735
      0.1767706400661     0.0622551680230    -0.0127394921500    -0.1824112045847
      0.1763355080994     0.0633086075506    -0.0104031838345    -0.1747136118482
      0.1759008533967     0.0642349627498    -0.0079995243179    -0.1669196658589
      0.1754676638130     0.0650298501913    -0.0055361041028    -0.1590370583003
      0.1750368711682     0.0656893550358    -0.0030207773599    -0.1510735683546
      0.1746093483368     0.0662100472520    -0.0004616327751    -0.1430370550247
      0.1741859066199     0.0665889959694     0.0021330365588    -0.1349354493792
      0.1737672934078     0.0668237819096     0.0047547640887    -0.1267767467246
      0.1733541901417     0.0669125078461     0.0073949414640    -0.1185689987155
      0.1729472105826     0.0668538070491     0.0100448507949    -0.1103203054082
      0.1725468993919     0.0666468496829     0.0126956973778    -0.1020388072672
      0.1721537310298     0.0662913471287     0.0153386427633    -0.0937326771312
      0.1717681089737     0.0657875542138     0.0179648380351    -0.0854101121480
      0.1713903652588     0.0651362693400     0.0205654571718    -0.0770793256843
      0.1710207603417     0.0643388325060     0.0231317303613    -0.0687485392206
      0.1706594832875     0.0633971212338     0.0256549771369    -0.0604259742373
      0.1703066522756     0.0623135444115     0.0281266392069    -0.0521198441014
      0.1699623154244     0.0610910340775     0.0305383128486    -0.0438383459604
      0.1696264519279     0.0597330351754     0.0328817807412    -0.0355896526531
      0.1692989734996     0.0582434933198     0.0351490431119    -0.0273819046440
      0.1689797261158     0.0566268406209     0.0373323480756    -0.0192232019894
      0.1686684920513     0.0548879796192     0.0394242210471    -0.0111215963439
      0.1683649921967     0.0530322653969     0.0414174931135    -0.0030850830140
      0.1680688886478     0.0510654859305     0.0433053282536     0.0048784069318
      0.1677797875542     0.0489938407644     0.0450812493001     0.0127610144903
      0.1674972422162     0.0468239180858     0.0467391625412     0.0205549604797
      0.1672207564140     0.0445626702911     0.0482733808665     0.0282525532161
      0.1669497879565     0.0422173881381     0.0496786453673     0.0358461961050
      0.1666837524331     0.0397956735845     0.0509501453050     0.0433283951375
      0.1664220271517     0.0373054114188     0.0520835363719     0.0506917662865
      0.1661639552475     0.0347547397929     0.0530749571708     0.0579290427938
      0.1659088499426     0.0321520197726     0.0539210438509     0.0650330823411
      0.1656559989391     0.0295058040230     0.0546189428418     0.0719968740992
      0.1654046689273     0.0268248047513     0.0551663216357     0.0788135456462
      0.1651541101875     0.0241178610328     0.0555613775771     0.0854763697505
      0.1649035612684     0.0213939056450     0.0558028446235     0.0919787710089
      0.1646522537188     0.0186619315423     0.0558899980532     0.0983143323365
      0.1643994168547     0.0159309580984     0.0558226570998     0.1044768012992
      0.1641442825407     0.0132099972505     0.0556011855048     0.1104600962841
      0.1638860899633     0.0105080196762     0.0552264899853     0.1162583125014
      0.1636240903791     0.0078339211349     0.0547000166235     0.1218657278117
      0.1633575518135     0.0051964891045     0.0540237451917     0.1272768083732
      0.1630857636924     0.0026043698444     0.0532001814358     0.1324862141026
      0.1628080413861     0.0000660360118     0.0522323473474     0.1374888039454
      0.1625237306454    -0.0024102450417     0.0511237694625     0.1422796409493
      0.1622322119105    -0.0048164421702     0.0498784652332     0.1468539971367
      0.1619329044755    -0.0071447904103     0.0485009275256     0.1512073581703
      0.1616252704883    -0.0093878199171     0.0469961073046     0.1553354278083
      0.1613088187697    -0.0115383837476     0.0453693945738     0.1592341321444
      0.1609831084352    -0.0135896843839     0.0436265976457     0.1628996236281
      0.1606477523021    -0.0155352988923     0.0417739208221     0.1663282848618
      0.1603024200683    -0.0173692026205     0.0398179405734     0.1695167321709
      0.1599468412481    -0.0190857913425     0.0377655803101     0.1724618189427
      0.1595808078517    -0.0206799017640     0.0356240838445     0.1751606387323
      0.1592041767959    -0.0221468303093     0.0334009876478     0.1776105281303
      0.1588168720356    -0.0234823501171     0.0311040920096     0.1798090693917
      0.1584188864064    -0.0246827261806     0.0287414312144     0.1817540928216
      0.1580102831675    -0.0257447285718     0.0263212428511     0.1834436789168
      0.1575911972405    -0.0266656437014     0.0238519363753     0.1848761602598
      0.1571618361347    -0.0274432835693     0.0213420610481     0.1860501231644
      0.1567224805559    -0.0280759929726     0.0188002733762     0.1869644090711
      0.1562734846937    -0.0285626546426     0.0162353041811     0.1876181156899
      0.1558152761850    -0.0289026922926     0.0136559254262     0.1880105978914
      0.1553483557537    -0.0290960715650     0.0110709169303     0.1881414683430
