      0.6114156631829     0.0665802146428     0.1029402923349     0.7389155779412
      0.6093789093990     0.0683071603923     0.0942748843320     0.7385412148319
      0.6071670628232     0.0702365561104     0.0855257534890     0.7374184949552
      0.6047884193027     0.0723603540529     0.0767024046664     0.7355485263001
      0.6022519724711     0.0746697787740     0.0678143757711     0.7329331542999
      0.5995673786430     0.0771553621469     0.0588712250662     0.7295749600110
      0.5967449190541     0.0798069810803     0.0498825186333     0.7254772575657
      0.5937954595959     0.0826138977783     0.0408578180104     0.7206440909016
      0.5907304082017     0.0855648023876     0.0318066680292     0.7150802297707
      0.5875616700547     0.0886478578612     0.0227385848762     0.7087911650322
      0.5843016007916     0.0918507468628     0.0136630443966     0.7017831032336
      0.5809629578890     0.0951607205253     0.0045894706646     0.6940629604860
      0.5775588504224     0.0985646488722    -0.0044727751626     0.6856383556381
      0.5741026873970     0.1020490727013    -0.0135144056884     0.6765176027578
      0.5706081248531     0.1056002567277    -0.0225262177994     0.6667097029271
      0.5670890119565     0.1092042437745    -0.0314991028539     0.6562243353589
      0.5635593362853     0.1128469097982    -0.0404240565194     0.6450718478450
      0.5600331685286     0.1165140195323    -0.0492921882478     0.6332632465444
      0.5565246068182     0.1201912825284    -0.0580947303756     0.6208101851207
      0.5530477209091     0.1238644093743    -0.0668230468390     0.6077249532420
      0.5496164964331     0.1275191678682    -0.0754686414959     0.5940204644526
      0.5462447794434     0.1311414389256    -0.0840231660456     0.5797102434282
      0.5429462214695     0.1347172720005    -0.0924784275427     0.5648084126292
      0.5397342253011     0.1382329398016    -0.1008263954981     0.5493296783637
      0.5366218917130     0.1416749920878    -0.1090592085653     0.5332893162735
      0.5336219673437     0.1450303083309    -0.1171691808113     0.5167031562594
      0.5307467939329     0.1482861490393    -0.1251488075686     0.4995875668589
      0.5280082591177     0.1514302055384    -0.1329907708733     0.4819594390923
      0.5254177489849     0.1544506480145    -0.1406879444887     0.4638361697935
      0.5229861025639     0.1573361716305    -0.1482333985194     0.4452356444412
      0.5207235684429     0.1600760405337    -0.1556204036208     0.4261762195083
      0.5186397636788     0.1626601295816    -0.1628424348101     0.4066767043462
      0.5167436351645     0.1650789636228    -0.1698931748859     0.3867563426220
      0.5150434236058     0.1673237541772    -0.1767665174660     0.3664347933278
      0.5135466302514     0.1693864333725    -0.1834565696515     0.3457321113792
      0.5122599865084     0.1712596850036    -0.1899576543290     0.3246687278240
      0.5111894265624     0.1729369725931    -0.1962643121220     0.3032654296787
      0.5103400631138     0.1744125643421    -0.2023713030042     0.2815433394144
      0.5097161663231     0.1756815548754    -0.2082736075877     0.2595238941117
      0.5093211460534     0.1767398836945    -0.2139664281008     0.2372288243048
      0.5091575374777     0.1775843502676    -0.2194451890689     0.2146801325357
      0.5092269901103     0.1782126256967    -0.2247055377156     0.1919000716410
      0.5095302603061     0.1786232609187    -0.2297433440978     0.1689111227904
      0.5100672072591     0.1788156914068    -0.2345547009931     0.1457359733010
      0.5108367925156     0.1787902383564    -0.2391359235543     0.1223974942473
      0.5118370830061     0.1785481063508    -0.2434835487496     0.0989187178906
      0.5130652575845     0.1780913775182    -0.2475943346043     0.0753228149484
      0.5145176170505     0.1774230022021    -0.2514652592617     0.0516330717282
      0.5161895976152     0.1765467861850    -0.2550935198807     0.0278728671464
      0.5180757877604     0.1754673745164    -0.2584765313875     0.0040656496563
      0.5201699484233     0.1741902320089    -0.2616119250971    -0.0197650858926
      0.5224650364305     0.1727216204826    -0.2644975472233    -0.0435958214415
      0.5249532310884     0.1710685728467    -0.2671314572923    -0.0674030389316
      0.5276259638277     0.1692388641230    -0.2695119264777    -0.0911632435134
      0.5304739507843     0.1672409795269    -0.2716374358704    -0.1148529867336
      0.5334872281910     0.1650840797325    -0.2735066747011    -0.1384488896758
      0.5366551904411     0.1627779634603    -0.2751185385284    -0.1619276660326
      0.5399666306737     0.1603330275368    -0.2764721274069    -0.1852661450862
      0.5434097837242     0.1577602245838    -0.2775667440500    -0.2084412945756
      0.5469723712688     0.1550710185077    -0.2784018919970    -0.2314302434262
      0.5506416489889     0.1522773379631    -0.2789772738000    -0.2542103043209
      0.5544044555685     0.1493915279776    -0.2792927892380    -0.2767589960900
      0.5582472633338     0.1464262999295    -0.2793485335706    -0.2990540658969
      0.5621562303355     0.1433946800766    -0.2791447958392    -0.3210735111996
      0.5661172536703     0.1403099568411    -0.2786820572238    -0.3427956014639
      0.5701160238319     0.1371856270594    -0.2779609894627    -0.3641988996092
      0.5741380798785     0.1340353414110    -0.2769824533411    -0.3852622831645
      0.5781688652009     0.1308728492427    -0.2757474972523    -0.4059649651130
      0.5821937836708     0.1277119430061    -0.2742573558370    -0.4262865144072
      0.5861982559513     0.1245664025315    -0.2725134487024    -0.4462068761314
      0.5901677757466     0.1214499393570    -0.2705173792219    -0.4657063912936
      0.5940879657711     0.1183761413344    -0.2682709334174    -0.4847658162265
      0.5979446332185     0.1153584177330    -0.2657760789223    -0.5033663415787
      0.6017238245126     0.1124099450575    -0.2630349640237    -0.5214896108775
      0.6054118791253     0.1095436137959    -0.2600499167809    -0.5391177386441
      0.6089954822509     0.1067719763091    -0.2568234442158    -0.5562333280446
      0.6124617161295     0.1041071960686    -0.2533582315711    -0.5728194880587
      0.6157981098185     0.1015609984433    -0.2496571416290    -0.5888598501489
      0.6189926872166     0.0991446232325    -0.2457232140842    -0.6043385844145
      0.6220340131530     0.0968687791319    -0.2415596649626    -0.6192404152134
      0.6249112373594     0.0947436003141    -0.2371698860770    -0.6335506362378
      0.6276141361539     0.0927786052966    -0.2325574445097    -0.6472551250273
      0.6301331516726     0.0909826582598    -0.2277260821122    -0.6603403569059
      0.6324594284956     0.0893639329696    -0.2226797150088    -0.6727934183296
      0.6345848475230     0.0879298794474    -0.2174224330944    -0.6846020196303
      0.6365020569705     0.0866871935207    -0.2119584995110    -0.6957545071441
      0.6382045003598     0.0856417893746    -0.2062923500921    -0.7062398747123
      0.6396864413983     0.0847987752154    -0.2004285927597    -0.7160477745431
      0.6409429856474     0.0841624321406    -0.1943720068595    -0.7251685274234
      0.6419700988975     0.0837361963019    -0.1881275424203    -0.7335931322712
      0.6427646221762     0.0835226444319    -0.1817003193225    -0.7413132750189
      0.6433242833326     0.0835234827916    -0.1750956263602    -0.7483213368174
      0.6436477051523     0.0837395395851    -0.1683189201821    -0.7546104015559
      0.6437344099719     0.0841707608697    -0.1613758240947    -0.7601742626868
      0.6435848207763     0.0848162099810    -0.1542721267143    -0.7650074293509
      0.6432002587736     0.0856740704743    -0.1470137804509    -0.7691051317962
      0.6425829374602     0.0867416525719    -0.1396068998096    -0.7724633260851
      0.6417359531981     0.0880154030919    -0.1320577594947    -0.7750786980853
      0.6406632723438     0.0894909188195    -0.1243727923018    -0.7769486667404
      0.6393697149791     0.0911629632687    -0.1165585867845    -0.7780713866171
      0.6378609353100     0.0930254867698    -0.1086218846814    -0.7784457497264
      0.6361433988093     0.0950716498026    -0.1005695780903    -0.7780713866171
      0.6342243561969     0.0972938494841    -0.0924087063788    -0.7769486667404
      0.6321118143580     0.0996837491082    -0.0841464528171    -0.7750786980853
      0.6298145043159     0.1022323106187    -0.0757901409255    -0.7724633260851
      0.6273418463859     0.1049298298899    -0.0673472305230    -0.7691051317962
      0.6247039126489     0.1077659746750    -0.0588253134713    -0.7650074293509
      0.6219113868913     0.1107298250737    -0.0502321091040    -0.7601742626868
      0.6189755221720     0.1138099163578    -0.0415754593341    -0.7546104015559
      0.6159080961824     0.1169942839889    -0.0328633234360    -0.7483213368174
      0.6127213645764     0.1202705106477    -0.0241037724938    -0.7413132750189
      0.6094280124553     0.1236257750917    -0.0153049835154    -0.7335931322712
      0.6060411041980     0.1270469026478    -0.0064752332079    -0.7251685274234
      0.6025740318360     0.1305204171404     0.0023771085854    -0.7160477745431
      0.5990404621760     0.1340325940507     0.0112435857876    -0.7062398747123
      0.5954542828791     0.1375695146971     0.0201156633272    -0.6957545071441
      0.5918295477097     0.1411171212226     0.0289847347130    -0.6846020196303
      0.5881804211693     0.1446612721730     0.0378421299388    -0.6727934183296
      0.5845211227350     0.1481877984452     0.0466791237131    -0.6603403569059
      0.5808658709209     0.1516825593862     0.0554869440072    -0.6472551250273
      0.5772288273844     0.1551314988195     0.0642567809137    -0.6335506362378
      0.5736240412972     0.1585207007794     0.0729797958045    -0.6192404152134
      0.5700653941999     0.1618364447309     0.0816471307798    -0.6043385844145
      0.5665665455587     0.1650652600592     0.0902499183934    -0.5888598501489
      0.5631408792372     0.1681939796121     0.0987792916420    -0.5728194880587
      0.5598014510956     0.1712097920828     0.1072263942050    -0.5562333280446
      0.5565609379226     0.1741002930290     0.1155823909156    -0.5391177386441
      0.5534315879018     0.1768535343224     0.1238384784497    -0.5214896108775
      0.5504251728072     0.1794580718368     0.1319858962115    -0.5033663415787
      0.5475529421162     0.1819030111829     0.1400159373974    -0.4847658162265
      0.5448255792206     0.1841780513115     0.1479199602190    -0.4657063912936
      0.5422531599072     0.1862735258101     0.1556893992604    -0.4462068761314
      0.5398451132724     0.1881804417307     0.1633157769518    -0.4262865144072
      0.5376101852233     0.1898905157947     0.1707907151323    -0.4059649651130
      0.5355564047094     0.1913962078305     0.1781059466799    -0.3852622831645
      0.5336910528167     0.1926907513120     0.1852533271839    -0.3641988996092
      0.5320206348461     0.1937681808767     0.1922248466334    -0.3427956014639
      0.5305508554851     0.1946233567134     0.1990126410969    -0.3210735111996
      0.5292865971701     0.1952519857224     0.2056090043659    -0.2990540658969
      0.5282319017237     0.1956506393648     0.2120063995360    -0.2767589960900
      0.5273899553385     0.1958167681283     0.2181974704984    -0.2542103043209
      0.5267630769664     0.1957487125528     0.2241750533146    -0.2314302434262
      0.5263527101569     0.1954457107695     0.2299321874459    -0.2084412945756
      0.5261594183776     0.1949079025253     0.2354621268118    -0.1852661450862
      0.5261828838323     0.1941363296731     0.2407583506486    -0.1619276660326
      0.5264219097816     0.1931329331264     0.2458145741409    -0.1384488896758
      0.5268744263557     0.1919005462894     0.2506247588002    -0.1148529867336
      0.5275374998349     0.1904428849865     0.2551831225625    -0.0911632435134
      0.5284073453605     0.1887645339303     0.2594841495785    -0.0674030389316
      0.5294793430246     0.1868709297805     0.2635225996728    -0.0435958214415
      0.5307480572741     0.1847683408597     0.2672935174436    -0.0197650858926
      0.5322072595516     0.1824638436038     0.2707922409816     0.0040656496563
      0.5338499540818     0.1799652958401     0.2740144101821     0.0278728671464
      0.5356684067019     0.1772813069971     0.2769559746284     0.0516330717282
      0.5376541766191     0.1744212053617     0.2796132010248     0.0753228149484
      0.5397981509705     0.1713950025119     0.2819826801579     0.0989187178906
      0.5420905820463     0.1682133550656     0.2840613333664     0.1223974942473
      0.5445211270295     0.1648875238925     0.2858464185005     0.1457359733010
      0.5470788900924     0.1614293309520     0.2873355353548     0.1689111227904
      0.5497524666844     0.1578511139234     0.2885266305569     0.1919000716410
      0.5525299898334     0.1541656788076     0.2894180018973     0.2146801325357
      0.5553991782775     0.1503862506866     0.2900083020888     0.2372288243048
      0.5583473862361     0.1465264228318     0.2902965419412     0.2595238941117
      0.5613616546218     0.1426001043629     0.2902820929421     0.2815433394144
      0.5644287634909     0.1386214666617     0.2899646892356     0.3032654296787
      0.5675352855228     0.1346048887503     0.2893444289894     0.3246687278240
      0.5706676403169     0.1305649018494     0.2884217751475     0.3457321113792
      0.5738121492915     0.1265161333333     0.2871975555613     0.3664347933278
      0.5769550909664     0.1224732503016     0.2856729624995     0.3867563426220
      0.5800827564090     0.1184509029892     0.2838495515342     0.4066767043462
      0.5831815046261     0.1144636682365     0.2817292398041     0.4261762195084
      0.5862378176786     0.1105259932419     0.2793143036585     0.4452356444412
      0.5892383553024     0.1066521398169     0.2766073756852     0.4638361697935
      0.5921700088180     0.1028561293629     0.2736114411284     0.4819594390923
      0.5950199541149     0.0991516887855     0.2703298337042     0.4995875668589
      0.5977757035001     0.0955521975583     0.2667662308221     0.5167031562594
      0.6004251562053     0.0920706361444     0.2629246482240     0.5332893162735
      0.6029566473524     0.0887195359771     0.2588094340525     0.5493296783637
      0.6053589951816     0.0855109311975     0.2544252623614     0.5648084126292
      0.6076215463572     0.0824563123360     0.2497771260846     0.5797102434282
      0.6097342191674     0.0795665821221     0.2448703294788     0.5940204644526
      0.6116875444504     0.0768520135930     0.2397104800594     0.6077249532420
      0.6134727040808     0.0743222106679     0.2343034800462     0.6208101851207
      0.6150815668656     0.0719860713397     0.2286555173425     0.6332632465444
      0.6165067217065     0.0698517536309     0.2227730560660     0.6450718478450
      0.6177415078948     0.0679266444450     0.2166628266561     0.6562243353589
      0.6187800424220     0.0662173314368     0.2103318155807     0.6667097029271
      0.6196172441932     0.0647295780104     0.2037872546670     0.6765176027578
      0.6202488550497     0.0634683015429     0.1970366100814     0.6856383556381
      0.6206714575157     0.0624375549201     0.1900875709851     0.6940629604860
      0.6208824891979     0.0616405114535     0.1829480378930     0.7017831032336
      0.6208802537811     0.0610794532401     0.1756261107612     0.7087911650322
      0.6206639285751     0.0607557630079     0.1681300768340     0.7150802297707
      0.6202335685817     0.0606699194794     0.1604683982759     0.7206440909016
      0.6195901070661     0.0608214962708     0.1526496996200     0.7254772575657
      0.6187353526291     0.0612091643298     0.1446827550597     0.7295749600110
      0.6176719827900     0.0618306979017     0.1365764756137     0.7329331542999
      0.6164035341069     0.0626829840007     0.1283398961939     0.7355485263001
      0.6149343888708     0.0637620353465     0.1199821626040     0.7374184949552
      0.6132697584261     0.0650630067157     0.1115125184993     0.7385412148319
      0.6114156631829     0.0665802146428     0.1029402923349     0.7389155779412
      0.5353654677431     0.0069318806736     0.0677572009010     0.4643417138806
      0.5332923693545     0.0078016947928     0.0599116592181     0.4640694037895
      0.5311456913567     0.0088931375951     0.0520506938948     0.4632527422534
      0.5289319128675     0.0101999088150     0.0441861468396     0.4618925352185
      0.5266579595571     0.0117150401212     0.0363296749059     0.4599901250452
      0.5243311781024     0.0134309244048     0.0284927230145     0.4575473891824
      0.5219593087997     0.0153393474073     0.0206864982906     0.4545667383156
      0.5195504564409     0.0174315215624     0.0129219452964     0.4510511139874
      0.5171130595664     0.0196981219151     0.0052097224413     0.4470039856944
      0.5146558582169     0.0221293239780    -0.0024398203600     0.4424293474638
      0.5121878603073     0.0247148433713    -0.0100166627108     0.4373317139111
      0.5097183067580     0.0274439770911    -0.0175111333737     0.4317161157852
      0.5072566355170     0.0303056462421    -0.0249139284731     0.4255880950034
      0.5048124446175     0.0332884400646    -0.0322161282061     0.4189536991825
      0.5023954544138     0.0363806610837    -0.0394092120155     0.4118194756702
      0.5000154691464     0.0395703712002    -0.0464850721847     0.4041924650837
      0.4976823379875     0.0428454385432    -0.0534360258214     0.3960801943616
      0.4954059157199     0.0461935848980    -0.0602548252018     0.3874906693358
      0.4931960232063     0.0496024335246    -0.0669346664543     0.3784323668304
      0.4910624078051     0.0530595571772    -0.0734691965681     0.3689142262964
      0.4890147038894     0.0565525261360    -0.0798525187192     0.3589456409893
      0.4870623936266     0.0600689560637    -0.0860791959114     0.3485364486993
      0.4852147681742     0.0635965554989    -0.0921442529375     0.3376969220425
      0.4834808894462     0.0671231727985    -0.0980431766731     0.3264377583231
      0.4818695526032     0.0706368423486    -0.1037719147195     0.3147700689762
      0.4803892494148     0.0741258298601    -0.1093268724212     0.3027053686026
      0.4790481326423     0.0775786765740    -0.1147049082876     0.2902555636051
      0.4778539815829     0.0809842422039    -0.1199033278561     0.2774329404379
      0.4768141689145     0.0843317464473    -0.1249198760389     0.2642501534822
      0.4759356289741     0.0876108089056    -0.1297527280019     0.2507202125571
      0.4752248275976     0.0908114872576    -0.1344004786285     0.2368564700807
      0.4746877336428     0.0939243135376    -0.1388621306298     0.2226726078931
      0.4743297923110     0.0969403283792    -0.1431370813616     0.2081826237538
      0.4741559003753     0.0998511130918    -0.1472251084215     0.1934008175279
      0.4741703834167     0.1026488194471    -0.1511263540954     0.1783417770733
      0.4743769751617     0.1053261970606    -0.1548413087343     0.1630203638450
      0.4747787990058     0.1078766182647    -0.1583707931401     0.1474516982280
      0.4753783517996     0.1102941003780    -0.1617159400480     0.1316511446156
      0.4761774899662     0.1125733252869    -0.1648781747913     0.1156342962467
      0.4771774180070     0.1147096562668    -0.1678591952412     0.0994169598168
      0.4783786794475     0.1166991519799    -0.1706609511146     0.0830151398791
      0.4797811502611     0.1185385775991    -0.1732856227444     0.0664450230496
      0.4813840348023     0.1202254130178    -0.1757355994115     0.0497229620330
      0.4831858642698     0.1217578581190    -0.1780134573344     0.0328654594849
      0.4851844977098     0.1231348350858    -0.1801219374180     0.0158891517248
      0.4873771255604     0.1243559877507    -0.1820639228593    -0.0011892076809
      0.4897602757286     0.1254216779891    -0.1838424167122    -0.0183527644535
      0.4923298221792     0.1263329791785    -0.1854605195077    -0.0355845802346
      0.4950809960091     0.1270916667521    -0.1869214070314    -0.0528676493025
      0.4980083989661     0.1277002058907    -0.1882283083536    -0.0701849153545
      0.5011060193657     0.1281617364060    -0.1893844842096    -0.0875192883398
      0.5043672503479     0.1284800548803    -0.1903932058222    -0.1048536613252
      0.5077849104069     0.1286595941392    -0.1912577342613    -0.1221709273772
      0.5113512661190     0.1287054001422    -0.1919813004262    -0.1394539964451
      0.5150580569838     0.1286231063904    -0.1925670857395    -0.1566858122262
      0.5188965222866     0.1284189059549    -0.1930182036335    -0.1738493689988
      0.5228574298815     0.1280995212446    -0.1933376819089    -0.1909277284045
      0.5269311067879     0.1276721716372    -0.1935284460404    -0.2079040361646
      0.5311074714845     0.1271445391066    -0.1935933034995    -0.2247615387127
      0.5353760677793     0.1265247319889    -0.1935349291617    -0.2414835997292
      0.5397261001292     0.1258212470359    -0.1933558518570    -0.2580537165587
      0.5441464702731     0.1250429299107    -0.1930584421219    -0.2744555364965
      0.5486258150425     0.1241989342882    -0.1926449012015    -0.2906728729264
      0.5531525452041     0.1232986797278    -0.1921172513488    -0.3066897212953
      0.5577148851888     0.1223518084896    -0.1914773274582    -0.3224902749076
      0.5623009135547     0.1213681414716    -0.1907267700687    -0.3380589405247
      0.5668986040316     0.1203576334466    -0.1898670197622    -0.3533803537530
      0.5714958669899     0.1193303277825    -0.1888993129804    -0.3684393942075
      0.5760805911775     0.1182963108298    -0.1878246792729    -0.3832212004335
      0.5806406855637     0.1172656661622    -0.1866439399873    -0.3977111845728
      0.5851641211336     0.1162484288577    -0.1853577084024    -0.4118950467604
      0.5896389724716     0.1152545400052    -0.1839663913015    -0.4257587892367
      0.5940534589768     0.1142938016228    -0.1824701919751    -0.4392887301619
      0.5983959855531     0.1133758321715    -0.1808691146367    -0.4524715171176
      0.6026551826196     0.1125100228448    -0.1791629702295    -0.4652941402847
      0.6068199452881     0.1117054948135    -0.1773513835946    -0.4777439452823
      0.6108794715601     0.1109710575990    -0.1754338019675    -0.4898086456559
      0.6148232993962     0.1103151687459    -0.1734095047602    -0.5014763350027
      0.6186413425198     0.1097458949577    -0.1712776145847    -0.5127354987222
      0.6223239248156     0.1092708748547    -0.1690371094663    -0.5235750253790
      0.6258618131965     0.1088972835071    -0.1666868361879    -0.5339842176690
      0.6292462488111     0.1086317988870    -0.1642255247059    -0.5439528029760
      0.6324689764758     0.1084805703783    -0.1616518035697    -0.5534709435101
      0.6355222722192     0.1084491894734    -0.1589642162737    -0.5625292460155
      0.6383989688363     0.1085426627767    -0.1561612384668    -0.5711187710413
      0.6410924793554     0.1087653874273    -0.1532412959404    -0.5792310417634
      0.6435968183302     0.1091211290420    -0.1502027833115    -0.5868580523499
      0.6459066208782     0.1096130022705    -0.1470440833151    -0.5939922758622
      0.6480171593939     0.1102434540439    -0.1437635866173    -0.6006266716831
      0.6499243578762     0.1110142495871    -0.1403597120572    -0.6067546924648
      0.6516248038168     0.1119264612551    -0.1368309272238    -0.6123702905908
      0.6531157576075     0.1129804602402    -0.1331757692739    -0.6174679241435
      0.6543951594329     0.1141759111881    -0.1293928658924    -0.6220425623741
      0.6554616336257     0.1155117697473    -0.1254809562984    -0.6260896906671
      0.6563144904704     0.1169862830650    -0.1214389121989    -0.6296053149953
      0.6569537254520     0.1185969932324    -0.1172657585909    -0.6325859658621
      0.6573800159569     0.1203407436671    -0.1129606943143    -0.6350287017249
      0.6575947154416     0.1222136884130    -0.1085231122579    -0.6369311118982
      0.6575998450946     0.1242113043223    -0.1039526191219    -0.6382913189330
      0.6573980830293     0.1263284060754    -0.0992490546411    -0.6391079804692
      0.6569927510517     0.1285591639821    -0.0944125101770    -0.6393802905603
      0.6563877990582     0.1308971244964    -0.0894433465859    -0.6391079804692
      0.6555877871278     0.1333352333663    -0.0843422112763    -0.6382913189330
      0.6545978653818     0.1358658613292    -0.0791100543681    -0.6369311118982
      0.6534237516911     0.1384808322552    -0.0737481438736    -0.6350287017249
      0.6520717073239     0.1411714536263    -0.0682580798194    -0.6325859658621
      0.6505485106288     0.1439285492364    -0.0626418072363    -0.6296053149953
      0.6488614288600     0.1467424939815    -0.0569016279461    -0.6260896906671
      0.6470181882578     0.1496032506064    -0.0510402110801    -0.6220425623741
      0.6450269425020     0.1525004082631    -0.0450606022670    -0.6174679241435
      0.6428962396659     0.1554232227299    -0.0389662314373    -0.6123702905908
      0.6406349878003     0.1583606581335    -0.0327609191905    -0.6067546924648
      0.6382524192847     0.1613014300097    -0.0264488816827    -0.6006266716831
      0.6357580540871     0.1642340495342    -0.0200347339951    -0.5939922758622
      0.6331616620781     0.1671468687480    -0.0135234919492    -0.5868580523499
      0.6304732245461     0.1700281265999    -0.0069205723436    -0.5792310417634
      0.6277028950683     0.1728659956240    -0.0002317915902    -0.5711187710413
      0.6248609598895     0.1756486290676     0.0065366372637    -0.5625292460155
      0.6219577979655     0.1783642082838     0.0133781091360    -0.5534709435101
      0.6190038408278     0.1810009901999     0.0202856331337    -0.5439528029760
      0.6160095324277     0.1835473546743     0.0272518403963    -0.5339842176690
      0.6129852891171     0.1859918515542     0.0342689935463    -0.5235750253790
      0.6099414599218     0.1883232472465     0.0413289977291    -0.5127354987222
      0.6068882872647     0.1905305706169     0.0484234132185    -0.5014763350027
      0.6038358682899     0.1926031580354     0.0555434695560    -0.4898086456559
      0.6007941169415     0.1945306973868     0.0626800811883    -0.4777439452823
      0.5977727269413     0.1963032708730     0.0698238645593    -0.4652941402847
      0.5947811358134     0.1979113964345     0.0769651566079    -0.4524715171176
      0.5918284900921     0.1993460676249     0.0840940346162    -0.4392887301619
      0.5889236118497     0.2005987917812     0.0912003373491    -0.4257587892367
      0.5860749666732     0.2016616263333     0.0982736874188    -0.4118950467604
      0.5832906332144     0.2025272131092     0.1053035148031    -0.3977111845728
      0.5805782744284     0.2031888104966     0.1122790814432    -0.3832212004335
      0.5779451106141     0.2036403233307     0.1191895068394    -0.3684393942075
      0.5753978943571     0.2038763303875     0.1260237945609    -0.3533803537530
      0.5729428874718     0.2038921093706     0.1327708595815    -0.3380589405247
      0.5705858400301     0.2036836592890     0.1394195563488    -0.3224902749076
      0.5683319715556     0.2032477201339     0.1459587074918    -0.3066897212953
      0.5661859544535     0.2025817897742     0.1523771330683    -0.2906728729264
      0.5641518997381     0.2016841379979     0.1586636802519    -0.2744555364965
      0.5622333451095     0.2005538176419     0.1648072533556    -0.2580537165587
      0.5604332454228     0.1991906727608     0.1707968440866    -0.2414835997292
      0.5587539655831     0.1975953437985     0.1766215619271    -0.2247615387127
      0.5571972758889     0.1957692697381     0.1822706645342    -0.2079040361646
      0.5557643498395     0.1937146872156     0.1877335880500    -0.1909277284045
      0.5544557644079     0.1914346265982     0.1929999772161    -0.1738493689988
      0.5532715027758     0.1889329050363     0.1980597151833    -0.1566858122262
      0.5522109595129     0.1862141165122     0.2029029529113    -0.1394539964451
      0.5512729481762     0.1832836189192     0.2075201380515    -0.1221709273772
      0.5504557112940     0.1801475182186     0.2119020432097    -0.1048536613252
      0.5497569326891     0.1768126497294     0.2160397934855    -0.0875192883398
      0.5491737520891     0.1732865566215     0.2199248931900    -0.0701849153545
      0.5487027819582     0.1695774656905     0.2235492516427    -0.0528676493025
      0.5483401264813     0.1656942605045     0.2269052079546    -0.0355845802346
      0.5480814026177     0.1616464520242     0.2299855547072    -0.0183527644535
      0.5479217631367     0.1574441468050     0.2327835604384    -0.0011892076809
      0.5478559215395     0.1530980129027     0.2352929908546     0.0158891517248
      0.5478781787607     0.1486192436100     0.2375081286901     0.0328654594849
      0.5479824515409     0.1440195191630     0.2394237921382     0.0497229620330
      0.5481623023514     0.1393109665610     0.2410353517887     0.0664450230496
      0.5484109707472     0.1345061176539     0.2423387460051     0.0830151398791
      0.5487214060182     0.1296178656557     0.2433304946860     0.0994169598168
      0.5490863010054     0.1246594202511     0.2440077113573     0.1156342962467
      0.5494981269408     0.1196442614645     0.2443681135500     0.1316511446156
      0.5499491691689     0.1145860924697     0.2444100314229     0.1474516982280
      0.5504315636024     0.1094987915193     0.2441324145969     0.1630203638450
      0.5509373337622     0.1043963631773     0.2435348371738     0.1783417770733
      0.5514584282503     0.0992928890429     0.2426175009185     0.1934008175279
      0.5519867585004     0.0942024781527     0.2413812365912     0.2081826237538
      0.5525142366531     0.0891392172517     0.2398275034217     0.2226726078931
      0.5530328133989     0.0841171211231     0.2379583867253     0.2368564700807
      0.5535345156343     0.0791500831679     0.2357765936666     0.2507202125571
      0.5540114837768     0.0742518264228     0.2332854471835     0.2642501534822
      0.5544560085856     0.0694358552040     0.2304888780913     0.2774329404379
      0.5548605673369     0.0647154075622     0.2273914153930     0.2902555636051
      0.5552178592053     0.0601034087306     0.2239981748276     0.3027053686026
      0.5555208397060     0.0556124257449     0.2203148456958     0.3147700689762
      0.5557627540570     0.0512546234067     0.2163476760083     0.3264377583231
      0.5559371693232     0.0470417217611     0.2121034560074     0.3376969220425
      0.5560380052103     0.0429849552494     0.2075895001190     0.3485364486993
      0.5560595633823     0.0390950336929     0.2028136273976     0.3589456409893
      0.5559965551813     0.0353821052572     0.1977841405326     0.3689142262964
      0.5558441276344     0.0318557215369     0.1925098034881     0.3784323668304
      0.5555978876410     0.0285248048951     0.1869998178557     0.3874906693358
      0.5552539242394     0.0253976181798     0.1812637980013     0.3960801943616
      0.5548088288607     0.0224817369325     0.1753117450932     0.4041924650837
      0.5542597134835     0.0197840241954     0.1691540201028     0.4118194756702
      0.5536042266162     0.0173106080086     0.1628013158713     0.4189536991825
      0.5528405670361     0.0150668616861     0.1562646283403     0.4255880950034
      0.5519674952283     0.0130573869392     0.1495552270464     0.4317161157852
      0.5509843424758     0.0112859999141     0.1426846249827     0.4373317139111
      0.5498910175582     0.0097557201909     0.1356645479317     0.4424293474638
      0.5486880110313     0.0084687627865     0.1285069033768     0.4470039856944
      0.5473763970651     0.0074265331867     0.1212237490986     0.4510511139874
      0.5459578328300     0.0066296254246     0.1138272615669     0.4545667383156
      0.5444345554293     0.0060778232097     0.1063297042341     0.4575473891824
      0.5428093763883     0.0057701040984     0.0987433958432     0.4599901250452
      0.5410856737159     0.0057046466873     0.0910806788543     0.4618925352185
      0.5392673815697     0.0058788407974     0.0833538881017     0.4632527422534
      0.5373589775603     0.0062893006064     0.0755753197851     0.4640694037895
      0.5353654677431     0.0069318806736     0.0677572009010     0.4643417138806
      0.4510771919387    -0.0580975543653     0.0329721368666     0.2203435992552
      0.4493510196125    -0.0574907184713     0.0264166160291     0.2201687341649
      0.4476310152263    -0.0566436868262     0.0199043150232     0.2196443114647
      0.4459213074372    -0.0555624616914     0.0134481360594     0.2187708486964
      0.4442262267918    -0.0542537270573     0.0070606269523     0.2175492078624
      0.4425502910208    -0.0527248198799     0.0007539443615     0.2159805945747
      0.4408981893530    -0.0509836989813    -0.0054601813038     0.2140665568652
      0.4392747659087    -0.0490389117405    -0.0115704791937     0.2118089836580
      0.4376850022362    -0.0468995587066    -0.0175661694182     0.2092101029054
      0.4361339990586    -0.0445752562765    -0.0234369924311     0.2062724793889
      0.4346269573014    -0.0420760975854    -0.0291732362930     0.2029990121882
      0.4331691584751    -0.0394126117659    -0.0347657617186     0.1993929318203
      0.4317659444885    -0.0365957217366    -0.0402060248236     0.1954577970510
      0.4304226969731    -0.0336367006887    -0.0454860974938     0.1911974913834
      0.4291448161981    -0.0305471274415    -0.0505986853091     0.1866162192248
      0.4279376996602    -0.0273388408441    -0.0555371429656     0.1817185017376
      0.4268067204325    -0.0240238934022    -0.0602954871468     0.1765091723778
      0.4257572053587    -0.0206145043136    -0.0648684068087     0.1709933721244
      0.4247944131777    -0.0171230120971    -0.0692512708477     0.1651765444065
      0.4239235126684    -0.0135618269993    -0.0734401331383     0.1590644297306
      0.4231495608990    -0.0099433833690    -0.0774317349301     0.1526630600161
      0.4224774816712    -0.0062800921826    -0.0812235046103     0.1459787526420
      0.4219120442424    -0.0025842939090    -0.0848135548444     0.1390181042127
      0.4214578424152     0.0011317881040    -0.0882006771186     0.1317879840478
      0.4211192740764     0.0048560935379    -0.0913843337201     0.1242955274030
      0.4209005212691     0.0085767701291    -0.0943646471975     0.1165481284284
      0.4208055308795     0.0122822176361    -0.0971423873569     0.1085534328715
      0.4208379960179     0.0159611305767    -0.0997189558561     0.1003193305316
      0.4210013381681     0.0196025395713    -0.1020963684714     0.0918539474736
      0.4212986901821     0.0231958511308    -0.1042772351175     0.0831656380085
      0.4217328801875     0.0267308857367    -0.1062647377126     0.0742629764488
      0.4223064164779     0.0301979140653    -0.1080626059863     0.0651547486466
      0.4230214734465     0.0335876912186    -0.1096750913385     0.0558499433231
      0.4238798786257     0.0368914888306    -0.1111069388635     0.0463577431979
      0.4248831008860     0.0401011249249    -0.1123633576599     0.0366875159263
      0.4260322398459     0.0432089914127    -0.1134499895551     0.0268488048553
      0.4273280165400     0.0462080791259    -0.1143728763788     0.0168513196048
      0.4287707653863     0.0490920002920    -0.1151384259234     0.0067049264857
      0.4303604274891     0.0518550083666    -0.1157533767376    -0.0035803612369
      0.4320965453111     0.0544920151518    -0.1162247619005    -0.0139943932258
      0.4339782587385     0.0569986051370    -0.1165598719294    -0.0245268920888
      0.4360043025634     0.0593710470116    -0.1167662169767    -0.0351674635210
      0.4381730053961     0.0616063023112    -0.1168514884738    -0.0459056065631
      0.4404822900200     0.0637020311670    -0.1168235203826    -0.0567307239644
      0.4429296751930     0.0656565951440    -0.1166902502150    -0.0676321326410
      0.4455122788941     0.0674690571613    -0.1164596799827    -0.0785990742185
      0.4482268230099     0.0691391785029    -0.1161398372392    -0.0896207256497
      0.4510696394482     0.0706674129361    -0.1157387363741    -0.1006862098954
      0.4540366776618     0.0720548979682    -0.1152643403208    -0.1117846066585
      0.4571235135592     0.0733034432826    -0.1147245228340    -0.1229049631613
      0.4603253597749     0.0744155164070    -0.1141270314928    -0.1340363049545
      0.4636370772651     0.0753942256770    -0.1134794515811    -0.1451676467478
      0.4670531881899     0.0762433005706    -0.1127891709934    -0.1562880032506
      0.4705678900398     0.0769670694965    -0.1120633463092    -0.1673864000137
      0.4741750709571     0.0775704351343    -0.1113088701751    -0.1784518842594
      0.4778683261989     0.0780588474277    -0.1105323401274    -0.1894735356906
      0.4816409756856     0.0784382743480    -0.1097400289821    -0.2004404772681
      0.4854860825722     0.0787151705495    -0.1089378569130    -0.2113418859447
      0.4893964727772     0.0788964440481    -0.1081313653307    -0.2221670033460
      0.4933647553992     0.0789894210624    -0.1073256926689    -0.2329051463881
      0.4973833439497     0.0790018091646    -0.1065255521751    -0.2435457178203
      0.5014444783249     0.0789416588939    -0.1057352117964    -0.2540782166833
      0.5055402474378     0.0788173239910    -0.1049584762404    -0.2644922486722
      0.5096626124303     0.0786374204203    -0.1041986712825    -0.2747775363948
      0.5138034303798     0.0784107843476    -0.1034586303844    -0.2849239295139
      0.5179544784163     0.0781464292487    -0.1027406836742    -0.2949214147644
      0.5221074781614     0.0778535023242    -0.1020466493333    -0.3047601258354
      0.5262541204024     0.0775412404028    -0.1013778274230    -0.3144303531070
      0.5303860899095     0.0772189255125    -0.1007349961734    -0.3239225532322
      0.5344950903087     0.0768958403045    -0.1001184107495    -0.3332273585557
      0.5385728689178     0.0765812235140    -0.0995278044955    -0.3423355863579
      0.5426112414573     0.0762842256392    -0.0989623926522    -0.3512382479176
      0.5466021165443     0.0760138650238    -0.0984208785286    -0.3599265573827
      0.5505375198830     0.0757789845223    -0.0979014621013    -0.3683919404407
      0.5544096180610     0.0755882089277    -0.0974018510036    -0.3766260427806
      0.5582107418679     0.0754499033360    -0.0969192738581    -0.3846207383375
      0.5619334090497     0.0753721326212    -0.0964504958946    -0.3923681373121
      0.5655703464171     0.0753626221865    -0.0959918367883    -0.3998605939569
      0.5691145112291     0.0754287201542    -0.0955391906420    -0.4070907141218
      0.5725591117721     0.0755773611514    -0.0950880480288    -0.4140513625511
      0.5758976270627     0.0758150318416    -0.0946335200018    -0.4207356699252
      0.5791238256030     0.0761477383437    -0.0941703639707    -0.4271370396397
      0.5822317831201     0.0765809756761    -0.0936930113355    -0.4332491543156
      0.5852158992279     0.0771196993511    -0.0931955967632    -0.4390659820335
      0.5880709129514     0.0777682992405    -0.0926719889826    -0.4445817822869
      0.5907919170588     0.0785305758201    -0.0921158229701    -0.4497911116467
      0.5933743711516     0.0794097188939    -0.0915205333906    -0.4546888291339
      0.5958141134664     0.0804082888889    -0.0908793891525    -0.4592701012925
      0.5981073713487     0.0815282007994    -0.0901855289341    -0.4635304069601
      0.6002507703627     0.0827707108500    -0.0894319975304    -0.4674655417294
      0.6022413420072     0.0841364059369    -0.0886117828684    -0.4710716220973
      0.6040765300125     0.0856251958925    -0.0877178535355    -0.4743450892980
      0.6057541951987     0.0872363086117    -0.0867431966627    -0.4772827128145
      0.6072726188813     0.0889682880624    -0.0856808560044    -0.4798815935671
      0.6086305048165     0.0908189951937    -0.0845239700516    -0.4821391667743
      0.6098269796822     0.0927856117432    -0.0832658100209    -0.4840532044838
      0.6108615920975     0.0948646469327    -0.0818998175560    -0.4856218177715
      0.6117343101897     0.0970519470300    -0.0804196419830    -0.4868434586055
      0.6124455177221     0.0993427077438    -0.0788191769612    -0.4877169213738
      0.6129960088017     0.1017314894063    -0.0770925963735    -0.4882413440740
      0.6133869811912     0.1042122348872    -0.0752343893018    -0.4884162091643
      0.6136200282565     0.1067782901726    -0.0732393939401    -0.4882413440740
      0.6136971295826     0.1094224275301    -0.0711028302968    -0.4877169213738
      0.6136206403004     0.1121368711718    -0.0688203315462    -0.4868434586055
      0.6133932791669     0.1149133253179    -0.0663879738939    -0.4856218177715
      0.6130181154510     0.1177430045503    -0.0638023048237    -0.4840532044838
      0.6124985546763     0.1206166663420    -0.0610603696042    -0.4821391667743
      0.6118383232821     0.1235246456330    -0.0581597359360    -0.4798815935671
      0.6110414522625     0.1264568913197    -0.0550985166308    -0.4772827128145
      0.6101122598512     0.1294030045161    -0.0518753902187    -0.4743450892980
      0.6090553333215     0.1323522784347    -0.0484896193903    -0.4710716220973
      0.6078755099745     0.1352937397335    -0.0449410671876    -0.4674655417294
      0.6065778573909     0.1382161911658    -0.0412302108663    -0.4635304069601
      0.6051676530258     0.1411082553640    -0.0373581533623    -0.4592701012925
      0.6036503632266     0.1439584195870    -0.0333266323029    -0.4546888291339
      0.6020316217579     0.1467550812537    -0.0291380265157    -0.4497911116467
      0.6003172079170     0.1494865940823    -0.0247953599941    -0.4445817822869
      0.5985130243270     0.1521413146546    -0.0203023032925    -0.4390659820335
      0.5966250744935     0.1547076492187    -0.0156631723318    -0.4332491543156
      0.5946594402143     0.1571741005466    -0.0108829246060    -0.4271370396397
      0.5926222589278     0.1595293146598    -0.0059671527937    -0.4207356699252
      0.5905197010906     0.1617621272368    -0.0009220757843    -0.4140513625511
      0.5883579476698     0.1638616095185     0.0042454728558    -0.4070907141218
      0.5861431678393     0.1658171135281     0.0095280589478    -0.3998605939569
      0.5838814969636     0.1676183164250     0.0149176642488    -0.3923681373121
      0.5815790149558     0.1692552638159     0.0204057054359    -0.3846207383375
      0.5792417250916     0.1707184118482     0.0259830554594    -0.3766260427806
      0.5768755333598     0.1719986679186     0.0316400671961    -0.3683919404407
      0.5744862284292     0.1730874298323     0.0373665993202    -0.3599265573827
      0.5720794623061     0.1739766232548     0.0431520443018    -0.3512382479176
      0.5696607317563     0.1746587373055     0.0489853584350    -0.3423355863579
      0.5672353605615     0.1751268581489     0.0548550937883    -0.3332273585557
      0.5648084826747     0.1753747004468     0.0607494319626    -0.3239225532322
      0.5623850263385     0.1753966365434     0.0666562195353    -0.3144303531070
      0.5599696992244     0.1751877232634     0.0725630050609    -0.3047601258354
      0.5575669746467     0.1747437262135     0.0784570774940    -0.2949214147644
      0.5551810789003     0.1740611414862     0.0843255058928    -0.2849239295139
      0.5528159797694     0.1731372146751     0.0901551802564    -0.2747775363948
      0.5504753762446     0.1719699571221     0.0959328533466    -0.2644922486722
      0.5481626894862     0.1705581593270     0.1016451833361    -0.2540782166833
      0.5458810550618     0.1689014014602     0.1072787771274    -0.2435457178203
      0.5436333164851     0.1670000609332     0.1128202341782    -0.2329051463881
      0.5414220200736     0.1648553169886     0.1182561906701    -0.2221670033460
      0.5392494111413     0.1624691522882     0.1235733638559    -0.2113418859447
      0.5371174315337     0.1598443514847     0.1287585964169    -0.2004404772681
      0.5350277185103     0.1569844967774     0.1337989006642    -0.1894735356906
      0.5329816049699     0.1538939604629     0.1386815024178    -0.1784518842594
      0.5309801210149     0.1505778945027     0.1433938843957    -0.1673864000137
      0.5290239968375     0.1470422171439     0.1479238289505    -0.1562880032506
      0.5271136669132     0.1432935966366     0.1522594599909    -0.1451676467478
      0.5252492754759     0.1393394321080     0.1563892839280    -0.1340363049545
      0.5234306832466     0.1351878316586     0.1603022294921    -0.1229049631613
      0.5216574753818     0.1308475877625     0.1639876862671    -0.1117846066585
      0.5199289706032     0.1263281500599     0.1674355417961    -0.1006862098954
      0.5182442314648     0.1216395956420     0.1706362171168    -0.0896207256497
      0.5166020757100     0.1167925969388     0.1735807005895    -0.0785990742185
      0.5150010886658     0.1117983873282     0.1762605798901    -0.0676321326410
      0.5134396366176     0.1066687245949     0.1786680720427    -0.0567307239644
      0.5119158811048     0.1014158523757     0.1807960513798    -0.0459056065631
      0.5104277940717     0.0960524597349     0.1826380753187    -0.0351674635210
      0.5089731738081     0.0905916390230     0.1841884078584    -0.0245268920888
      0.5075496616063     0.0850468421754     0.1854420407026    -0.0139943932258
      0.5061547590635     0.0794318356167     0.1863947119303    -0.0035803612369
      0.5047858459514     0.0737606539414     0.1870429221386     0.0067049264857
      0.5034401985761     0.0680475525439     0.1873839479965     0.0168513196048
      0.5021150085463     0.0623069593787     0.1874158531554     0.0268488048553
      0.5008074018697     0.0565534260325     0.1871374964742     0.0366875159263
      0.4995144582927     0.0508015782931     0.1865485375242     0.0463577431979
      0.4982332307999     0.0450660664029     0.1856494393529     0.0558499433231
      0.4969607651893     0.0393615151851     0.1844414684938     0.0651547486466
      0.4956941196360     0.0337024742321     0.1829266922192     0.0742629764488
      0.4944303841617     0.0281033683436     0.1811079730469     0.0831656380085
      0.4931666999242     0.0225784484036     0.1789889605171     0.0918539474736
      0.4919002782432     0.0171417428825     0.1765740802721     0.1003193305316
      0.4906284192797     0.0118070101463     0.1738685204749     0.1085534328715
      0.4893485302879     0.0065876917559     0.1708782156198     0.1165481284284
      0.4880581433599     0.0014968669314     0.1676098277922     0.1242955274030
      0.4867549325858    -0.0034527916448     0.1640707254483     0.1317879840478
      0.4854367305542    -0.0082490605208     0.1602689597932     0.1390181042127
      0.4841015441205    -0.0128802065002     0.1562132388445     0.1459787526420
      0.4827475693741    -0.0173350258469     0.1519128992795     0.1526630600161
      0.4813732057383    -0.0216028815210     0.1473778761687     0.1590644297306
      0.4799770691394    -0.0256737383046     0.1426186707114     0.1651765444065
      0.4785580041886    -0.0295381956882     0.1376463160914     0.1709933721244
      0.4771150953189    -0.0331875183919     0.1324723415815     0.1765091723778
      0.4756476768293    -0.0366136644094     0.1271087350312     0.1817185017376
      0.4741553417887    -0.0398093104691     0.1215679038766     0.1866162192248
      0.4726379497585    -0.0427678748190     0.1158626348194     0.1911974913834
      0.4710956332982    -0.0454835372511     0.1100060523251     0.1954577970510
      0.4695288032207    -0.0479512562919     0.1040115760948     0.1993929318203
      0.4679381525731    -0.0501667834972     0.0978928776704     0.2029990121882
      0.4663246593196    -0.0521266748004     0.0916638363340     0.2062724793889
      0.4646895877123    -0.0538282988746     0.0853384944664     0.2092101029054
      0.4630344883382    -0.0552698424807     0.0789310125310     0.2118089836580
      0.4613611968374    -0.0564503127854     0.0724556238497     0.2140665568652
      0.4596718312941    -0.0573695366450     0.0659265893394     0.2159805945747
      0.4579687883033    -0.0580281568615     0.0593581523774     0.2175492078624
      0.4562547377278    -0.0584276254319     0.0527644939614     0.2187708486964
      0.4545326161593    -0.0585701938190     0.0461596883316     0.2196443114647
      0.4528056191067    -0.0584589002886     0.0395576592166     0.2201687341649
      0.4510771919387    -0.0580975543653     0.0329721368666     0.2203435992552
      0.4123565481652    -0.0854414306312     0.0048175088427     0.0356234066123
      0.4112999182005    -0.0845038480022    -0.0003464502426     0.0355272309474
      0.4102800670997    -0.0833294438329    -0.0054261615364     0.0352387988665
      0.4092989024112    -0.0819249702981    -0.0104087707050     0.0347583950172
      0.4083583720962    -0.0802978944606    -0.0152818813273     0.0340864935001
      0.4074604587408    -0.0784563669029    -0.0200335966448     0.0332237574009
      0.4066071734377    -0.0764091878541    -0.0246525592742     0.0321710381360
      0.4058005493619    -0.0741657709467    -0.0291279887311     0.0309293746122
      0.4050426350636    -0.0717361047491    -0.0334497166251     0.0294999922014
      0.4043354875033    -0.0691307122245    -0.0376082193939     0.0278843015316
      0.4036811648560    -0.0663606082804    -0.0415946484550     0.0260838970943
      0.4030817191114    -0.0634372555742    -0.0454008576633     0.0241005556714
      0.4025391884993    -0.0603725187525    -0.0490194279728     0.0219362345815
      0.4020555897682    -0.0571786173031    -0.0524436892144     0.0195930697481
      0.4016329103496    -0.0538680772078    -0.0556677389083     0.0170733735920
      0.4012731004361    -0.0504536815856    -0.0586864580474     0.0143796327491
      0.4009780650070    -0.0469484205225    -0.0614955237942     0.0115145056164
      0.4007496558310    -0.0433654402836    -0.0640914190504     0.0084808197285
      0.4005896634804    -0.0397179921095    -0.0664714388673     0.0052815689672
      0.4004998093866    -0.0360193807972    -0.0686336936800     0.0019199106065
      0.4004817379706    -0.0322829132676    -0.0705771093602    -0.0016008378024
      0.4005370088810    -0.0285218473223    -0.0723014240932    -0.0052772017060
      0.4006670893691    -0.0247493407898    -0.0738071821013    -0.0091055529770
      0.4008733468357    -0.0209784012609    -0.0750957242423    -0.0130821134949
      0.4011570415784    -0.0172218366096    -0.0761691755303    -0.0172029588745
      0.4015193197702    -0.0134922064937    -0.0770304296336    -0.0214640223390
      0.4019612067008    -0.0098017750232    -0.0776831304180    -0.0258610987331
      0.4024836003070    -0.0061624647826    -0.0781316506156    -0.0303898486734
      0.4030872650214    -0.0025858123851    -0.0783810677107    -0.0350458028303
      0.4037728259674     0.0009170742685    -0.0784371371427    -0.0398243663394
      0.4045407635234     0.0043355568590    -0.0783062629415    -0.0447208233352
      0.4053914082829     0.0076595054897    -0.0779954659147    -0.0497303416060
      0.4063249364327     0.0108793353470    -0.0775123495212    -0.0548479773619
      0.4073413655709     0.0139860410406    -0.0768650635701    -0.0600686801144
      0.4084405509836     0.0169712284900    -0.0760622658963    -0.0653872976602
      0.4096221824006     0.0198271442367    -0.0751130821687    -0.0707985811658
      0.4108857812449     0.0225467020681    -0.0740270639960    -0.0762971903477
      0.4122306983915     0.0251235068545    -0.0728141455013    -0.0818776987425
      0.4136561124482     0.0275518755058    -0.0714845985431    -0.0875345990623
      0.4151610285702     0.0298268549738    -0.0700489867635    -0.0932623086292
      0.4167442778160     0.0319442372287    -0.0685181186515    -0.0990551748856
      0.4184045170533     0.0339005711593    -0.0669029998122    -0.1049074809718
      0.4201402294188     0.0356931713516    -0.0652147846329    -0.1108134513683
      0.4219497253350     0.0373201237180    -0.0634647275450    -0.1167672575952
      0.4238311440858     0.0387802879584    -0.0616641340762    -0.1227630239647
      0.4257824559484     0.0400732968491    -0.0598243118914    -0.1287948333792
      0.4278014648794     0.0411995523677    -0.0579565220202    -0.1348567331711
      0.4298858117484     0.0421602186738    -0.0560719304674    -0.1409427409772
      0.4320329781136     0.0429572119792    -0.0541815604004    -0.1470468506425
      0.4342402905278     0.0435931873532    -0.0522962451080    -0.1531630381477
      0.4365049253654     0.0440715225195    -0.0504265819172    -0.1592852675542
      0.4388239141553     0.0443962987156    -0.0485828872552    -0.1654074969606
      0.4411941494053     0.0445722786955    -0.0467751530359    -0.1715236844658
      0.4436123909011     0.0446048819680    -0.0450130045466    -0.1776277941311
      0.4460752724600     0.0445001573745    -0.0433056600026    -0.1837138019372
      0.4485793091191     0.0442647531205    -0.0416618919335    -0.1897757017291
      0.4511209047360     0.0439058843854    -0.0400899905538    -0.1958075111436
      0.4536963599771     0.0434312986434    -0.0385977292665    -0.2018032775131
      0.4563018806695     0.0428492388398    -0.0371923324350    -0.2077570837401
      0.4589335864882     0.0421684045737    -0.0358804455550    -0.2136630541365
      0.4615875199516     0.0413979114456    -0.0346681079427    -0.2195153602227
      0.4642596556954     0.0405472487387    -0.0335607280501    -0.2253082264791
      0.4669459099953     0.0396262356047    -0.0325630615042    -0.2310359360461
      0.4696421505060     0.0386449759350    -0.0316791919588    -0.2366928363658
      0.4723442061859     0.0376138121009    -0.0309125148336    -0.2422733447607
      0.4750478773731     0.0365432777525    -0.0302657240057    -0.2477719539426
      0.4777489459804     0.0354440498675    -0.0297408015057    -0.2531832374482
      0.4804431857746     0.0343269002469    -0.0293390102583    -0.2585018549939
      0.4831263727064     0.0332026466541    -0.0290608898966    -0.2637225577464
      0.4857942952561     0.0320821037976    -0.0289062556643    -0.2688401935023
      0.4884427647601     0.0309760343560    -0.0288742004107    -0.2738497117731
      0.4910676256848     0.0298951002457    -0.0289630996683    -0.2787461687690
      0.4936647658120     0.0288498143286    -0.0291706197918    -0.2835247322780
      0.4962301263036     0.0278504927579    -0.0294937291246    -0.2881806864350
      0.4987597116099     0.0269072081555    -0.0299287121471    -0.2927094363752
      0.5012495991897     0.0260297438112    -0.0304711865485    -0.2971065127694
      0.5036959490103     0.0252275490919    -0.0311161231526    -0.3013675762338
      0.5060950127939     0.0245096962412    -0.0318578686155    -0.3054884216134
      0.5084431429821     0.0238848387463    -0.0326901708048    -0.3094649821313
      0.5107368013864     0.0233611714431    -0.0336062067544    -0.3132933334023
      0.5129725674987     0.0229463925207    -0.0345986130841    -0.3169696973059
      0.5151471464323     0.0226476675832    -0.0356595187578    -0.3204904457149
      0.5172573764700     0.0224715959134    -0.0367805800502    -0.3238521040755
      0.5193002361920     0.0224241790799    -0.0379530175774    -0.3270513548369
      0.5212728511632     0.0225107920144    -0.0391676552433    -0.3300850407248
      0.5231725001578     0.0227361566794    -0.0404149609428    -0.3329501678574
      0.5249966209010     0.0231043184355    -0.0416850888567    -0.3356439087003
      0.5267428153116     0.0236186252062    -0.0429679231678    -0.3381636048564
      0.5284088542275     0.0242817095275    -0.0442531230191    -0.3405067696898
      0.5299926816029     0.0250954735569    -0.0455301685340    -0.3426710907798
      0.5314924181623     0.0260610771072    -0.0467884077089    -0.3446544322027
      0.5329063645031     0.0271789287548    -0.0480171039908    -0.3464548366399
      0.5342330036389     0.0284486800638    -0.0492054843447    -0.3480705273097
      0.5354710029758     0.0298692229504    -0.0503427876158    -0.3494999097205
      0.5366192157199     0.0314386902050    -0.0514183129905    -0.3507415732443
      0.5376766817136     0.0331544591706    -0.0524214683585    -0.3517942925093
      0.5386426277000     0.0350131585693    -0.0533418183794    -0.3526570286084
      0.5395164670190     0.0370106784513    -0.0541691320573    -0.3533289301255
      0.5402977987401     0.0391421832320    -0.0548934296300    -0.3538093339748
      0.5409864062362     0.0414021277684    -0.0555050285819    -0.3540977660558
      0.5415822552097     0.0437842764133    -0.0559945885901    -0.3541939417207
      0.5420854911797     0.0462817249770    -0.0563531552225    -0.3540977660558
      0.5424964364430     0.0488869255104    -0.0565722022073    -0.3538093339748
      0.5428155865246     0.0515917138153    -0.0566436720999    -0.3533289301255
      0.5430436061322     0.0543873395754    -0.0565600151804    -0.3526570286084
      0.5431813246342     0.0572644989905    -0.0563142264216    -0.3517942925093
      0.5432297310797     0.0602133697879    -0.0558998803733    -0.3507415732443
      0.5431899687827     0.0632236484740    -0.0553111638191    -0.3494999097205
      0.5430633294933     0.0662845896807    -0.0545429060694    -0.3480705273097
      0.5428512471801     0.0693850474523    -0.0535906067630    -0.3464548366399
      0.5425552914483     0.0725135183119    -0.0524504610622    -0.3446544322027
      0.5421771606228     0.0756581859371    -0.0511193821322    -0.3426710907798
      0.5417186745220     0.0788069672702    -0.0495950208102    -0.3405067696898
      0.5411817669530     0.0819475598817    -0.0478757823796    -0.3381636048564
      0.5405684779565     0.0850674903991    -0.0459608403739    -0.3356439087003
      0.5398809458338     0.0881541638121    -0.0438501473503    -0.3329501678574
      0.5391213989864     0.0911949134569    -0.0415444425819    -0.3300850407248
      0.5382921475997     0.0941770514850    -0.0390452566313    -0.3270513548369
      0.5373955752047     0.0970879196147    -0.0363549127798    -0.3238521040755
      0.5364341301484     0.0999149399646    -0.0334765252994    -0.3204904457149
      0.5354103170069     0.1026456657687    -0.0304139945670    -0.3169696973059
      0.5343266879744     0.1052678317711    -0.0271719990329    -0.3132933334023
      0.5331858342589     0.1077694041000    -0.0237559840678    -0.3094649821313
      0.5319903775200     0.1101386294234    -0.0201721477253    -0.3054884216134
      0.5307429613777     0.1123640831898    -0.0164274234689    -0.3013675762338
      0.5294462430269     0.1144347167631    -0.0125294599243    -0.2971065127694
      0.5281028849865     0.1163399032625    -0.0084865977306    -0.2927094363752
      0.5267155470143     0.1180694819247    -0.0043078435738    -0.2881806864350
      0.5252868782178     0.1196138008113    -0.0000028414990    -0.2835247322780
      0.5238195093879     0.1209637576890     0.0044181583922    -0.2787461687690
      0.5223160455849     0.1221108389205     0.0089443337432    -0.2738497117731
      0.5207790590012     0.1230471562080     0.0135643261147    -0.2688401935023
      0.5192110821275     0.1237654810418     0.0182662793925    -0.2637225577464
      0.5176146012452     0.1242592767149     0.0230378802845    -0.2585018549939
      0.5159920502673     0.1245227277737     0.0278664007551    -0.2531832374482
      0.5143458049488     0.1245507667848     0.0327387422329    -0.2477719539426
      0.5126781774855     0.1243390983087     0.0376414814263    -0.2422733447607
      0.5109914115190     0.1238842199820     0.0425609175692    -0.2366928363658
      0.5092876775622     0.1231834406199     0.0474831209178    -0.2310359360461
      0.5075690688617     0.1222348952654     0.0523939823120    -0.2253082264791
      0.5058375977059     0.1210375571186     0.0572792636106    -0.2195153602227
      0.5040951921912     0.1195912462971     0.0621246488080    -0.2136630541365
      0.5023436934538     0.1178966353866     0.0669157956340    -0.2077570837401
      0.5005848533727     0.1159552517557     0.0716383874380    -0.2018032775131
      0.4988203327485     0.1137694766211     0.0762781851597    -0.1958075111436
      0.4970516999606     0.1113425408613     0.0808210791823    -0.1897757017291
      0.4952804301015     0.1086785175899     0.0852531408706    -0.1837138019372
      0.4935079045887     0.1057823115141     0.0895606735933    -0.1776277941311
      0.4917354112476     0.1026596451133     0.0937302630322    -0.1715236844658
      0.4899641448621     0.0993170416875     0.0977488265845    -0.1654074969606
      0.4881952081832     0.0957618053373     0.1016036616646    -0.1592852675542
      0.4864296133882     0.0920019979485     0.1052824927203    -0.1531630381477
      0.4846682839756     0.0880464132658     0.1087735167796    -0.1470468506425
      0.4829120570868     0.0839045481536     0.1120654473515    -0.1409427409772
      0.4811616862352     0.0795865711496     0.1151475565104    -0.1348567331711
      0.4794178444294     0.0751032884308     0.1180097150000    -0.1287948333792
      0.4776811276702     0.0704661073196     0.1206424302014    -0.1227630239647
      0.4759520588019     0.0656869974682     0.1230368818167    -0.1167672575952
      0.4742310916971     0.0607784498674     0.1251849551294    -0.1108134513683
      0.4725186157520     0.0557534338374     0.1270792717119    -0.1049074809718
      0.4708149606677     0.0506253521617     0.1287132174600    -0.0990551748856
      0.4691204014940     0.0454079945373     0.1300809678455    -0.0932623086292
      0.4674351639070     0.0401154895165     0.1311775102873    -0.0875345990623
      0.4657594296964     0.0347622551254     0.1319986635528    -0.0818776987425
      0.4640933424316     0.0293629483466     0.1325410941158    -0.0762971903477
      0.4624370132806     0.0239324136600     0.1328023294033    -0.0707985811658
      0.4607905269499     0.0184856308370     0.1327807678818    -0.0653872976602
      0.4591539477183     0.0130376621906     0.1324756859401    -0.0600686801144
      0.4575273255320     0.0076035994797     0.1318872415437    -0.0548479773619
      0.4559107021326     0.0021985106740     0.1310164746437    -0.0497303416060
      0.4543041171859    -0.0031626132182     0.1298653043379    -0.0447208233352
      0.4527076143835    -0.0084649110556     0.1284365227945    -0.0398243663394
      0.4511212474836    -0.0136937039999     0.1267337859610    -0.0350458028303
      0.4495450862642    -0.0188345472815     0.1247616010922    -0.0303898486734
      0.4479792223577    -0.0238732810967     0.1225253111463    -0.0258610987331
      0.4464237749368    -0.0287960804417     0.1200310761065    -0.0214640223390
      0.4448788962260    -0.0335895036923     0.1172858513011    -0.0172029588745
      0.4433447768084    -0.0382405397444     0.1142973628049    -0.0130821134949
      0.4418216507022    -0.0427366535336     0.1110740800145    -0.0091055529770
      0.4403098001818    -0.0470658297616     0.1076251855050    -0.0052772017060
      0.4388095603166    -0.0512166146613     0.1039605422824    -0.0016008378024
      0.4373213232073    -0.0551781556419     0.1000906585578     0.0019199106065
      0.4358455418934    -0.0589402386633     0.0960266501789     0.0052815689672
      0.4343827339156    -0.0624933231965     0.0917802008629     0.0084808197285
      0.4329334845095    -0.0658285746392     0.0873635203846     0.0115145056164
      0.4314984494164    -0.0689378940620     0.0827893008786     0.0143796327491
      0.4300783572921    -0.0718139451735     0.0780706714264     0.0170733735920
      0.4286740117016    -0.0744501784038     0.0732211510999     0.0195930697481
      0.4272862926857    -0.0768408520143     0.0682546006444     0.0219362345815
      0.4259161578888    -0.0789810501572     0.0631851729855     0.0241005556714
      0.4245646432395    -0.0808666978156     0.0580272627498     0.0260838970943
      0.4232328631759    -0.0824945725723     0.0527954549949     0.0278843015316
      0.4219220104121    -0.0838623131630     0.0475044733436     0.0294999922014
      0.4206333552402    -0.0849684247852     0.0421691277227     0.0309293746122
      0.4193682443694    -0.0858122811456     0.0368042619069     0.0321710381360
      0.4181280993010    -0.0863941232421     0.0314247010676     0.0332237574009
      0.4169144142427    -0.0867150548880     0.0260451995290     0.0340864935001
      0.4157287535675    -0.0867770350003     0.0206803889314     0.0347583950172
      0.4145727488223    -0.0865828666857     0.0153447269983     0.0352387988665
      0.4134480952976    -0.0861361831702     0.0100524471054     0.0355272309474
      0.4123565481652    -0.0854414306312     0.0048175088427     0.0356234066123
