       260025.080370561569       28276.111750240525       43536.339192358108        9759.370264222645
       256113.781859048264       31734.036278514337       28536.982690463032        9683.112176317671
       251211.201350399671       36374.328264950818       13167.593758880095        9450.042187544623
       245618.652559290669       41898.687649124113       -2311.712480286740        9063.835950855906
       239685.277297524590       47957.740017054930      -17645.229027659556        8530.584169312528
       233786.143229369452       54173.024699972972      -32586.417844063835        7858.696542058386
       228298.641477387864       60160.739336598381      -46902.094435124600        7058.769138341728
       223578.667664095119       65555.749500846345      -60375.951557371140        6143.417291172466
       219938.084695152356       70034.356454776600      -72811.376135739862        5127.076645985288
       217624.886140101298       73334.395204777902      -84033.552314892251        4025.775501887157
       216807.310420919093       75271.403828903814      -93890.880164268077        2856.882035805970
       217562.908758231119       75749.852882838313     -102255.771749918902        1638.830395964950
       219873.259469752607       74768.734993059246     -109024.912222583574         390.829984353121
       223624.667252277228       72421.169933756406     -114119.091829417055        -867.437487019048
       228614.810735141393       68888.057228365171     -117482.724431126873       -2116.128388475494
       234564.928442508477       64426.182933701952     -119083.168862128834       -3335.550118568415
       241136.785781012732       59351.536206516612     -118909.961559284056       -4506.471668167114
       247953.365606584470       54018.892586036614     -116974.053122899641       -5610.426904959617
       254621.991168459994       48798.955712323150     -113307.119188099517       -6630.005795391031
       260758.437463627954       44054.502683279177     -107960.988923859230       -7549.128971292133
       266010.524859377998       40117.040787875507     -101007.204693894630       -8353.301311121610
       270079.721162219415       37265.451011385667      -92536.696133207530       -9029.840536690848
       272739.403101789299       35707.968525674107      -82659.523366113601       -9568.077220267718
       273848.637621866539       35568.640225014664      -71504.619445546967       -9959.523047825414
       273360.624276769580       36879.117457647051      -59219.443197695458      -10198.004684824671
       271325.274778652820       39576.306158331921      -45969.441996930778      -10279.761133388431
       267885.773307980737       43506.027727451597      -31937.220578638473      -10203.503045483405
       263269.338502781698       48432.465417338004      -17321.317278942450       -9970.433056710299
       257772.771389048954       54052.806478884842       -2334.502946571244       -9584.226820021609
       251743.700090189697       60016.162809724468       12798.460496861160       -9050.975038478196
       245558.701454151829       65945.582924759030       27843.636501282934       -8379.087411224180
       239599.674858503946       71461.772717709508       42561.306674856503       -7579.160007507328
       234229.952154195285       76207.033990954456       56709.905038894918       -6663.808160338176
       229771.643175073725       79867.914934701679       70050.422044587234       -5647.467515150987
       226485.637518335134       82195.146583012684       82351.171550689032       -4546.166371052903
       224555.515355070005       83019.608763053315       93392.782897795609       -3377.272904971714
       224076.373427925573       82263.317552536115      102973.255264297797       -2159.221265130671
       225049.262646201241       79944.738169512973      110912.894389892317        -911.220853518839
       227381.580273396685       76178.082954877522      117058.943786565331         347.046617853339
       230893.384838321392       71166.631331540688      121289.724467629479        1595.737519309786
       235329.229152976710       65190.483644168664      123518.109164524561        2815.159249402714
       240374.759619998746       58589.510045500021      123694.178517804336        3986.080799001375
       245677.030181861541       51742.557161309000      121806.936790924039        5090.036035793908
       250867.245649487013       45044.210193348830      117885.001710661774        6109.614926225272
       255584.496430219267       38880.561649867639      111996.225105793565        7028.738102126468
       259498.984452395001       33605.500380887097      104246.245805328857        7832.910441955888
       262333.272263682738       29519.002112844508       94776.021308749740        8509.449667525152
       263880.211838329502       26848.777262213720       83758.427569320673        9047.686351101916
       264016.418731939630       25736.421335085215       71394.054483848115        9439.132178659762
       262710.437725757190       26228.930906624730       57906.356274263599        9677.613815659195
       260025.080370561511       28276.111750240547       43536.339192358049        9759.370264222645
       227892.895789881353        3851.631306162932       28409.069981871864        6179.364690060640
       224215.328849421698        5891.178059238890       15037.525770225959        6122.010727976234
       220192.120219967153        9281.372313959826        1801.561606095353        5949.882784967951
       216045.466701950412       13778.599502931052      -11007.002464303470        5665.695421521270
       212025.860980282363       19090.225496292805      -23131.727081078709        5273.930442123078
       208396.510849640064       24893.142482165182      -34359.018479005244        4780.766214527421
       205416.633082753804       30853.903200944897      -44522.903182322356        4193.980233205641
       203324.674296516983       36649.181072059204      -53506.948829873705        3522.826463612148
       202322.520862626261       41985.278380814751      -61243.344612730230        2777.889401621123
       202561.702749273478       46615.469490782401      -67709.328981547995        1970.917149703995
       204132.475676314149       50354.106863321314      -72921.312616475770        1114.636142335541
       207056.489618628984       53086.625577358544      -76927.181174405210         222.550442519285
       211283.530507978634       54774.843914086006      -79797.366588572011        -691.271225352467
       216692.569795912772       55457.256883215945      -81615.341303738751       -1612.417347686781
       223097.089136264723       55244.337453479748      -82468.212847717252       -2526.360899868379
       230254.381574180064       54309.176685187274      -82438.075331384272       -3418.688446115956
       237878.282954439870       52874.089020028281      -81594.711369141980       -4275.327447974580
       245654.573310032312       51194.064089349027      -79990.136731156832       -5082.768196653664
       253258.121183233627       49538.145502765365      -77655.347391538060       -5828.276869204537
       260370.734630502819       48169.947648315960      -74599.473124813012       -6500.096348516319
       266698.637926601863       47328.575365126191      -70811.373466880148       -7087.631640074335
       271988.515528730117       47211.185061784017      -66263.541544209074       -7581.616961353900
       276041.153285872657       47958.321116286825      -60918.019952952440       -7974.261868746589
       278721.855652665487       49642.984812049370      -54733.890931830232       -8259.374117507819
       279967.017476528883       52264.155769394383      -47675.789682139221       -8432.457317156599
       279786.467260668171       55745.202777008235      -39722.812197880849       -8490.781842239841
       278261.460740011069       59937.309949902861      -30877.152456394506       -8433.427880155507
       275538.472744871571       64627.724838930371      -21171.810763660505       -8261.299937147296
       271819.194819536991       69552.327620583383      -10676.765171294859       -7977.112573700439
       267347.379680538666       74411.744196595551         496.911835309729       -7585.347594302300
       262393.366735171294       78889.998367748965       12195.384309986235       -7092.183366706673
       257237.263480096764       82674.533598331298       24223.072737035276       -6505.397385384887
       252151.836908160709       85476.343683735118       36346.435112751686       -5834.243615791289
       247386.182166238141       87048.939684462748       48300.405812573532       -5089.306553800399
       243151.181886372797       87204.948627925449       59797.217543969571       -4282.334301883282
       239607.652313932602       85829.283500974678       70537.175601814743       -3426.053294514835
       236857.899029356835       82888.034988105734       80220.822679520817       -2533.967594698529
       234941.186662893509       78432.500069027272       88561.835004539607       -1620.145926826743
       233833.377325069800       72598.064412384672       95299.932846532174        -698.999804492473
       233450.727265500929       65597.975582719708      100213.074302288791         214.943747689140
       233657.567245225830       57712.362356238606      103128.231791502738        1107.271293936745
       234277.345896306535       49273.151961889642      103930.124211352129        1963.910295795407
       235106.302451221010       40645.793230526033      102567.389822674944        2771.351044474435
       235928.869056419237       32208.893375932159       99055.828887299605        3516.859717025455
       236533.793893709546       24333.006911507946       93478.512066969226        4188.679196336991
       236729.931374759908       17359.868813258017       85982.730406451185        4776.214487894938
       236360.667566608696       11583.337099613847       76773.944328334983        5270.199809174796
       235316.036358875746        7233.204189229386       66107.061320144188        5662.844716567391
       233541.729182717099        4462.858342046681       54275.524329031425        5947.956965328594
       231044.399047395156        3341.537340176778       41598.815968757306        6121.040164977501
       227892.895789881295        3851.631306162939       28409.069981871806        6179.364690060640
       191255.725342495367      -23932.526867779594       13580.284224280273        2950.866974356168
       188400.815135204874      -22291.850127163842        2587.640855229625        2914.397557930366
       185686.086066460120      -19170.810135140040       -7859.266873295313        2804.015445729117
       183242.238801210769      -14805.389059271800      -17464.329857542183        2621.461429601220
       181210.363116574299       -9482.348495086073      -25989.823648498990        2369.614495433302
       179733.269310500211       -3521.014582000848      -33265.576716370320        2052.446419823285
       178946.276137622714        2746.547664368232      -39193.898538522059        1674.959132790609
       178968.037865152699        8995.728849430707      -43750.048769250032        1243.105834351693
       179891.997391242883       14928.680203960797      -46978.307416600757         763.697108999625
       181779.019669434929       20291.533303122080      -48983.979442952135         244.293518718078
       184651.691888799338       24888.476102335171      -49921.918383734053        -306.913631597541
       188490.678127587336       28591.830417853023      -49982.366727736015        -881.231475911575
       193233.392637558456       31347.532753997300      -49375.072617384401       -1469.602678738320
       198775.115205358481       33175.714180024159      -48312.742848265574       -2062.748274733292
       204972.522936332971       34166.387248692714      -46994.924988377563       -2651.314003519650
       211649.464617447840       34470.559034789083      -45593.374774902972       -3226.017831962343
       218604.665791598847       34287.379651145806      -44239.861237190256       -3777.796337375259
       225620.933444501541       33848.186787047322      -43017.197918346777       -4297.947643111640
       232475.336223950668       33398.503093835752      -41954.074606609516       -4778.268652356755
       238949.775204699545       33179.172261903252      -41024.013762547591       -5211.184415864931
       244841.335199854424       33407.873279634819      -40148.505241926003       -5589.867593434063
       249971.819080930029       34262.227274647885      -39204.099148895635       -5908.346125139979
       254195.916742104979       35865.609108345081      -38032.977088511085       -6161.597414287357
       257407.543172777630       38276.602983932360      -36456.293202539906       -6345.627536761678
       259543.991430683498       41482.808647050224      -34289.392712203982       -6457.534227597014
       260587.679195700039       45399.426985558457      -31357.888948096916       -6495.552651429214
       260565.413756334106       49872.748494086693      -27513.518123020629       -6459.083235003495
       259545.250626184628       54688.354424729521      -22648.698398767956       -6348.701122802249
       257631.166153124766       59583.538292777695      -16708.795760304125       -6166.147106674322
       254955.895438540581       64263.183827012617       -9701.239152595432       -5914.300172506423
       251672.395504348475       68418.111611977583       -1700.822529632502       -5597.132096896379
       247944.473208914278       71744.744735805056        7149.230309656809       -5219.644809863651
       243937.163028562500       73964.854012983458       16640.595914389491       -4787.791511424801
       239807.448732296645       74844.131545117183       26507.456560211576       -4308.382786072700
       235695.894728683750       74208.408362476548       36437.989430858433       -3788.979195791181
       231719.689338212280       71956.473551827658       46089.099909321521       -3237.772045475596
       227967.507530310977       68068.659820647357       55103.549871877542       -2663.454201161539
       224496.480811595160       62610.620928096279       63128.474608735240       -2075.082998334806
       221331.424574532895       55732.023549256002       69834.186858230314       -1481.937402339793
       218466.327027440770       47660.191339815479       74932.139539486932        -893.371673553451
       215867.958079132368       38689.052496481345       78190.961931006445        -318.667845110825
       213481.320461972471       29164.034321512387       79449.594711737853         233.110660302144
       211236.547539957741       19463.800882472442       78626.720664801833         753.261966038583
       209056.760103004519        9979.926972852121       75725.909348137633        1233.582975283683
       206866.333802373498        1095.730859516671       70836.151918219271        1666.498738791743
       204599.003552740207       -6834.458367520659       64127.740530047595        2045.181916361041
       202205.242798778345      -13504.349007594819       55843.728026857672        2363.660448066870
       199658.403267195798      -18671.904366647075       46287.470477635434        2616.911737214205
       196959.181671784376      -22171.758517177564       35806.990925283273        2800.941859688572
       194138.088674540282      -23923.094109199927       24777.092818612291        2912.848550523960
       191255.725342495367      -23932.526867779590       13580.284224280214        2950.866974356169
       174188.014228527900      -35777.451193338929        1821.548689969640         493.360524313837
       172538.225851356052      -33600.623478317975       -6646.906521748315         473.432152530390
       171183.365562838793      -29990.819476692042      -14303.464623713044         412.809640283482
       170177.219588785840      -25206.201078729689      -20869.403189945770         312.449040805358
       169573.469157524290      -19556.942078562330      -26137.553497074980         173.933100702330
       169422.467940597126      -13385.588384153752      -29982.078521376519          -0.553700904782
       169767.882310197951       -7045.730434427956      -32363.143926919038        -208.259602921269
       170643.408606309997        -880.324825522155      -33326.239580104913        -445.908959194837
       172069.782180878479        4798.981222439299      -32996.244395331014        -709.753897412201
       174052.279929802695        9730.237216881929      -31566.655963243673        -995.633425284373
       176578.892077730154       13716.152057102137      -29284.707813246736       -1299.039051880602
       179619.301691844012       16634.715455191501      -26433.352415527828       -1615.185889223819
       183124.764040185895       18444.838725072677      -23311.281145890276       -1939.088112832095
       187028.925319201953       19186.692452517516      -20212.271344961242       -2265.637591149297
       191249.564697423542       18976.755219636805      -17405.187900624718       -2589.684443831157
       195691.188494615839       17997.922769233839      -15115.920203554717       -2906.118258434785
       200248.354057891236       16485.339649494832      -13512.407883534206       -3209.948684675373
       204809.556690564437       14708.885796420904      -12693.708528348594       -3496.384135231566
       209261.478590261686       12953.461672962003      -12683.800293758162       -3760.907351939974
       213493.376304747944       11498.354206527785      -13430.508387306172       -3999.346645654614
       217401.374121563975       10597.023135519179      -14809.616048371654       -4207.941686276727
       220892.435651444830       10458.619892150919      -16633.888585150969       -4383.402805407160
       223887.804354915570       11232.440556890824      -18666.424230129855       -4522.962876381840
       226325.734764135967       12996.327695467406      -20637.467915202047       -4624.420953512355
       228163.377756002999       15749.784802455959      -22263.601083614725       -4686.176982314093
       229377.732871225802       19412.267449505656      -23268.066444429576       -4707.257033321725
       229965.635282809613       23826.785953288236      -23400.910903364638       -4687.328661538337
       229942.801230820885       28768.616191462075      -22457.637595090790       -4626.706149291465
       229342.010091641365       33958.589424299382      -20295.148572261631       -4526.345549813280
       228210.550405684975       39080.139169783361      -16843.927628689533       -4387.829609710286
       226607.098134721047       43799.041810122857      -12115.647433979073       -4213.342808103155
       224598.225671643071       47784.612927173112       -6205.671911646594       -4005.636906086629
       222254.757866223517       50731.024434533239         709.754403646533       -3767.987549813149
       219648.195530278346       52377.394571992540        8381.503599658135       -3504.142611595759
       216847.417368235649       52525.374655439489       16500.294239233241       -3218.263083723592
       213915.848723209143       51053.108702684491       24713.400078221821       -2914.857457127359
       210909.251434043166       47924.665197483046       32644.330746573527       -2598.710619784110
       207874.245679966174       43194.320364929124       39914.286932085699       -2274.808396175879
       204847.624746480782       37005.391879849703       46164.076671173738       -1948.258917858631
       201856.470377866644       29583.660900101226       51075.145394148647       -1624.212065176772
       198919.023189377214       21225.757463992690       54388.422605626562       -1307.778250573179
       196046.212885623507       12283.198477199456       55919.819434075936       -1003.947824332601
       193243.709927757416        3143.039033593524       55571.415596085033        -717.512373776349
       190514.326549496676       -5793.690367846124       53337.638850451389        -452.989157067935
       187860.572772708314      -14134.449325570542       49306.048242076606        -214.549863353354
       185287.163722246536      -21517.187263872533       43652.665091138384          -5.954822731226
       182803.278666965372      -27630.537092442679       36632.131967244859         169.506296399206
       180424.389544251317      -32230.974253893586       28563.298771458682         309.066367373867
       178173.506142646191      -35155.900926155111       19811.116590175938         410.524444504333
       176081.724733811425      -36331.868219895128       10765.946585090747         472.280473306153
       174188.014228527900      -35777.451193338929        1821.548689969592         493.360524313837
