         0.000000000000           0.000000000000
         0.020703358205           0.011725820752
         0.040826634527           0.022916335276
         0.060389122281           0.033590613566
         0.079409454479           0.043767066431
         0.097905626526           0.053463468177
         0.115895018135           0.062696978522
         0.133394414483           0.071484163746
         0.150420026648           0.079841017122
         0.166987511338           0.087782978637
         0.183111989939           0.095324954040
         0.198808066917           0.102481333233
         0.214089847576           0.109266008027
         0.228970955213           0.115692389293
         0.243464547683           0.121773423514
         0.257583333389           0.127521608780
         0.271339586723           0.132949010219
         0.284745162987           0.138067274909
         0.297811512781           0.142887646269
         0.310549695917           0.147420977960
         0.322970394837           0.151677747302
         0.335083927584           0.155668068239
         0.346900260315           0.159401703849
         0.358429019392           0.162888078424
         0.369679503052           0.166136289143
         0.380660692683           0.169155117335
         0.391381263698           0.171953039356
         0.401849596056           0.174538237094
         0.412073784397           0.176918608115
         0.422061647851           0.179101775450
         0.431820739494           0.181095097059
         0.441358355486           0.182905674956
         0.450681543894           0.184540364033
         0.459797113209           0.186005780568
         0.468711640575           0.187308310448
         0.477431479727           0.188454117111
         0.485962768666           0.189449149206
         0.494311437063           0.190299147996
         0.502483213410           0.191009654508
         0.510483631927           0.191586016427
         0.518318039229           0.192033394769
         0.525991600766           0.192356770306
         0.533509307039           0.192560949785
         0.540875979605           0.192650571925
         0.548096276875           0.192630113208
         0.555174699710           0.192503893477
         0.562115596826           0.192276081332
         0.568923170017           0.191950699349
         0.575601479193           0.191531629113
         0.582154447246           0.191022616081
         0.588585864752           0.190427274280
         0.594899394506           0.189749090836
         0.601098575908           0.188991430354
         0.607186829189           0.188157539146
         0.613167459503           0.187250549309
         0.619043660865           0.186273482670
         0.624818519970           0.185229254590
         0.630495019862           0.184120677637
         0.636076043495           0.182950465136
         0.641564377156           0.181721234594
         0.646962713781           0.180435511009
         0.652273656156           0.179095730061
         0.657499719997           0.177704241201
         0.662643336943           0.176263310627
         0.667706857426           0.174775124159
         0.672692553460           0.173241790016
         0.677602621319           0.171665341496
         0.682439184135           0.170047739570
         0.687204294402           0.168390875374
         0.691899936387           0.166696572629
         0.696528028475           0.164966589969
         0.701090425414           0.163202623189
         0.705588920497           0.161406307425
         0.710025247664           0.159579219244
         0.714401083529           0.157722878676
         0.718718049343           0.155838751167
         0.722977712886           0.153928249469
         0.727181590294           0.151992735462
         0.731331147822           0.150033521919
         0.735427803555           0.148051874203
         0.739472929045           0.146049011909
         0.743467850906           0.144026110451
         0.747413852347           0.141984302592
         0.751312174653           0.139924679922
         0.755164018618           0.137848294285
         0.758970545924           0.135756159158
         0.762732880476           0.133649250978
         0.766452109693           0.131528510433
         0.770129285748           0.129394843697
         0.773765426773           0.127249123631
         0.777361518017           0.125092190937
         0.780918512969           0.122924855276
         0.784437334435           0.120747896348
         0.787918875588           0.118562064929
         0.791364000973           0.116368083882
         0.794773547483           0.114166649120
         0.798148325301           0.111958430552
         0.801489118802           0.109744072978
         0.804796687441           0.107524196973
         0.808071766589           0.105299399723
         0.811315068360           0.103070255842
         0.814527282392           0.100837318161
         0.817709076620           0.098601118482
         0.820861098003           0.096362168316
         0.823983973243           0.094120959589
         0.827078309466           0.091877965327
         0.830144694890           0.089633640311
         0.833183699461           0.087388421722
         0.836195875477           0.085142729750
         0.839181758180           0.082896968192
         0.842141866337           0.080651525021
         0.845076702793           0.078406772946
         0.847986755014           0.076163069942
         0.850872495602           0.073920759766
         0.853734382800           0.071680172459
         0.856572860973           0.069441624825
         0.859388361080           0.067205420897
         0.862181301121           0.064971852383
         0.864952086580           0.062741199102
         0.867701110837           0.060513729400
         0.870428755586           0.058289700555
         0.873135391217           0.056069359168
         0.875821377204           0.053852941538
         0.878487062466           0.051640674023
         0.881132785726           0.049432773396
         0.883758875847           0.047229447181
         0.886365652167           0.045030893979
         0.888953424814           0.042837303786
         0.891522495017           0.040648858294
         0.894073155401           0.038465731193
         0.896605690277           0.036288088447
         0.899120375915           0.034116088571
         0.901617480814           0.031949882899
         0.904097265964           0.029789615836
         0.906559985090           0.027635425106
         0.909005884896           0.025487441989
         0.911435205298           0.023345791556
         0.913848179650           0.021210592884
         0.916245034958           0.019081959277
         0.918625992095           0.016959998468
         0.920991265997           0.014844812822
         0.923341065866           0.012736499527
         0.925675595354           0.010635150784
         0.927995052748           0.008540853981
         0.930299631143           0.006453691871
         0.932589518619           0.004373742738
         0.934864898398           0.002301080560
         0.937125949008           0.000235775163
         0.939372844436          -0.001822107626
         0.941605754272          -0.003872505836
         0.943824843859          -0.005915361207
         0.946030274425          -0.007950619060
         0.948222203221          -0.009978228162
         0.950400783646          -0.011998140601
         0.952566165376          -0.014010311664
         0.954718494482          -0.016014699720
         0.956857913546          -0.018011266105
         0.958984561773          -0.019999975012
         0.961098575104          -0.021980793388
         0.963200086313          -0.023953690827
         0.965289225114          -0.025918639475
         0.967366118258          -0.027875613935
         0.969430889626          -0.029824591172
         0.971483660322          -0.031765550428
         0.973524548758          -0.033698473132
         0.975553670742          -0.035623342821
         0.977571139562          -0.037540145059
         0.979577066060          -0.039448867361
         0.981571558713          -0.041349499115
         0.983554723705          -0.043242031516
         0.985526665002          -0.045126457491
         0.987487484416          -0.047002771636
         0.989437281676          -0.048870970152
         0.991376154493          -0.050731050778
         0.993304198617          -0.052583012737
         0.995221507905          -0.054426856674
         0.997128174373          -0.056262584600
         0.999024288255          -0.058090199843
         1.000909938057          -0.059909706988
         1.002785210612          -0.061721111835
         1.004650191124          -0.063524421343
         1.006504963226          -0.065319643588
         1.008349609021          -0.067106787719
         1.010184209128          -0.068885863908
         1.012008842732          -0.070656883316
         1.013823587619          -0.072419858046
         1.015628520225          -0.074174801106
         1.017423715668          -0.075921726375
         1.019209247795          -0.077660648559
         1.020985189213          -0.079391583164
         1.022751611327          -0.081114546455
         1.024508584376          -0.082829555429
         1.026256177464          -0.084536627780
         1.027994458598          -0.086235781871
         1.029723494713          -0.087927036700
         1.031443351706          -0.089610411880
         1.033154094466          -0.091285927602
         1.034855786898          -0.092953604616
         1.036548491956          -0.094613464204
         1.038232271669          -0.096265528151
         1.039907187162          -0.097909818729
         1.041573298684          -0.099546358668
         1.043230665634          -0.101175171137
         1.044879346580          -0.102796279721
         1.046519399284          -0.104409708404
         1.048150880725          -0.106015481545
         1.049773847114          -0.107613623861
         1.051388353924          -0.109204160411
         1.052994455900          -0.110787116574
         1.054592207084          -0.112362518036
         1.056181660830          -0.113930390770
         1.057762869826          -0.115490761023
         1.059335886106          -0.117043655300
         1.060900761070          -0.118589100349
         1.062457545499          -0.120127123147
         1.064006289571          -0.121657750887
         1.065547042876          -0.123181010963
         1.067079854429          -0.124696930960
         1.068604772688          -0.126205538640
         1.070121845562          -0.127706861931
         1.071631120428          -0.129200928915
         1.073132644146          -0.130687767819
         1.074626463064          -0.132167407001
         1.076112623037          -0.133639874944
         1.077591169434          -0.135105200244
         1.079062147154          -0.136563411600
         1.080525600632          -0.138014537808
         1.081981573850          -0.139458607748
         1.083430110352          -0.140895650379
         1.084871253247          -0.142325694730
         1.086305045224          -0.143748769894
         1.087731528559          -0.145164905015
         1.089150745123          -0.146574129288
         1.090562736393          -0.147976471948
         1.091967543458          -0.149371962264
         1.093365207030          -0.150760629531
         1.094755767449          -0.152142503069
         1.096139264690          -0.153517612212
         1.097515738376          -0.154885986304
         1.098885227778          -0.156247654694
         1.100247771826          -0.157602646732
         1.101603409117          -0.158950991760
         1.102952177916          -0.160292719110
         1.104294116168          -0.161627858102
         1.105629261503          -0.162956438034
         1.106957651238          -0.164278488180
         1.108279322387          -0.165594037788
         1.109594311665          -0.166903116073
         1.110902655494          -0.168205752215
         1.112204390009          -0.169501975356
         1.113499551058          -0.170791814593
         1.114788174216          -0.172075298980
         1.116070294780          -0.173352457520
         1.117345947783          -0.174623319164
         1.118615167989          -0.175887912810
         1.119877989907          -0.177146267295
         1.121134447787          -0.178398411397
         1.122384575629          -0.179644373833
         1.123628407187          -0.180884183252
         1.124865975969          -0.182117868235
         1.126097315245          -0.183345457293
         1.127322458050          -0.184566978868
         1.128541437185          -0.185782461323
         1.129754285222          -0.186991932947
         1.130961034510          -0.188195421952
         1.132161717172          -0.189392956468
         1.133356365116          -0.190584564544
         1.134545010032          -0.191770274148
         1.135727683397          -0.192950113159
         1.136904416478          -0.194124109374
         1.138075240338          -0.195292290499
         1.139240185832          -0.196454684155
         1.140399283614          -0.197611317869
         1.141552564142          -0.198762219079
         1.142700057675          -0.199907415130
         1.143841794279          -0.201046933272
         1.144977803829          -0.202180800664
         1.146108116010          -0.203309044365
         1.147232760321          -0.204431691342
         1.148351766078          -0.205548768461
         1.149465162413          -0.206660302492
         1.150572978278          -0.207766320107
         1.151675242447          -0.208866847877
         1.152771983520          -0.209961912273
         1.153863229920          -0.211051539665
         1.154949009902          -0.212135756323
         1.156029351547          -0.213214588414
         1.157104282769          -0.214288062004
         1.158173831318          -0.215356203054
         1.159238024776          -0.216419037424
         1.160296890563          -0.217476590868
         1.161350455939          -0.218528889039
         1.162398748003          -0.219575957483
         1.163441793698          -0.220617821643
         1.164479619807          -0.221654506857
         1.165512252962          -0.222686038357
         1.166539719640          -0.223712441270
         1.167562046164          -0.224733740618
         1.168579258711          -0.225749961318
         1.169591383306          -0.226761128179
         1.170598445826          -0.227767265907
         1.171600472003          -0.228768399099
         1.172597487424          -0.229764552249
         1.173589517531          -0.230755749743
         1.174576587625          -0.231742015861
         1.175558722865          -0.232723374778
         1.176535948270          -0.233699850561
         1.177508288721          -0.234671467173
         1.178475768961          -0.235638248470
         1.179438413596          -0.236600218202
         1.180396247098          -0.237557400014
         1.181349293803          -0.238509817443
         1.182297577915          -0.239457493924
         1.183241123506          -0.240400452782
         1.184179954517          -0.241338717241
         1.185114094758          -0.242272310416
         1.186043567911          -0.243201255320
         1.186968397531          -0.244125574859
         1.187888607044          -0.245045291835
         1.188804219750          -0.245960428945
         1.189715258827          -0.246871008783
         1.190621747324          -0.247777053837
         1.191523708171          -0.248678586494
         1.192421164174          -0.249575629033
         1.193314138017          -0.250468203633
         1.194202652263          -0.251356332369
         1.195086729359          -0.252240037213
         1.195966391628          -0.253119340034
         1.196841661277          -0.253994262599
         1.197712560398          -0.254864826573
         1.198579110964          -0.255731053519
         1.199441334832          -0.256592964898
         1.200299253746          -0.257450582071
         1.201152889335          -0.258303926297
         1.202002263115          -0.259153018735
         1.202847396488          -0.259997880444
         1.203688310747          -0.260838532382
         1.204525027072          -0.261674995408
         1.205357566532          -0.262507290281
         1.206185950087          -0.263335437663
         1.207010198590          -0.264159458115
         1.207830332784          -0.264979372101
         1.208646373303          -0.265795199987
         1.209458340676          -0.266606962040
         1.210266255327          -0.267414678433
         1.211070137571          -0.268218369238
         1.211870007621          -0.269018054433
         1.212665885584          -0.269813753900
         1.213457791465          -0.270605487424
         1.214245745165          -0.271393274695
         1.215029766482          -0.272177135307
         1.215809875114          -0.272957088761
         1.216586090656          -0.273733154463
         1.217358432603          -0.274505351724
         1.218126920352          -0.275273699763
         1.218891573197          -0.276038217704
         1.219652410338          -0.276798924579
         1.220409450871          -0.277555839328
         1.221162713800          -0.278308980799
         1.221912218029          -0.279058367747
         1.222657982365          -0.279804018836
         1.223400025521          -0.280545952640
         1.224138366113          -0.281284187642
         1.224873022664          -0.282018742234
         1.225604013600          -0.282749634719
         1.226331357257          -0.283476883310
         1.227055071874          -0.284200506131
         1.227775175600          -0.284920521218
         1.228491686490          -0.285636946518
         1.229204622509          -0.286349799890
         1.229914001529          -0.287059099107
         1.230619841333          -0.287764861852
         1.231322159613          -0.288467105724
         1.232020973973          -0.289165848234
         1.232716301925          -0.289861106808
         1.233408160894          -0.290552898785
         1.234096568217          -0.291241241421
         1.234781541143          -0.291926151884
         1.235463096834          -0.292607647261
         1.236141252365          -0.293285744552
         1.236816024724          -0.293960460675
         1.237487430816          -0.294631812464
         1.238155487457          -0.295299816671
         1.238820211381          -0.295964489964
         1.239481619236          -0.296625848929
         1.240139727587          -0.297283910072
         1.240794552915          -0.297938689815
         1.241446111617          -0.298590204500
         1.242094420010          -0.299238470390
         1.242739494326          -0.299883503665
         1.243381350717          -0.300525320427
         1.244020005253          -0.301163936697
         1.244655473924          -0.301799368418
         1.245287772639          -0.302431631453
         1.245916917225          -0.303060741588
         1.246542923434          -0.303686714529
         1.247165806934          -0.304309565906
         1.247785583318          -0.304929311272
         1.248402268098          -0.305545966101
         1.249015876709          -0.306159545791
         1.249626424509          -0.306770065665
         1.250233926779          -0.307377540969
         1.250838398722          -0.307981986874
         1.251439855466          -0.308583418475
         1.252038312062          -0.309181850793
         1.252633783487          -0.309777298775
         1.253226284641          -0.310369777292
         1.253815830350          -0.310959301143
         1.254402435366          -0.311545885053
         1.254986114367          -0.312129543674
         1.255566881957          -0.312710291585
         1.256144752668          -0.313288143293
         1.256719740957          -0.313863113233
         1.257291861210          -0.314435215768
         1.257861127741          -0.315004465190
         1.258427554791          -0.315570875721
         1.258991156532          -0.316134461510
         1.259551947063          -0.316695236638
         1.260109940413          -0.317253215115
         1.260665150541          -0.317808410881
         1.261217591336          -0.318360837808
         1.261767276617          -0.318910509698
         1.262314220134          -0.319457440285
         1.262858435569          -0.320001643235
         1.263399936535          -0.320543132144
         1.263938736576          -0.321081920544
         1.264474849169          -0.321618021896
         1.265008287725          -0.322151449597
         1.265539065585          -0.322682216976
         1.266067196025          -0.323210337296
         1.266592692255          -0.323735823753
         1.267115567417          -0.324258689479
         1.267635834591          -0.324778947541
         1.268153506786          -0.325296610938
         1.268668596952          -0.325811692608
         1.269181117970          -0.326324205423
         1.269691082658          -0.326834162189
         1.270198503770          -0.327341575652
         1.270703393996          -0.327846458493
         1.271205765963          -0.328348823328
         1.271705632235          -0.328848682713
         1.272203005312          -0.329346049140
         1.272697897632          -0.329840935040
         1.273190321573          -0.330333352780
         1.273680289447          -0.330823314668
         1.274167813509          -0.331310832948
         1.274652905949          -0.331795919806
         1.275135578899          -0.332278587366
         1.275615844427          -0.332758847690
         1.276093714545          -0.333236712782
         1.276569201202          -0.333712194586
         1.277042316288          -0.334185304986
         1.277513071634          -0.334656055807
         1.277981479011          -0.335124458815
         1.278447550133          -0.335590525718
         1.278911296653          -0.336054268164
         1.279372730167          -0.336515697745
         1.279831862215          -0.336974825994
         1.280288704276          -0.337431664387
         1.280743267774          -0.337886224344
         1.281195564074          -0.338338517225
         1.281645604488          -0.338788554336
         1.282093400267          -0.339236346926
         1.282538962608          -0.339681906188
         1.282982302652          -0.340125243260
         1.283423431485          -0.340566369222
         1.283862360137          -0.341005295102
         1.284299099582          -0.341442031870
         1.284733660741          -0.341876590444
         1.285166054479          -0.342308981687
         1.285596291607          -0.342739216405
         1.286024382883          -0.343167305354
         1.286450339011          -0.343593259235
         1.286874170641          -0.344017088696
         1.287295888370          -0.344438804330
         1.287715502742          -0.344858416679
         1.288133024249          -0.345275936232
         1.288548463330          -0.345691373427
         1.288961830372          -0.346104738648
         1.289373135711          -0.346516042228
         1.289782389630          -0.346925294449
         1.290189602362          -0.347332505541
         1.290594784087          -0.347737685683
         1.290997944937          -0.348140845004
         1.291399094991          -0.348541993582
         1.291798244280          -0.348941141444
         1.292195402782          -0.349338298570
         1.292590580427          -0.349733474886
         1.292983787096          -0.350126680272
         1.293375032620          -0.350517924557
         1.293764326781          -0.350907217520
         1.294151679311          -0.351294568895
         1.294537099895          -0.351679988363
         1.294920598170          -0.352063485561
         1.295302183723          -0.352445070074
         1.295681866096          -0.352824751441
         1.296059654779          -0.353202539155
         1.296435559220          -0.353578442659
         1.296809588815          -0.353952471350
         1.297181752917          -0.354324634578
         1.297552060829          -0.354694941647
         1.297920521811          -0.355063401815
         1.298287145074          -0.355430024292
         1.298651939785          -0.355794818243
         1.299014915063          -0.356157792788
         1.299376079983          -0.356518957001
         1.299735443576          -0.356878319909
         1.300093014825          -0.357235890498
         1.300448802670          -0.357591677706
         1.300802816007          -0.357945690428
         1.301155063686          -0.358297937512
         1.301505554513          -0.358648427766
         1.301854297252          -0.358997169950
         1.302201300621          -0.359344172784
         1.302546573295          -0.359689444942
         1.302890123907          -0.360032995055
         1.303231961046          -0.360374831713
         1.303572093258          -0.360714963460
         1.303910529047          -0.361053398799
         1.304247276874          -0.361390146192
         1.304582345157          -0.361725214057
         1.304915742275          -0.362058610770
         1.305247476561          -0.362390344666
         1.305577556310          -0.362720424037
         1.305905989773          -0.363048857137
         1.306232785163          -0.363375652175
         1.306557950649          -0.363700817321
         1.306881494360          -0.364024360705
         1.307203424385          -0.364346290413
         1.307523748773          -0.364666614496
         1.307842475532          -0.364985340959
         1.308159612630          -0.365302477773
         1.308475167996          -0.365618032864
         1.308789149519          -0.365932014121
         1.309101565049          -0.366244429394
         1.309412422396          -0.366555286494
         1.309721729332          -0.366864593190
         1.310029493590          -0.367172357217
         1.310335722863          -0.367478586268
         1.310640424809          -0.367783287998
         1.310943607044          -0.368086470025
         1.311245277148          -0.368388139928
         1.311545442663          -0.368688305250
         1.311844111094          -0.368986973493
         1.312141289907          -0.369284152125
         1.312436986532          -0.369579848576
         1.312731208361          -0.369874070236
         1.313023962750          -0.370166824463
         1.313315257019          -0.370458118574
         1.313605098448          -0.370747959852
         1.313893494285          -0.371036355542
         1.314180451740          -0.371323312856
         1.314465977987          -0.371608838966
         1.314750080163          -0.371892941010
         1.315032765372          -0.372175626092
         1.315314040681          -0.372456901278
         1.315593913122          -0.372736773599
         1.315872389691          -0.373015250054
         1.316149477350          -0.373292337603
         1.316425183028          -0.373568043173
         1.316699513616          -0.373842373658
         1.316972475974          -0.374115335916
         1.317244076924          -0.374386936770
         1.317514323257          -0.374657183010
         1.317783221730          -0.374926081394
         1.318050779065          -0.375193638642
         1.318317001951          -0.375459861444
         1.318581897043          -0.375724756456
         1.318845470965          -0.375988330299
         1.319107730305          -0.376250589563
         1.319368681620          -0.376511540806
         1.319628331433          -0.376771190549
         1.319886686237          -0.377029545285
         1.320143752490          -0.377286611472
         1.320399536619          -0.377542395538
         1.320654045018          -0.377796903876
         1.320907284050          -0.378050142849
         1.321159260046          -0.378302118788
         1.321409979306          -0.378552837993
         1.321659448098          -0.378802306732
         1.321907672658          -0.379050531241
         1.322154659192          -0.379297517725
         1.322400413875          -0.379543272360
         1.322644942851          -0.379787801290
         1.322888252232          -0.380031110627
         1.323130348103          -0.380273206454
         1.323371236514          -0.380514094824
         1.323610923489          -0.380753781759
         1.323849415020          -0.380992273251
         1.324086717069          -0.381229575262
         1.324322835568          -0.381465693725
         1.324557776420          -0.381700634543
         1.324791545500          -0.381934403589
         1.325024148651          -0.382167006708
         1.325255591689          -0.382398449714
         1.325485880399          -0.382628738394
         1.325715020539          -0.382857878504
         1.325943017837          -0.383085875774
         1.326169877994          -0.383312735904
         1.326395606680          -0.383538464564
         1.326620209540          -0.383763067398
         1.326843692188          -0.383986550021
         1.327066060211          -0.384208918020
         1.327287319168          -0.384430176955
         1.327507474592          -0.384650332356
         1.327726531985          -0.384869389728
         1.327944496825          -0.385087354548
         1.328161374561          -0.385304232263
         1.328377170614          -0.385520028297
         1.328591890379          -0.385734748044
         1.328805539225          -0.385948396871
         1.329018122492          -0.386160980121
         1.329229645496          -0.386372503108
         1.329440113524          -0.386582971120
         1.329649531838          -0.386792389419
         1.329857905674          -0.387000763239
         1.330065240240          -0.387208097791
         1.330271540721          -0.387414398258
         1.330476812274          -0.387619669798
         1.330681060031          -0.387823917541
         1.330884289097          -0.388027146595
         1.331086504554          -0.388229362039
         1.331287711457          -0.388430568931
         1.331487914836          -0.388630772299
         1.331687119697          -0.388829977148
         1.331885331018          -0.389028188459
         1.332082553757          -0.389225411188
         1.332278792843          -0.389421650264
         1.332474053183          -0.389616910594
         1.332668339657          -0.389811197059
         1.332861657123          -0.390004514516
         1.333054010414          -0.390196867799
         1.333245404339          -0.390388261716
         1.333435843683          -0.390578701051
         1.333625333207          -0.390768190567
         1.333813877647          -0.390956735000
         1.334001481718          -0.391144339064
         1.334188150110          -0.391331007448
         1.334373887489          -0.391516744821
         1.334558698499          -0.391701555824
         1.334742587760          -0.391885445079
         1.334925559869          -0.392068417182
         1.335107619402          -0.392250476709
         1.335288770908          -0.392431628210
         1.335469018917          -0.392611876213
         1.335648367936          -0.392791225227
         1.335826822448          -0.392969679733
         1.336004386913          -0.393147244194
         1.336181065773          -0.393323923049
         1.336356863443          -0.393499720714
         1.336531784318          -0.393674641585
         1.336705832772          -0.393848690034
         1.336879013155          -0.394021870414
         1.337051329797          -0.394194187052
         1.337222787007          -0.394365644258
         1.337393389070          -0.394536246317
         1.337563140252          -0.394705997495
         1.337732044796          -0.394874902036
         1.337900106925          -0.395042964162
         1.338067330841          -0.395210188074
         1.338233720724          -0.395376577954
         1.338399280734          -0.395542137961
         1.338564015009          -0.395706872234
         1.338727927670          -0.395870784891
         1.338891022812          -0.396033880031
         1.339053304514          -0.396196161730
         1.339214776832          -0.396357634046
         1.339375443804          -0.396518301015
         1.339535309446          -0.396678166655
         1.339694377755          -0.396837234962
         1.339852652707          -0.396995509912
         1.340010138260          -0.397152995462
         1.340166838350          -0.397309695550
         1.340322756895          -0.397465614093
         1.340477897793          -0.397620754989
         1.340632264922          -0.397775122117
         1.340785862142          -0.397928719335
         1.340938693293          -0.398081550484
         1.341090762196          -0.398233619385
         1.341242072651          -0.398384929839
         1.341392628443          -0.398535485629
         1.341542433334          -0.398685290519
         1.341691491070          -0.398834348253
         1.341839805378          -0.398982662560
         1.341987379965          -0.399130237145
         1.342134218520          -0.399277075699
         1.342280324715          -0.399423181893
         1.342425702203          -0.399568559380
         1.342570354617          -0.399713211793
         1.342714285574          -0.399857142749
         1.342857498673          -0.400000355846
         1.342999997493          -0.400142854666
         1.343141785598          -0.400284642769
         1.343282866531          -0.400425723702
         1.343423243820          -0.400566100990
         1.343562920975          -0.400705778143
         1.343701901487          -0.400844758654
         1.343840188830          -0.400983045997
         1.343977786463          -0.401120643629
         1.344114697824          -0.401257554990
         1.344250926338          -0.401393783502
         1.344386475408          -0.401529332572
         1.344521348425          -0.401664205588
         1.344655548760          -0.401798405922
         1.344789079768          -0.401931936930
         1.344921944787          -0.402064801948
         1.345054147139          -0.402197004300
         1.345185690130          -0.402328547289
         1.345316577046          -0.402459434206
         1.345446811162          -0.402589668321
         1.345576395732          -0.402719252890
         1.345705333997          -0.402848191154
         1.345833629179          -0.402976486336
         1.345961284486          -0.403104141643
         1.346088303110          -0.403231160266
         1.346214688225          -0.403357545381
         1.346340442993          -0.403483300148
         1.346465570555          -0.403608427710
         1.346590074042          -0.403732931196
         1.346713956565          -0.403856813719
         1.346837221221          -0.403980078374
         1.346959871092          -0.404102728245
         1.347081909244          -0.404224766397
         1.347203338728          -0.404346195881
         1.347324162581          -0.404467019733
         1.347444383821          -0.404587240973
         1.347564005456          -0.404706862608
         1.347683030476          -0.404825887627
         1.347801461855          -0.404944319006
         1.347919302556          -0.405062159707
         1.348036555524          -0.405179412674
         1.348153223690          -0.405296080840
         1.348269309971          -0.405412167121
         1.348384817270          -0.405527674419
         1.348499748473          -0.405642605623
         1.348614106455          -0.405756963604
         1.348727894074          -0.405870751223
         1.348841114175          -0.405983971323
         1.348953769588          -0.406096626736
         1.349065863130          -0.406208720278
         1.349177397603          -0.406320254751
         1.349288375795          -0.406431232943
         1.349398800482          -0.406541657629
         1.349508674423          -0.406651531570
         1.349618000365          -0.406760857513
         1.349726781042          -0.406869638190
         1.349835019173          -0.406977876321
         1.349942717465          -0.407085574612
         1.350049878608          -0.407192735755
         1.350156505284          -0.407299362430
         1.350262600156          -0.407405457303
         1.350368165878          -0.407511023025
         1.350473205089          -0.407616062236
         1.350577720415          -0.407720577561
         1.350681714468          -0.407824571615
         1.350785189849          -0.407928046995
         1.350888149144          -0.408031006290
         1.350990594928          -0.408133452074
         1.351092529761          -0.408235386907
         1.351193956192          -0.408336813338
         1.351294876757          -0.408437733902
         1.351395293978          -0.408538151123
         1.351495210366          -0.408638067511
         1.351594628419          -0.408737485564
         1.351693550623          -0.408836407768
         1.351791979450          -0.408934836595
         1.351889917361          -0.409032774506
         1.351987366804          -0.409130223949
         1.352084330217          -0.409227187362
         1.352180810023          -0.409323667167
         1.352276808633          -0.409419665778
         1.352372328449          -0.409515185593
         1.352467371857          -0.409610229002
         1.352561941234          -0.409704798379
         1.352656038945          -0.409798896090
         1.352749667341          -0.409892524486
         1.352842828764          -0.409985685909
         1.352935525543          -0.410078382687
         1.353027759994          -0.410170617138
         1.353119534424          -0.410262391568
         1.353210851127          -0.410353708271
         1.353301712386          -0.410444569530
         1.353392120472          -0.410534977617
         1.353482077647          -0.410624934791
         1.353571586158          -0.410714443302
         1.353660648244          -0.410803505388
         1.353749266130          -0.410892123274
         1.353837442033          -0.410980299177
         1.353925178157          -0.411068035301
         1.354012476695          -0.411155333839
         1.354099339830          -0.411242196974
         1.354185769733          -0.411328626877
         1.354271768566          -0.411414625709
         1.354357338477          -0.411500195621
         1.354442481607          -0.411585338750
         1.354527200083          -0.411670057227
         1.354611496024          -0.411754353168
         1.354695371538          -0.411838228681
         1.354778828720          -0.411921685864
         1.354861869659          -0.412004726802
         1.354944496428          -0.412087353572
         1.355026711095          -0.412169568239
         1.355108515715          -0.412251372859
         1.355189912333          -0.412332769476
         1.355270902983          -0.412413760126
         1.355351489690          -0.412494346834
         1.355431674470          -0.412574531613
         1.355511459326          -0.412654316470
         1.355590846254          -0.412733703398
         1.355669837238          -0.412812694381
         1.355748434253          -0.412891291396
         1.355826639263          -0.412969496407
         1.355904454225          -0.413047311368
         1.355981881082          -0.413124738225
         1.356058921772          -0.413201778915
         1.356135578219          -0.413278435362
         1.356211852341          -0.413354709484
         1.356287746044          -0.413430603187
         1.356363261226          -0.413506118369
         1.356438399774          -0.413581256917
         1.356513163567          -0.413656020710
         1.356587554474          -0.413730411617
         1.356661574355          -0.413804431498
         1.356735225060          -0.413878082203
         1.356808508431          -0.413951365574
         1.356881426299          -0.414024283442
         1.356953980488          -0.414096837631
         1.357026172812          -0.414169029955
         1.357098005074          -0.414240862217
         1.357169479072          -0.414312336215
         1.357240596592          -0.414383453735
         1.357311359412          -0.414454216555
         1.357381769300          -0.414524626444
         1.357451828018          -0.414594685161
         1.357521537317          -0.414664394460
         1.357590898939          -0.414733756082
         1.357659914618          -0.414802771761
         1.357728586081          -0.414871443224
         1.357796915043          -0.414939772186
         1.357864903213          -0.415007760356
         1.357932552290          -0.415075409433
         1.357999863966          -0.415142721109
         1.358066839924          -0.415209697067
         1.358133481838          -0.415276338981
         1.358199791374          -0.415342648517
         1.358265770190          -0.415408627333
         1.358331419935          -0.415474277078
         1.358396742251          -0.415539599394
         1.358461738770          -0.415604595913
         1.358526411117          -0.415669268260
         1.358590760910          -0.415733618053
         1.358654789757          -0.415797646900
         1.358718499259          -0.415861356402
         1.358781891009          -0.415924748152
         1.358844966591          -0.415987823733
         1.358907727581          -0.416050584724
         1.358970175551          -0.416113032694
         1.359032312059          -0.416175169202
         1.359094138661          -0.416236995804
         1.359155656901          -0.416298514044
         1.359216868318          -0.416359725460
         1.359277774441          -0.416420631584
         1.359338376794          -0.416481233937
         1.359398676891          -0.416541534034
         1.359458676240          -0.416601533383
         1.359518376342          -0.416661233485
         1.359577778687          -0.416720635830
         1.359636884763          -0.416779741906
         1.359695696045          -0.416838553188
         1.359754214006          -0.416897071148
         1.359812440106          -0.416955297249
         1.359870375803          -0.417013232946
         1.359928022544          -0.417070879687
         1.359985381771          -0.417128238914
         1.360042454917          -0.417185312060
         1.360099243410          -0.417242100553
         1.360155748670          -0.417298605812
         1.360211972108          -0.417354829251
         1.360267915130          -0.417410772273
         1.360323579136          -0.417466436279
         1.360378965516          -0.417521822659
         1.360434075655          -0.417576932798
         1.360488910932          -0.417631768075
         1.360543472716          -0.417686329859
         1.360597762372          -0.417740619515
         1.360651781258          -0.417794638401
         1.360705530723          -0.417848387866
         1.360759012112          -0.417901869255
         1.360812226761          -0.417955083904
         1.360865176001          -0.418008033144
         1.360917861155          -0.418060718298
         1.360970283541          -0.418113140684
         1.361022444470          -0.418165301613
         1.361074345245          -0.418217202387
         1.361125987163          -0.418268844306
         1.361177371516          -0.418320228659
         1.361228499589          -0.418371356732
         1.361279372660          -0.418422229803
         1.361329992000          -0.418472849143
         1.361380358875          -0.418523216018
         1.361430474544          -0.418573331687
         1.361480340260          -0.418623197403
         1.361529957270          -0.418672814413
         1.361579326814          -0.418722183957
         1.361628450127          -0.418771307270
         1.361677328436          -0.418820185579
         1.361725962963          -0.418868820106
         1.361774354925          -0.418917212068
         1.361822505530          -0.418965362673
         1.361870415984          -0.419013273127
         1.361918087483          -0.419060944626
         1.361965521220          -0.419108378363
         1.362012718379          -0.419155575522
         1.362059680142          -0.419202537285
         1.362106407683          -0.419249264826
         1.362152902168          -0.419295759311
         1.362199164762          -0.419342021905
         1.362245196620          -0.419388053762
         1.362290998893          -0.419433856035
         1.362336572726          -0.419479429869
         1.362381919258          -0.419524776401
         1.362427039624          -0.419569896767
         1.362471934952          -0.419614792094
         1.362516606362          -0.419659463505
         1.362561054973          -0.419703912116
         1.362605281896          -0.419748139039
         1.362649288236          -0.419792145379
         1.362693075094          -0.419835932237
         1.362736643564          -0.419879500707
         1.362779994735          -0.419922851878
         1.362823129691          -0.419965986834
         1.362866049511          -0.420008906654
         1.362908755267          -0.420051612410
         1.362951248027          -0.420094105170
         1.362993528854          -0.420136385997
         1.363035598805          -0.420178455947
         1.363077458930          -0.420220316073
         1.363119110278          -0.420261967420
         1.363160553888          -0.420303411031
         1.363201790797          -0.420344647940
         1.363242822037          -0.420385679180
         1.363283648632          -0.420426505775
         1.363324271604          -0.420467128747
         1.363364691968          -0.420507549111
         1.363404910735          -0.420547767878
         1.363444928910          -0.420587786052
         1.363484747493          -0.420627604636
         1.363524367480          -0.420667224623
         1.363563789862          -0.420706647005
         1.363603015623          -0.420745872766
         1.363642045746          -0.420784902889
         1.363680881205          -0.420823738347
         1.363719522971          -0.420862380114
         1.363757972010          -0.420900829153
         1.363796229285          -0.420939086427
         1.363834295750          -0.420977152893
         1.363872172358          -0.421015029501
         1.363909860055          -0.421052717198
         1.363947359785          -0.421090216928
         1.363984672484          -0.421127529626
         1.364021799084          -0.421164656227
         1.364058740516          -0.421201597658
         1.364095497701          -0.421238354844
         1.364132071558          -0.421274928701
         1.364168463003          -0.421311320146
         1.364204672945          -0.421347530088
         1.364240702289          -0.421383559432
         1.364276551936          -0.421419409079
         1.364312222782          -0.421455079925
         1.364347715719          -0.421490572862
         1.364383031634          -0.421525888777
         1.364418171411          -0.421561028553
         1.364453135927          -0.421595993069
         1.364487926056          -0.421630783199
         1.364522542669          -0.421665399812
         1.364556986632          -0.421699843774
         1.364591258804          -0.421734115947
         1.364625360043          -0.421768217186
         1.364659291201          -0.421802148344
         1.364693053127          -0.421835910270
         1.364726646665          -0.421869503808
         1.364760072654          -0.421902929797
         1.364793331930          -0.421936189073
         1.364826425325          -0.421969282468
         1.364859353666          -0.422002210809
         1.364892117777          -0.422034974920
         1.364924718475          -0.422067575618
         1.364957156577          -0.422100013720
         1.364989432893          -0.422132290036
         1.365021548231          -0.422164405374
         1.365053503392          -0.422196360535
         1.365085299177          -0.422228156320
         1.365116936379          -0.422259793522
         1.365148415790          -0.422291272933
         1.365179738197          -0.422322595340
         1.365210904383          -0.422353761526
         1.365241915127          -0.422384772270
         1.365272771204          -0.422415628347
         1.365303473386          -0.422446330528
         1.365334022439          -0.422476879582
         1.365364419129          -0.422507276272
