     0.000000000000E+00       0.000000000000E+00       0.000000000000E+00       0.000000000000E+00
     0.000000000000E+00      -8.685521372897E+05       6.869491057130E+05       7.538245192695E+05
     0.000000000000E+00      -1.746153800247E+06       1.293258972246E+06       1.554386266050E+06
     0.000000000000E+00      -2.628137993728E+06       1.817625131035E+06       2.397461704624E+06
     0.000000000000E+00      -3.522695529799E+06       2.263888105696E+06       3.292321472380E+06
     0.000000000000E+00      -4.410516975810E+06       2.623845513872E+06       4.219903350984E+06
     0.000000000000E+00      -5.299832629454E+06       2.899747496092E+06       5.190050275648E+06
     0.000000000000E+00      -6.162263309996E+06       3.081828958956E+06       6.173506054092E+06
     0.000000000000E+00      -7.020797876571E+06       3.184686043450E+06       7.192312745308E+06
     0.000000000000E+00      -7.860542383136E+06       3.193030762638E+06       8.236681184295E+06
     0.000000000000E+00      -8.691693509464E+06       3.119127991530E+06       9.314003419316E+06
     0.000000000000E+00      -9.466282092876E+06       2.949539325473E+06       1.037202511110E+07
     0.000000000000E+00      -1.021136714708E+07       2.688730334937E+06       1.144341528824E+07
     0.000000000000E+00      -1.092987942416E+07       2.351787632893E+06       1.252484232065E+07
     0.000000000000E+00      -1.160580168488E+07       1.929795618096E+06       1.360179137242E+07
     0.000000000000E+00      -1.223185152109E+07       1.419498219104E+06       1.466788866745E+07
     0.000000000000E+00      -1.279906224878E+07       8.319039401344E+05       1.570675580623E+07
     0.000000000000E+00      -1.332273120924E+07       1.738441979505E+05       1.673471678303E+07
     0.000000000000E+00      -1.379022905616E+07      -5.554963291987E+05       1.773749941860E+07
     0.000000000000E+00      -1.420597887471E+07      -1.346157787889E+06       1.871591909515E+07
     0.000000000000E+00      -1.456642636180E+07      -2.213947999175E+06       1.967505832929E+07
     0.000000000000E+00      -1.486753713047E+07      -3.131678283011E+06       2.059525917221E+07
     0.000000000000E+00      -1.511292698224E+07      -4.107816325446E+06       2.148740532403E+07
     0.000000000000E+00      -1.527571533834E+07      -5.131879748199E+06       2.231213719218E+07
     0.000000000000E+00      -1.538215981555E+07      -6.206142093816E+06       2.310404800773E+07
     0.000000000000E+00      -1.542266743538E+07      -7.331981958544E+06       2.385328004390E+07
     0.000000000000E+00      -1.537440756774E+07      -8.474079016516E+06       2.451042340762E+07
     0.000000000000E+00      -1.526411665329E+07      -9.653164270220E+06       2.512451451800E+07
     0.000000000000E+00      -1.510769962275E+07      -1.085026199733E+07       2.570239980321E+07
     0.000000000000E+00      -1.486548695711E+07      -1.206188064090E+07       2.619296342438E+07
     0.000000000000E+00      -1.457416896899E+07      -1.328940094533E+07       2.664357629782E+07
     0.000000000000E+00      -1.421721701255E+07      -1.451044772419E+07       2.702127395004E+07
     0.000000000000E+00      -1.379027455591E+07      -1.573958122057E+07       2.733136067334E+07
     0.000000000000E+00      -1.329507060248E+07      -1.696802154451E+07       2.756844499605E+07
     0.000000000000E+00      -1.273596012318E+07      -1.817478602563E+07       2.772911006130E+07
     0.000000000000E+00      -1.212479456913E+07      -1.935067110539E+07       2.782027974203E+07
     0.000000000000E+00      -1.146249373720E+07      -2.050957859334E+07       2.785419726780E+07
     0.000000000000E+00      -1.073122227297E+07      -2.163340082612E+07       2.779267893367E+07
     0.000000000000E+00      -9.955780323055E+06      -2.273635970895E+07       2.767914993236E+07
     0.000000000000E+00      -9.130558472173E+06      -2.377878287780E+07       2.748200096663E+07
     0.000000000000E+00      -8.275421177740E+06      -2.476790786864E+07       2.722985659051E+07
     0.000000000000E+00      -7.392927366736E+06      -2.570396381226E+07       2.692744455177E+07
     0.000000000000E+00      -6.456037179325E+06      -2.659010707011E+07       2.654250663257E+07
     0.000000000000E+00      -5.502146440400E+06      -2.739697835081E+07       2.610342540476E+07
     0.000000000000E+00      -4.520259947145E+06      -2.815846206117E+07       2.561262393000E+07
     0.000000000000E+00      -3.519174002899E+06      -2.881070154821E+07       2.504591587050E+07
     0.000000000000E+00      -2.488479014553E+06      -2.941815254563E+07       2.443064899788E+07
     0.000000000000E+00      -1.467260692239E+06      -2.994135718773E+07       2.378614050793E+07
     0.000000000000E+00      -4.169652872280E+05      -3.038088812580E+07       2.307175223334E+07
     0.000000000000E+00       6.510400428553E+05      -3.074478783989E+07       2.230374482984E+07
     0.000000000000E+00       1.706564203223E+06      -3.103662091305E+07       2.151499036981E+07
     0.000000000000E+00       2.747620563189E+06      -3.123595637977E+07       2.069966966266E+07
     0.000000000000E+00       3.773673362517E+06      -3.133687521852E+07       1.985277083546E+07
     0.000000000000E+00       4.792672797833E+06      -3.135167113955E+07       1.897030047510E+07
     0.000000000000E+00       5.761495084167E+06      -3.126884924310E+07       1.809697890684E+07
     0.000000000000E+00       6.727932954101E+06      -3.110967791000E+07       1.718853023031E+07
     0.000000000000E+00       7.673243780472E+06      -3.082563733063E+07       1.623368224754E+07
     0.000000000000E+00       8.594739445982E+06      -3.049317556929E+07       1.529184228608E+07
     0.000000000000E+00       9.423727276217E+06      -3.005462772180E+07       1.439450791621E+07
     0.000000000000E+00       1.024818600395E+07      -2.955417725394E+07       1.347257572174E+07
     0.000000000000E+00       1.102752462430E+07      -2.899040704305E+07       1.256782264805E+07
     0.000000000000E+00       1.175442968989E+07      -2.835097073656E+07       1.168280540287E+07
     0.000000000000E+00       1.243530565214E+07      -2.762717017266E+07       1.080265113132E+07
     0.000000000000E+00       1.303431851482E+07      -2.677696596687E+07       9.950466530088E+06
     0.000000000000E+00       1.360381413862E+07      -2.589448685061E+07       9.112924463910E+06
     0.000000000000E+00       1.412375726662E+07      -2.496460869129E+07       8.306140385223E+06
     0.000000000000E+00       1.455656047696E+07      -2.395396123653E+07       7.551665022894E+06
     0.000000000000E+00       1.494095516930E+07      -2.289057297813E+07       6.819846641625E+06
     0.000000000000E+00       1.521337456053E+07      -2.175189778846E+07       6.170423399205E+06
     0.000000000000E+00       1.546015698502E+07      -2.058958052134E+07       5.538695486161E+06
     0.000000000000E+00       1.566284019306E+07      -1.942479440407E+07       4.954018729115E+06
     0.000000000000E+00       1.577987560735E+07      -1.821180978464E+07       4.426424646471E+06
     0.000000000000E+00       1.581814776630E+07      -1.696776072090E+07       3.973472529477E+06
     0.000000000000E+00       1.581183032826E+07      -1.573022311011E+07       3.568263385585E+06
     0.000000000000E+00       1.570950974106E+07      -1.446931200890E+07       3.250431680998E+06
     0.000000000000E+00       1.559758184623E+07      -1.316828713467E+07       2.931903591571E+06
     0.000000000000E+00       1.538836372972E+07      -1.182729945231E+07       2.691519506405E+06
     0.000000000000E+00       1.510521961383E+07      -1.054583347203E+07       2.549197439575E+06
     0.000000000000E+00       1.473575771517E+07      -9.235746313961E+06       2.490458347362E+06
     0.000000000000E+00       1.433047080270E+07      -7.959198724679E+06       2.485513964364E+06
     0.000000000000E+00       1.387817143378E+07      -6.688692542030E+06       2.528297344255E+06
     0.000000000000E+00       1.334388593873E+07      -5.460435713353E+06       2.676135044132E+06
     0.000000000000E+00       1.276430296490E+07      -4.260002296846E+06       2.883497417633E+06
     0.000000000000E+00       1.212535909700E+07      -3.099009862997E+06       3.177166602032E+06
     0.000000000000E+00       1.146808726693E+07      -1.990137221710E+06       3.508057955705E+06
     0.000000000000E+00       1.075784160531E+07      -9.564266755287E+05       3.930236341287E+06
     0.000000000000E+00       1.001205873789E+07       5.812702598360E+04       4.399353759930E+06
     0.000000000000E+00       9.236793743075E+06       1.019056316424E+06       4.931798853334E+06
     0.000000000000E+00       8.427248318196E+06       1.885361161750E+06       5.539797751637E+06
     0.000000000000E+00       7.592810723641E+06       2.706439066547E+06       6.187981244203E+06
     0.000000000000E+00       6.733364534900E+06       3.468461919414E+06       6.902910801201E+06
     0.000000000000E+00       5.823099385698E+06       4.087804040095E+06       7.728377147093E+06
     0.000000000000E+00       4.929370607677E+06       4.685910310359E+06       8.554381360188E+06
     0.000000000000E+00       4.052655848403E+06       5.168181213620E+06       9.414184863006E+06
     0.000000000000E+00       3.172316360473E+06       5.565717850581E+06       1.031723928082E+07
     0.000000000000E+00       2.260209874252E+06       5.927564569056E+06       1.127317913525E+07
     0.000000000000E+00       1.384090451710E+06       6.163900598987E+06       1.224256431160E+07
     0.000000000000E+00       5.064087346423E+05       6.299368278568E+06       1.326705493239E+07
     0.000000000000E+00      -2.960474766822E+05       6.369463291536E+06       1.424946767857E+07
     0.000000000000E+00      -1.134456388768E+06       6.355085008287E+06       1.529535017118E+07
     0.000000000000E+00      -1.939997747743E+06       6.229800328259E+06       1.636900509968E+07
     0.000000000000E+00      -2.751364800385E+06       6.064519440209E+06       1.746088633052E+07
     0.000000000000E+00      -3.515097989725E+06       5.771377193188E+06       1.857313183676E+07
     0.000000000000E+00      -4.178809277488E+06       5.377095053446E+06       1.961770327983E+07
     0.000000000000E+00      -4.831310854001E+06       4.933713695839E+06       2.067620492450E+07
     0.000000000000E+00      -5.439968219076E+06       4.382915325347E+06       2.174762508393E+07
     0.000000000000E+00      -6.013838372638E+06       3.763615422681E+06       2.280416614902E+07
     0.000000000000E+00      -6.515747305794E+06       3.035766225906E+06       2.384131645895E+07
     0.000000000000E+00      -6.907505833203E+06       2.295913883695E+06       2.476949820975E+07
     0.000000000000E+00      -7.329246564738E+06       1.516966491599E+06       2.574897274864E+07
     0.000000000000E+00      -7.692317665943E+06       6.461518741005E+05       2.671485602441E+07
     0.000000000000E+00      -7.966290878698E+06      -2.846675087370E+05       2.761535385414E+07
     0.000000000000E+00      -8.164959760958E+06      -1.246280992670E+06       2.844841639578E+07
     0.000000000000E+00      -8.313693715748E+06      -2.290893007661E+06       2.926704317549E+07
     0.000000000000E+00      -8.378707602342E+06      -3.371765394747E+06       3.001419386883E+07
     0.000000000000E+00      -8.395868566996E+06      -4.497040454352E+06       3.074100152348E+07
     0.000000000000E+00      -8.358464718203E+06      -5.711063034897E+06       3.145262882402E+07
     0.000000000000E+00      -8.258922030530E+06      -6.914468771107E+06       3.209436006706E+07
     0.000000000000E+00      -8.066366363318E+06      -8.097613457715E+06       3.262672040485E+07
     0.000000000000E+00      -7.808670775744E+06      -9.312797978667E+06       3.310477086019E+07
     0.000000000000E+00      -7.439054057796E+06      -1.060411074700E+07       3.350165070389E+07
     0.000000000000E+00      -7.064644182821E+06      -1.183266001499E+07       3.386695996307E+07
     0.000000000000E+00      -6.609184411467E+06      -1.297096881982E+07       3.410077768539E+07
     0.000000000000E+00      -6.111149301220E+06      -1.417585504565E+07       3.432572730218E+07
     0.000000000000E+00      -5.551249612020E+06      -1.534578464921E+07       3.446704112207E+07
     0.000000000000E+00      -4.936632928515E+06      -1.646968893433E+07       3.452615427733E+07
     0.000000000000E+00      -4.225432345365E+06      -1.762312673836E+07       3.449347663488E+07
     0.000000000000E+00      -3.522134556977E+06      -1.875661969682E+07       3.446839929959E+07
     0.000000000000E+00      -2.717470365897E+06      -1.988473850670E+07       3.433548890187E+07
     0.000000000000E+00      -1.900681367960E+06      -2.093986589806E+07       3.416023491166E+07
     0.000000000000E+00      -1.028584140937E+06      -2.193739000175E+07       3.390090404414E+07
     0.000000000000E+00      -8.269131634491E+04      -2.285053267617E+07       3.351700486873E+07
     0.000000000000E+00       8.397905125494E+05      -2.371447284610E+07       3.313481269408E+07
     0.000000000000E+00       1.787915641275E+06      -2.451146935042E+07       3.269378440248E+07
     0.000000000000E+00       2.762948253650E+06      -2.523515271967E+07       3.219714463542E+07
     0.000000000000E+00       3.793986776786E+06      -2.589481698442E+07       3.160920586761E+07
     0.000000000000E+00       4.834099128790E+06      -2.651527995866E+07       3.097993850220E+07
     0.000000000000E+00       5.838942716470E+06      -2.700868924010E+07       3.034813606074E+07
     0.000000000000E+00       6.918626144527E+06      -2.745479132748E+07       2.960877472384E+07
     0.000000000000E+00       7.987677170436E+06      -2.775794704685E+07       2.880815244406E+07
     0.000000000000E+00       9.062437734202E+06      -2.802988443144E+07       2.799288278991E+07
     0.000000000000E+00       1.010202209377E+07      -2.818844299069E+07       2.715454063564E+07
     0.000000000000E+00       1.111159000351E+07      -2.829468951137E+07       2.632495013774E+07
     0.000000000000E+00       1.213017091421E+07      -2.824934138502E+07       2.541748548785E+07
     0.000000000000E+00       1.313236298023E+07      -2.817199255200E+07       2.450649136048E+07
     0.000000000000E+00       1.410877194748E+07      -2.799892034763E+07       2.358043889602E+07
     0.000000000000E+00       1.502598314673E+07      -2.769840324538E+07       2.265876741609E+07
     0.000000000000E+00       1.589155711630E+07      -2.726950326103E+07       2.172595186537E+07
     0.000000000000E+00       1.671090888073E+07      -2.676810942318E+07       2.080444502287E+07
     0.000000000000E+00       1.750429054590E+07      -2.625943915244E+07       1.991488208923E+07
     0.000000000000E+00       1.831318169951E+07      -2.567822405046E+07       1.896379056400E+07
     0.000000000000E+00       1.906068595783E+07      -2.493328935807E+07       1.800890952909E+07
     0.000000000000E+00       1.974511856866E+07      -2.409969940077E+07       1.707772845587E+07
     0.000000000000E+00       2.032909998325E+07      -2.332088010738E+07       1.627758356463E+07
     0.000000000000E+00       2.086386720252E+07      -2.237850747219E+07       1.544888608268E+07
     0.000000000000E+00       2.134146870925E+07      -2.141374100098E+07       1.467717868326E+07
     0.000000000000E+00       2.175787262771E+07      -2.036181277801E+07       1.392107260039E+07
     0.000000000000E+00       2.209181644843E+07      -1.928910890260E+07       1.323432848056E+07
     0.000000000000E+00       2.232583268152E+07      -1.816241105688E+07       1.264018243172E+07
     0.000000000000E+00       2.251358446924E+07      -1.696598506708E+07       1.205243601730E+07
     0.000000000000E+00       2.266751040840E+07      -1.580007309678E+07       1.150947386383E+07
     0.000000000000E+00       2.276473434625E+07      -1.461121989309E+07       1.102172009536E+07
     0.000000000000E+00       2.281264122226E+07      -1.333420429083E+07       1.054098769704E+07
     0.000000000000E+00       2.276478063459E+07      -1.205879772313E+07       1.015205370302E+07
     0.000000000000E+00       2.265485472201E+07      -1.074515409889E+07       9.824438546691E+06
     0.000000000000E+00       2.250485243212E+07      -9.496771972514E+06       9.565341286483E+06
     0.000000000000E+00       2.228942024847E+07      -8.224741016774E+06       9.361069949360E+06
     0.000000000000E+00       2.195938423054E+07      -6.897766980149E+06       9.247224138334E+06
     0.000000000000E+00       2.165298773194E+07      -5.607377639628E+06       9.131534634063E+06
     0.000000000000E+00       2.115543007505E+07      -4.306765352551E+06       9.212640257506E+06
     0.000000000000E+00       2.063027912787E+07      -3.046512231846E+06       9.338671515748E+06
     0.000000000000E+00       2.010150046557E+07      -1.849602511494E+06       9.501628483555E+06
     0.000000000000E+00       1.953129221630E+07      -7.254996772994E+05       9.737647236183E+06
     0.000000000000E+00       1.890386220832E+07       4.110921034861E+05       1.001439793933E+07
     0.000000000000E+00       1.823637732101E+07       1.453612630779E+06       1.038601984283E+07
     0.000000000000E+00       1.754904066583E+07       2.516054386447E+06       1.077789393750E+07
     0.000000000000E+00       1.677958327388E+07       3.525056388868E+06       1.127496492171E+07
     0.000000000000E+00       1.598330494598E+07       4.438044054339E+06       1.184433880891E+07
     0.000000000000E+00       1.515915355362E+07       5.262748493867E+06       1.247988476741E+07
     0.000000000000E+00       1.430167965572E+07       6.081444214032E+06       1.316280310677E+07
     0.000000000000E+00       1.345398321015E+07       6.810402092210E+06       1.387962203795E+07
     0.000000000000E+00       1.257221657176E+07       7.475646136321E+06       1.465889794970E+07
     0.000000000000E+00       1.158867641821E+07       8.069657156959E+06       1.557065310621E+07
     0.000000000000E+00       1.073666175882E+07       8.551854329403E+06       1.640367678264E+07
     0.000000000000E+00       9.870277747763E+06       8.951497638703E+06       1.729391370242E+07
     0.000000000000E+00       8.933653578275E+06       9.174095980676E+06       1.833687560067E+07
     0.000000000000E+00       8.070293431928E+06       9.463868258934E+06       1.927281084544E+07
     0.000000000000E+00       7.260948819608E+06       9.575709033915E+06       2.023857332210E+07
     0.000000000000E+00       6.465532139326E+06       9.580253733621E+06       2.123720542731E+07
     0.000000000000E+00       5.611233363390E+06       9.465163786774E+06       2.236150484168E+07
     0.000000000000E+00       4.793061940464E+06       9.314584843842E+06       2.345722932465E+07
     0.000000000000E+00       4.020109085717E+06       9.127312790860E+06       2.452570022187E+07
     0.000000000000E+00       3.311528014843E+06       8.776284342788E+06       2.559422914575E+07
     0.000000000000E+00       2.639805591077E+06       8.421107108672E+06       2.663206678486E+07
     0.000000000000E+00       2.055722328698E+06       7.959131496282E+06       2.762354606979E+07
     0.000000000000E+00       1.476405955121E+06       7.455714548529E+06       2.864075612830E+07
     0.000000000000E+00       8.527596069521E+05       6.728787273915E+06       2.982098473430E+07
     0.000000000000E+00       3.410057483237E+05       6.014442100762E+06       3.086420383991E+07
     0.000000000000E+00      -1.245858992134E+05       5.308336331495E+06       3.184630099404E+07
     0.000000000000E+00      -4.989870912945E+05       4.465984347281E+06       3.280279143304E+07
     0.000000000000E+00      -8.340236762177E+05       3.601134253865E+06       3.373031605201E+07
     0.000000000000E+00      -1.111404799368E+06       2.679822456347E+06       3.463059782086E+07
     0.000000000000E+00      -1.301972291620E+06       1.602267350244E+06       3.550397235484E+07
     0.000000000000E+00      -1.536755016502E+06       5.845658939869E+05       3.640014663649E+07
     0.000000000000E+00      -1.501342096578E+06      -5.223376273587E+05       3.706278115766E+07
     0.000000000000E+00      -1.479603366174E+06      -1.659675143838E+06       3.774965840441E+07
     0.000000000000E+00      -1.392886658795E+06      -2.853820528319E+06       3.840672936107E+07
     0.000000000000E+00      -1.229243460311E+06      -3.976704550513E+06       3.894681470081E+07
     0.000000000000E+00      -1.045909069668E+06      -5.184518549650E+06       3.949403127218E+07
     0.000000000000E+00      -7.059373706970E+05      -6.475176846634E+06       3.991775504155E+07
     0.000000000000E+00      -3.808720826107E+05      -7.769668151745E+06       4.034825171693E+07
     0.000000000000E+00       9.349179282677E+04      -9.023768911802E+06       4.062473503428E+07
     0.000000000000E+00       5.839215499786E+05      -1.017577376213E+07       4.084221322681E+07
     0.000000000000E+00       1.116891441602E+06      -1.131025928729E+07       4.099568152889E+07
     0.000000000000E+00       1.625080400625E+06      -1.248488183208E+07       4.119456123231E+07
     0.000000000000E+00       2.316343422974E+06      -1.372343593718E+07       4.122673308313E+07
     0.000000000000E+00       2.987759288389E+06      -1.479787113604E+07       4.120643910068E+07
     0.000000000000E+00       3.739194910393E+06      -1.593508539299E+07       4.113752184335E+07
     0.000000000000E+00       4.499393159896E+06      -1.696983673059E+07       4.101275870616E+07
     0.000000000000E+00       5.334367931200E+06      -1.801108870948E+07       4.080015883324E+07
     0.000000000000E+00       6.253698480323E+06      -1.899770204327E+07       4.048319582814E+07
     0.000000000000E+00       7.139811535253E+06      -1.998426114786E+07       4.019711823973E+07
     0.000000000000E+00       8.085610536215E+06      -2.077944249180E+07       3.976274007270E+07
     0.000000000000E+00       9.050456140973E+06      -2.158079132874E+07       3.930990637435E+07
     0.000000000000E+00       1.011435648311E+07      -2.235473731258E+07       3.874651124721E+07
     0.000000000000E+00       1.112170174985E+07      -2.292936323143E+07       3.814567675080E+07
     0.000000000000E+00       1.216156182412E+07      -2.347799496610E+07       3.748204716805E+07
     0.000000000000E+00       1.325659252437E+07      -2.399194542747E+07       3.675573384500E+07
     0.000000000000E+00       1.419527553096E+07      -2.430668031458E+07       3.609487077907E+07
     0.000000000000E+00       1.525370218205E+07      -2.459029294881E+07       3.529752051202E+07
     0.000000000000E+00       1.630761132327E+07      -2.486843996755E+07       3.449951543557E+07
     0.000000000000E+00       1.732121434291E+07      -2.499551706072E+07       3.368478847941E+07
     0.000000000000E+00       1.821557422821E+07      -2.502600828079E+07       3.294354867299E+07
     0.000000000000E+00       1.924857752204E+07      -2.481484766633E+07       3.194136010708E+07
     0.000000000000E+00       2.033423455310E+07      -2.474171306957E+07       3.095499734102E+07
     0.000000000000E+00       2.131754084243E+07      -2.477839939811E+07       3.012655292610E+07
     0.000000000000E+00       2.212239019392E+07      -2.436004835529E+07       2.924801525567E+07
     0.000000000000E+00       2.305762691602E+07      -2.392698635406E+07       2.824912482356E+07
     0.000000000000E+00       2.384406427472E+07      -2.341863772022E+07       2.736113329273E+07
     0.000000000000E+00       2.471156345271E+07      -2.285431894022E+07       2.636403960191E+07
     0.000000000000E+00       2.541351688522E+07      -2.216635449810E+07       2.548318536133E+07
     0.000000000000E+00       2.610346711548E+07      -2.168340295388E+07       2.470368952708E+07
     0.000000000000E+00       2.669312203708E+07      -2.083532024422E+07       2.386339865619E+07
     0.000000000000E+00       2.731486941147E+07      -1.995752566822E+07       2.297638260550E+07
     0.000000000000E+00       2.793427335342E+07      -1.918905794691E+07       2.214293268032E+07
     0.000000000000E+00       2.844762698605E+07      -1.818539031009E+07       2.130841012998E+07
     0.000000000000E+00       2.884769537969E+07      -1.712776912333E+07       2.055755068667E+07
     0.000000000000E+00       2.924658599065E+07      -1.607425423039E+07       1.982381015362E+07
     0.000000000000E+00       2.951900746716E+07      -1.482270874150E+07       1.911614339053E+07
     0.000000000000E+00       2.970434560285E+07      -1.358172273975E+07       1.850711948839E+07
     0.000000000000E+00       2.986768923604E+07      -1.237066747180E+07       1.793716037109E+07
     0.000000000000E+00       2.976287007564E+07      -1.112990735085E+07       1.763420584700E+07
     0.000000000000E+00       2.977302127263E+07      -9.826153984158E+06       1.719220700528E+07
     0.000000000000E+00       2.979562045353E+07      -8.576886277554E+06       1.675170479741E+07
     0.000000000000E+00       2.972740743624E+07      -7.370756292397E+06       1.641781915451E+07
     0.000000000000E+00       2.953454854554E+07      -5.991957983440E+06       1.614987688038E+07
     0.000000000000E+00       2.928229229386E+07      -4.747804763199E+06       1.598947806274E+07
     0.000000000000E+00       2.898008593986E+07      -3.525192719145E+06       1.590657102542E+07
     0.000000000000E+00       2.862894640475E+07      -2.257039961473E+06       1.583834103175E+07
     0.000000000000E+00       2.821799754869E+07      -9.349752324150E+05       1.582153913327E+07
     0.000000000000E+00       2.769402355867E+07       3.269805941264E+05       1.594106952574E+07
     0.000000000000E+00       2.716951555257E+07       1.571779762158E+06       1.607180043895E+07
     0.000000000000E+00       2.659323728786E+07       2.749854214906E+06       1.628541607476E+07
     0.000000000000E+00       2.591393492689E+07       3.978603332147E+06       1.658529877075E+07
     0.000000000000E+00       2.526179459295E+07       5.053521398340E+06       1.692929818306E+07
     0.000000000000E+00       2.453117558604E+07       6.140161410256E+06       1.734510984763E+07
     0.000000000000E+00       2.367149094560E+07       7.013611904724E+06       1.800460463394E+07
     0.000000000000E+00       2.276960467325E+07       7.867806952168E+06       1.871208069580E+07
     0.000000000000E+00       2.199074760121E+07       8.681498773502E+06       1.931762364122E+07
     0.000000000000E+00       2.114742039235E+07       9.445584706842E+06       2.001101304543E+07
     0.000000000000E+00       2.034199435096E+07       1.019355425973E+07       2.067339115821E+07
     0.000000000000E+00       1.939621016557E+07       1.097835866492E+07       2.146831027515E+07
     0.000000000000E+00       1.844618282123E+07       1.139423797354E+07       2.241678914073E+07
     0.000000000000E+00       1.755638273122E+07       1.193801130901E+07       2.325497831412E+07
     0.000000000000E+00       1.648101410001E+07       1.234539360780E+07       2.435793923662E+07
     0.000000000000E+00       1.564763230121E+07       1.247696913674E+07       2.533745931988E+07
     0.000000000000E+00       1.475839009320E+07       1.245964149587E+07       2.644342736290E+07
     0.000000000000E+00       1.393712300885E+07       1.273544138207E+07       2.735079990866E+07
     0.000000000000E+00       1.311145046939E+07       1.273958956830E+07       2.837733031002E+07
     0.000000000000E+00       1.239591270327E+07       1.265284592010E+07       2.933599580298E+07
     0.000000000000E+00       1.155860945693E+07       1.252971288428E+07       3.044700790828E+07
     0.000000000000E+00       1.092381198969E+07       1.220437290709E+07       3.143642198961E+07
     0.000000000000E+00       1.019672236295E+07       1.190041390774E+07       3.250328459844E+07
     0.000000000000E+00       9.483307939012E+06       1.159592719324E+07       3.356138493934E+07
     0.000000000000E+00       8.871345805332E+06       1.114635577626E+07       3.458143016395E+07
     0.000000000000E+00       8.194081449171E+06       1.050738468424E+07       3.575234721036E+07
     0.000000000000E+00       7.702759836083E+06       9.797549732044E+06       3.677748979712E+07
     0.000000000000E+00       7.182437225355E+06       9.056612545413E+06       3.783211883974E+07
     0.000000000000E+00       6.666439827218E+06       8.306289351216E+06       3.890960839814E+07
     0.000000000000E+00       6.305502390415E+06       7.557175109987E+06       3.981492199402E+07
     0.000000000000E+00       6.001222486746E+06       6.635789463325E+06       4.073764154267E+07
     0.000000000000E+00       5.815699930742E+06       5.600255115198E+06       4.158406412195E+07
     0.000000000000E+00       5.735061203623E+06       4.616656000261E+06       4.230883189352E+07
     0.000000000000E+00       5.694195079098E+06       3.430920748500E+06       4.309197511343E+07
     0.000000000000E+00       5.520261248842E+06       2.368242190318E+06       4.394867235081E+07
     0.000000000000E+00       5.578089589375E+06       1.091763339059E+06       4.465239443098E+07
     0.000000000000E+00       5.620695974925E+06       6.620200949673E+04       4.526852780688E+07
     0.000000000000E+00       5.828720903597E+06      -1.099621760105E+06       4.577852649524E+07
     0.000000000000E+00       6.073411521188E+06      -2.447999857651E+06       4.633568735335E+07
     0.000000000000E+00       6.185039025119E+06      -3.516211748352E+06       4.689399526392E+07
     0.000000000000E+00       6.614944470258E+06      -4.862943587541E+06       4.726523043524E+07
     0.000000000000E+00       6.991213024146E+06      -6.119063653761E+06       4.764124252030E+07
     0.000000000000E+00       7.530051314019E+06      -7.319162217316E+06       4.781562164333E+07
     0.000000000000E+00       8.161354580539E+06      -8.562248088588E+06       4.791499783116E+07
     0.000000000000E+00       8.849049051862E+06      -9.864720056405E+06       4.798542026009E+07
     0.000000000000E+00       9.647026050837E+06      -1.096253429091E+07       4.785069534017E+07
     0.000000000000E+00       1.030800338290E+07      -1.210208323632E+07       4.787352390027E+07
     0.000000000000E+00       1.106993564501E+07      -1.318828374103E+07       4.774205178140E+07
     0.000000000000E+00       1.169781282785E+07      -1.432070765150E+07       4.781131541779E+07
     0.000000000000E+00       1.275869189068E+07      -1.564978287737E+07       4.750871168118E+07
     0.000000000000E+00       1.364415360972E+07      -1.621426086664E+07       4.702580616900E+07
     0.000000000000E+00       1.439978163055E+07      -1.700251315014E+07       4.678163715294E+07
     0.000000000000E+00       1.533311891708E+07      -1.778303097331E+07       4.635202621536E+07
     0.000000000000E+00       1.650577969996E+07      -1.856037136001E+07       4.568055238132E+07
     0.000000000000E+00       1.737002716792E+07      -1.912136883436E+07       4.520486480663E+07
     0.000000000000E+00       1.833111545658E+07      -1.984011901721E+07       4.471902490071E+07
     0.000000000000E+00       1.944853847146E+07      -2.054643231939E+07       4.406440117292E+07
     0.000000000000E+00       2.048708380528E+07      -2.097484305596E+07       4.336198975786E+07
     0.000000000000E+00       2.156679586283E+07      -2.123367617161E+07       4.252905663652E+07
     0.000000000000E+00       2.244257551054E+07      -2.145252751647E+07       4.189131351565E+07
     0.000000000000E+00       2.347535399700E+07      -2.166975613107E+07       4.108512858869E+07
     0.000000000000E+00       2.457846598109E+07      -2.172882228612E+07       4.014905488299E+07
     0.000000000000E+00       2.562024390929E+07      -2.185897911553E+07       3.929214487760E+07
     0.000000000000E+00       2.658785111856E+07      -2.181301631652E+07       3.842902497091E+07
     0.000000000000E+00       2.764823408353E+07      -2.172084464890E+07       3.745036900202E+07
     0.000000000000E+00       2.873639679972E+07      -2.158425196605E+07       3.642789600874E+07
     0.000000000000E+00       2.950297578201E+07      -2.108826789935E+07       3.557185719883E+07
     0.000000000000E+00       3.032265177023E+07      -2.078765009292E+07       3.474092086417E+07
     0.000000000000E+00       3.104867209428E+07      -2.008054290055E+07       3.382669484871E+07
     0.000000000000E+00       3.191921423824E+07      -1.944781238500E+07       3.279542120972E+07
     0.000000000000E+00       3.261989950739E+07      -1.886601686801E+07       3.196560683686E+07
     0.000000000000E+00       3.332826934665E+07      -1.815590222677E+07       3.107458477757E+07
     0.000000000000E+00       3.390502976551E+07      -1.719721294092E+07       3.019233913235E+07
     0.000000000000E+00       3.437431741109E+07      -1.623196492210E+07       2.941715013040E+07
     0.000000000000E+00       3.506441048150E+07      -1.550485395812E+07       2.852209833809E+07
     0.000000000000E+00       3.547889754661E+07      -1.458816027718E+07       2.782543884379E+07
     0.000000000000E+00       3.587049565623E+07      -1.336364215940E+07       2.702020785273E+07
     0.000000000000E+00       3.619055550394E+07      -1.244437063027E+07       2.643164572379E+07
     0.000000000000E+00       3.641809903960E+07      -1.120558498800E+07       2.576759443208E+07
     0.000000000000E+00       3.643396948353E+07      -1.014480771307E+07       2.541517020431E+07
     0.000000000000E+00       3.642631246820E+07      -9.092951270194E+06       2.510845602539E+07
     0.000000000000E+00       3.665680988165E+07      -7.747249762446E+06       2.441528065808E+07
     0.000000000000E+00       3.679308359209E+07      -6.498436923672E+06       2.385579950792E+07
     0.000000000000E+00       3.671457790045E+07      -5.082551005667E+06       2.344030968581E+07
     0.000000000000E+00       3.657142655306E+07      -3.629832545067E+06       2.307320535068E+07
     0.000000000000E+00       3.639949519020E+07      -2.540671975057E+06       2.291067572270E+07
     0.000000000000E+00       3.618059224222E+07      -1.424695768358E+06       2.277955463386E+07
     0.000000000000E+00       3.579892712072E+07      -1.081289320737E+05       2.272705372335E+07
     0.000000000000E+00       3.538362070761E+07       1.161586735074E+06       2.274187881592E+07
     0.000000000000E+00       3.507099115104E+07       2.403961733271E+06       2.265798444485E+07
     0.000000000000E+00       3.459646336607E+07       3.413153739166E+06       2.283431622794E+07
     0.000000000000E+00       3.407639919779E+07       4.590306948766E+06       2.299605390403E+07
     0.000000000000E+00       3.340640066272E+07       5.743603885476E+06       2.333507424171E+07
     0.000000000000E+00       3.281101919345E+07       6.984872316843E+06       2.354979379145E+07
     0.000000000000E+00       3.217517051048E+07       7.824933862040E+06       2.398562185255E+07
     0.000000000000E+00       3.160832537742E+07       9.255043975326E+06       2.407072392324E+07
     0.000000000000E+00       3.075234819707E+07       1.039758802877E+07       2.459204965470E+07
     0.000000000000E+00       3.013732733431E+07       1.097291759569E+07       2.513032013999E+07
     0.000000000000E+00       2.916120872579E+07       1.186827426824E+07       2.590331391555E+07
     0.000000000000E+00       2.814280412845E+07       1.290108875305E+07       2.665021968409E+07
     0.000000000000E+00       2.717384381863E+07       1.384136037275E+07       2.738441137662E+07
     0.000000000000E+00       2.644709231672E+07       1.430907238225E+07       2.809304928559E+07
     0.000000000000E+00       2.537779671730E+07       1.456767402170E+07       2.925085957680E+07
     0.000000000000E+00       2.442152587659E+07       1.515813924853E+07       3.013130445118E+07
     0.000000000000E+00       2.331523711361E+07       1.591524136337E+07       3.110306543870E+07
     0.000000000000E+00       2.239497299074E+07       1.585502536366E+07       3.226151002427E+07
     0.000000000000E+00       2.159149288849E+07       1.598182473078E+07       3.321598702534E+07
     0.000000000000E+00       2.076610120601E+07       1.605224919834E+07       3.421846716320E+07
     0.000000000000E+00       1.988225264180E+07       1.593892701293E+07       3.537067527619E+07
     0.000000000000E+00       1.928162728479E+07       1.603249134518E+07       3.614576420169E+07
     0.000000000000E+00       1.858721992314E+07       1.557636941287E+07       3.725447535052E+07
     0.000000000000E+00       1.795143909778E+07       1.523021228938E+07       3.824152764128E+07
     0.000000000000E+00       1.707711962442E+07       1.505280547419E+07       3.939397602290E+07
     0.000000000000E+00       1.632088647527E+07       1.474090913476E+07       4.050823764283E+07
     0.000000000000E+00       1.569719520331E+07       1.436799150831E+07       4.149741438725E+07
     0.000000000000E+00       1.514018997528E+07       1.381859715938E+07       4.250676540380E+07
     0.000000000000E+00       1.461749234625E+07       1.334525190518E+07       4.345435779702E+07
     0.000000000000E+00       1.397288764261E+07       1.276826078601E+07       4.458020962198E+07
     0.000000000000E+00       1.351275233743E+07       1.196809957275E+07       4.560769691201E+07
     0.000000000000E+00       1.302854046290E+07       1.091886600606E+07       4.677045699804E+07
     0.000000000000E+00       1.288667488839E+07       9.714429330080E+06       4.765809283193E+07
     0.000000000000E+00       1.265370770608E+07       8.618234091634E+06       4.859466381354E+07
     0.000000000000E+00       1.256975057218E+07       7.571317108746E+06       4.935654320707E+07
     0.000000000000E+00       1.264860357844E+07       6.582877822031E+06       4.991598174492E+07
     0.000000000000E+00       1.249918558032E+07       5.727832602563E+06       5.065224608023E+07
     0.000000000000E+00       1.265833016468E+07       4.298007783612E+06       5.132806480360E+07
     0.000000000000E+00       1.263383460501E+07       2.832013150620E+06       5.221092900655E+07
     0.000000000000E+00       1.260165512771E+07       1.864391200257E+06       5.286890520542E+07
     0.000000000000E+00       1.289957064174E+07       7.666461127397E+05       5.326714549624E+07
     0.000000000000E+00       1.324503973708E+07      -5.705580844961E+05       5.371246911997E+07
     0.000000000000E+00       1.355361647513E+07      -1.501660666549E+06       5.400144046269E+07
     0.000000000000E+00       1.405501853458E+07      -2.983080583751E+06       5.433963864900E+07
     0.000000000000E+00       1.476122883725E+07      -4.398235813551E+06       5.444401570542E+07
     0.000000000000E+00       1.517886260645E+07      -5.513617171959E+06       5.472199913232E+07
     0.000000000000E+00       1.554476224205E+07      -6.817740453609E+06       5.512761921723E+07
     0.000000000000E+00       1.622956179792E+07      -7.949825472276E+06       5.512878888661E+07
     0.000000000000E+00       1.706089604960E+07      -9.031854840044E+06       5.495037817949E+07
     0.000000000000E+00       1.785283323451E+07      -1.004082417471E+07       5.477696570795E+07
     0.000000000000E+00       1.884596727749E+07      -1.132074560562E+07       5.450926146925E+07
     0.000000000000E+00       1.974829643810E+07      -1.224727819569E+07       5.418241857158E+07
     0.000000000000E+00       2.048772591853E+07      -1.292870063722E+07       5.390127050013E+07
     0.000000000000E+00       2.152139086600E+07      -1.381057508053E+07       5.340541853252E+07
     0.000000000000E+00       2.249389444555E+07      -1.451915934216E+07       5.290124846136E+07
     0.000000000000E+00       2.304401251437E+07      -1.537932092649E+07       5.290956727777E+07
     0.000000000000E+00       2.406710777633E+07      -1.612206325822E+07       5.238051719050E+07
     0.000000000000E+00       2.498419483089E+07      -1.686350192485E+07       5.194996891920E+07
     0.000000000000E+00       2.634802763861E+07      -1.749058384613E+07       5.100701380260E+07
     0.000000000000E+00       2.727346456160E+07      -1.775122261548E+07       5.032813876519E+07
     0.000000000000E+00       2.835615967354E+07      -1.816491113145E+07       4.957584653625E+07
     0.000000000000E+00       2.931732021259E+07      -1.851535650744E+07       4.889952260191E+07
     0.000000000000E+00       3.024167953332E+07      -1.848342679846E+07       4.810136523138E+07
     0.000000000000E+00       3.130234194985E+07      -1.845323052929E+07       4.715119106952E+07
     0.000000000000E+00       3.268851795196E+07      -1.912775740247E+07       4.619444066467E+07
     0.000000000000E+00       3.363235980153E+07      -1.921133527551E+07       4.541497247654E+07
     0.000000000000E+00       3.441767188206E+07      -1.868078685674E+07       4.452903034589E+07
     0.000000000000E+00       3.537825071329E+07      -1.821994886999E+07       4.349557223338E+07
     0.000000000000E+00       3.651917689044E+07      -1.814054433224E+07       4.244208628136E+07
     0.000000000000E+00       3.731965376012E+07      -1.794032290454E+07       4.168687266205E+07
     0.000000000000E+00       3.819265825658E+07      -1.718679119074E+07       4.057878272629E+07
     0.000000000000E+00       3.889572271281E+07      -1.671496024996E+07       3.980118764620E+07
     0.000000000000E+00       3.965220158256E+07      -1.570007460406E+07       3.870790935242E+07
     0.000000000000E+00       4.060865312280E+07      -1.523763014397E+07       3.766489319528E+07
     0.000000000000E+00       4.132667628488E+07      -1.429615683390E+07       3.664443770518E+07
     0.000000000000E+00       4.195132525314E+07      -1.337398678716E+07       3.572965444979E+07
     0.000000000000E+00       4.223513248619E+07      -1.218899607497E+07       3.504676893092E+07
     0.000000000000E+00       4.280202938493E+07      -1.084280424952E+07       3.400103055739E+07
     0.000000000000E+00       4.325623697541E+07      -9.840880209546E+06       3.322881193943E+07
     0.000000000000E+00       4.369133049743E+07      -9.217025351774E+06       3.266494028453E+07
     0.000000000000E+00       4.389617214429E+07      -8.121608924803E+06       3.210167167982E+07
     0.000000000000E+00       4.404735831572E+07      -7.172055409141E+06       3.167106747542E+07
     0.000000000000E+00       4.392624317544E+07      -5.638800280537E+06       3.123893836148E+07
     0.000000000000E+00       4.392512311439E+07      -4.294676148942E+06       3.077329898749E+07
     0.000000000000E+00       4.390880871011E+07      -2.904395788577E+06       3.030036731588E+07
     0.000000000000E+00       4.363245760630E+07      -1.671442270345E+06       3.017450664139E+07
     0.000000000000E+00       4.378510964154E+07      -7.016337379874E+05       2.973512127509E+07
     0.000000000000E+00       4.315920678396E+07       9.964716615760E+05       2.975233136933E+07
     0.000000000000E+00       4.312298826407E+07       2.414194175668E+06       2.929893169742E+07
     0.000000000000E+00       4.280265581087E+07       3.295831088424E+06       2.938787751045E+07
     0.000000000000E+00       4.219240944318E+07       4.836245299004E+06       2.947169509302E+07
     0.000000000000E+00       4.137741422474E+07       6.355848495104E+06       2.976983495188E+07
     0.000000000000E+00       4.082662404849E+07       7.436138666947E+06       3.001766208638E+07
     0.000000000000E+00       4.046566804187E+07       8.980951463752E+06       2.983612617897E+07
     0.000000000000E+00       3.968124328092E+07       9.847121938815E+06       3.041083208063E+07
     0.000000000000E+00       3.875158590773E+07       1.105242487618E+07       3.098557569407E+07
     0.000000000000E+00       3.822057346136E+07       1.141461410502E+07       3.153155364654E+07
     0.000000000000E+00       3.740011203350E+07       1.280046181389E+07       3.191362378918E+07
     0.000000000000E+00       3.688467024016E+07       1.312438354987E+07       3.246524849132E+07
     0.000000000000E+00       3.639394541641E+07       1.395601151717E+07       3.276576098696E+07
     0.000000000000E+00       3.585961051332E+07       1.459214523530E+07       3.319414430355E+07
     0.000000000000E+00       3.489523186870E+07       1.525567265768E+07       3.406198327171E+07
     0.000000000000E+00       3.425386842516E+07       1.587200761204E+07       3.461599798400E+07
     0.000000000000E+00       3.311426367264E+07       1.658888822076E+07       3.563210647333E+07
     0.000000000000E+00       3.236034649595E+07       1.710898622562E+07       3.635477844927E+07
     0.000000000000E+00       3.164742746298E+07       1.724609197680E+07       3.720716063658E+07
     0.000000000000E+00       3.076849736866E+07       1.853262228685E+07       3.767913705581E+07
     0.000000000000E+00       2.970285388289E+07       1.890499364566E+07       3.877349809953E+07
     0.000000000000E+00       2.895230332859E+07       1.930002211075E+07       3.954467300913E+07
     0.000000000000E+00       2.797853226931E+07       1.941149550741E+07       4.065992477349E+07
     0.000000000000E+00       2.763276852744E+07       1.918501794168E+07       4.130078418011E+07
     0.000000000000E+00       2.656178276971E+07       1.845530932617E+07       4.294066516117E+07
     0.000000000000E+00       2.578866003459E+07       1.900579778435E+07       4.366270686280E+07
     0.000000000000E+00       2.471954674247E+07       1.828101283446E+07       4.528658732936E+07
     0.000000000000E+00       2.408620070153E+07       1.801839591063E+07       4.624758843685E+07
     0.000000000000E+00       2.356177523723E+07       1.723363773541E+07       4.734561946876E+07
     0.000000000000E+00       2.301098557255E+07       1.713273258370E+07       4.813509831081E+07
     0.000000000000E+00       2.208407749291E+07       1.660213085118E+07       4.951835623399E+07
     0.000000000000E+00       2.172699819978E+07       1.587644016966E+07       5.040672947587E+07
     0.000000000000E+00       2.121978003939E+07       1.486498063197E+07       5.158369180669E+07
     0.000000000000E+00       2.037868275084E+07       1.382758264345E+07       5.312103228659E+07
     0.000000000000E+00       2.019011965962E+07       1.299859093963E+07       5.388308691061E+07
     0.000000000000E+00       1.984931985822E+07       1.211152534623E+07       5.481854459011E+07
     0.000000000000E+00       1.986416495222E+07       1.158429365285E+07       5.522936645648E+07
     0.000000000000E+00       2.012449333554E+07       1.013752907349E+07       5.581982091610E+07
     0.000000000000E+00       2.038954491406E+07       8.486482780556E+06       5.650108468199E+07
     0.000000000000E+00       2.034234332377E+07       7.194796371963E+06       5.733495010396E+07
     0.000000000000E+00       2.056950071967E+07       6.502804672011E+06       5.760012432386E+07
     0.000000000000E+00       2.039517559925E+07       5.804680868518E+06       5.828160377879E+07
     0.000000000000E+00       2.064032541754E+07       4.286564884374E+06       5.892862524452E+07
     0.000000000000E+00       2.072447714645E+07       3.632454100962E+06       5.932271840061E+07
     0.000000000000E+00       2.109969114381E+07       2.515091569900E+06       5.963075023405E+07
     0.000000000000E+00       2.121071525524E+07       1.434108050980E+06       6.019403365155E+07
     0.000000000000E+00       2.148496516171E+07       8.905169938299E+05       6.034404983080E+07
     0.000000000000E+00       2.200436037108E+07      -5.925803483134E+05       6.067826637815E+07
     0.000000000000E+00       2.250265520103E+07      -1.917942018636E+06       6.095332361687E+07
     0.000000000000E+00       2.332124661708E+07      -3.066743363166E+06       6.081547018417E+07
     0.000000000000E+00       2.388221555293E+07      -4.010173854342E+06       6.085757557173E+07
     0.000000000000E+00       2.435798129953E+07      -5.685097973823E+06       6.132043873959E+07
     0.000000000000E+00       2.560504577072E+07      -6.661699437560E+06       6.064898385268E+07
     0.000000000000E+00       2.682581155011E+07      -8.391089827975E+06       6.035478251411E+07
     0.000000000000E+00       2.730591262490E+07      -9.144461053199E+06       6.038619215871E+07
     0.000000000000E+00       2.817476480106E+07      -1.037017304020E+07       6.022864145251E+07
     0.000000000000E+00       2.920581097000E+07      -1.083132444599E+07       5.954222499341E+07
     0.000000000000E+00       2.991225629034E+07      -1.143107962564E+07       5.926439560131E+07
     0.000000000000E+00       3.079449162710E+07      -1.198000723870E+07       5.879555066976E+07
     0.000000000000E+00       3.176974131623E+07      -1.252332913936E+07       5.820525460918E+07
     0.000000000000E+00       3.270539162077E+07      -1.298527822217E+07       5.762310914349E+07
     0.000000000000E+00       3.419288286451E+07      -1.397059483223E+07       5.670949817869E+07
     0.000000000000E+00       3.534176282340E+07      -1.478837423020E+07       5.607867336616E+07
     0.000000000000E+00       3.635673676741E+07      -1.437721501308E+07       5.499442146377E+07
     0.000000000000E+00       2.879222574026E+07      -1.086688362446E+07       4.473434737837E+07
     0.000000000000E+00       1.814913844581E+07      -6.361707873764E+06       3.178904800357E+07
