         0.000000000000           0.000000000000           0.000000000000
        -0.034462385137           0.028157132923           0.029515908785
        -0.069229289466           0.054795796430           0.060066080064
        -0.104254297584           0.079885088732           0.091616756971
        -0.139490677891           0.103396006158           0.124132956932
        -0.174891439833           0.125301478695           0.157578514516
        -0.210409391475           0.145576403140           0.191916125748
        -0.245997197314           0.164197673864           0.227107393803
        -0.281607436270           0.181144211112           0.263112876052
        -0.317192659780           0.196396986831           0.299892132378
        -0.352705449925           0.209939047979           0.337403774719
        -0.388098477528           0.221755537295           0.375605517776
        -0.423324560127           0.231833711500           0.414454230813
        -0.458336719787           0.240162956910           0.453905990496
        -0.493088240644           0.246734802437           0.493916134705
        -0.527532726145           0.251542929969           0.534439317249
        -0.561624155879           0.254583182106           0.575429563416
        -0.595316941962           0.255853567259           0.616840326301
        -0.628565984886           0.255354262086           0.658624543826
        -0.661326728766           0.253087611275           0.700734696399
        -0.693555215930           0.249058124675           0.743122865127
        -0.725208140768           0.243272471770           0.785740790520
        -0.756242902787           0.235739473503           0.828539931619
        -0.786617658797           0.226470091479           0.871471525456
        -0.816291374179           0.215477414529           0.914486646798
        -0.845223873151           0.202776642675           0.957536268084
        -0.873375887986           0.188385068513           1.000571319484
        -0.900709107125           0.172322056024           1.043542749022
        -0.927186222107           0.154609016856           1.086401582661
        -0.952770973274           0.135269384085           1.129098984305
        -0.977428194198           0.114328583515           1.171586315629
        -1.001123854757           0.091814002526           1.213815195661
        -1.023825102832           0.067754956521           1.255737560055
        -1.045500304544           0.042182653014           1.297305719977
        -1.066119083020           0.015130153397           1.338472420523
        -1.085652355596          -0.013367667565           1.379190898615
        -1.104072369456          -0.043274164453           1.419414940287
        -1.121352735625          -0.074550966097           1.459098937303
        -1.137468461299          -0.107158022576           1.498197943033
        -1.152395980467          -0.141053654285           1.536667727510
        -1.166113182776          -0.176194603000           1.574464831624
        -1.178599440625          -0.212536084869           1.611546620358
        -1.189835634428          -0.250031845278           1.647871335022
        -1.199804176044          -0.288634215515           1.683398144410
        -1.208489030320          -0.328294171175           1.718087194823
        -1.215875734735          -0.368961392209           1.751899658892
        -1.221951417123          -0.410584324580           1.784797783147
        -1.226704811437          -0.453110243418           1.816744934268
        -1.230126271553          -0.496485317610           1.847705643961
        -1.232207783089          -0.540654675752           1.877645652415
        -1.232942973220          -0.585562473371           1.906531950270
        -1.232327118488          -0.631151961336           1.934332819056
        -1.230357150588          -0.677365555385           1.961017870054
        -1.227031660127          -0.724144906669           1.986558081522
        -1.222350898349          -0.771430973235           2.010925834252
        -1.216316776830          -0.819164092357           2.034094945403
        -1.208932865133          -0.867284053631           2.056040700580
        -1.200204386439          -0.915730172734           2.076739884110
        -1.190138211145          -0.964441365770           2.096170807482
        -1.178742848446          -1.013356224106           2.114313335922
        -1.166028435915          -1.062413089597           2.131148913054
        -1.152006727079          -1.111550130129           2.146660583638
        -1.136691077024          -1.160705415364           2.160833014340
        -1.120096426029          -1.209816992615           2.173652512516
        -1.102239281268          -1.258822962741           2.185107042986
        -1.083137696583          -1.307661555976           2.195186242781
        -1.062811250368          -1.356271207610           2.203881433838
        -1.041281021585          -1.404590633405           2.211185633629
        -1.018569563937          -1.452558904677           2.217093563717
        -0.994700878242          -1.500115522937           2.221601656223
        -0.969700383027          -1.547200494010           2.224708058195
        -0.943594883386          -1.593754401531           2.226412633880
        -0.916412538149          -1.639718479736           2.226716964891
        -0.888182825374          -1.685034685455           2.225624348267
        -0.858936506244          -1.729645769222           2.223139792433
        -0.828705587374          -1.773495345408           2.219270011068
        -0.797523281606          -1.816527961301           2.214023414880
        -0.765423967315          -1.858689165040           2.207410101296
        -0.732443146296          -1.899925572321           2.199441842099
        -0.698617400270          -1.940184931803           2.190132069003
        -0.663984346067          -1.979416189115           2.179495857198
        -0.628582589544          -2.017569549405           2.167549906883
        -0.592451678288          -2.054596538342           2.154312522805
        -0.555632053167          -2.090450061506           2.139803591834
        -0.518164998785          -2.125084462074           2.124044558602
        -0.480092592906          -2.158455576763           2.107058399230
        -0.441457654906          -2.190520789929           2.088869593179
        -0.402303693312          -2.221239085774           2.069504093261
        -0.362674852505          -2.250571098600           2.048989293846
        -0.322615858632          -2.278479161029           2.027353997301
        -0.282171964820          -2.304927350151           2.004628378703
        -0.241388895732          -2.329881531537           1.980843948872
        -0.200312791552          -2.353309401050           1.956033515770
        -0.158990151459          -2.375180524425           1.930231144304
        -0.117467776660          -2.395466374552           1.903472114597
        -0.075792713056          -2.414140366426           1.875792878764
        -0.034012193605          -2.431177889714           1.847231016259
         0.007826419543          -2.446556338907           1.817825187831
         0.049675693065          -2.460255141010           1.787615088164
         0.091488180580          -2.472255780751           1.756641397251
         0.133216480773          -2.482541823260           1.724945730549
         0.174813295467          -2.491098934204           1.692570588004
         0.216231487565          -2.497914897351           1.659559301980
         0.257424138800          -2.502979629529           1.625955984176
         0.298344607212          -2.506285192988           1.591805471584
         0.338946584291          -2.507825805115           1.557153271556
         0.379184151708          -2.507597845526           1.522045506062
         0.419011837567          -2.505599860497           1.486528855176
         0.458384672117          -2.501832564747           1.450650499898
         0.497258242838          -2.496298840559           1.414458064345
         0.535588748856          -2.489003734255           1.377999557414
         0.573333054599          -2.479954450007           1.341323313962
         0.610448742646          -2.469160341016           1.304477935594
         0.646894165687          -2.456632898051           1.267512231119
         0.682628497549          -2.442385735375           1.230475156758
         0.717611783211          -2.426434574062           1.193415756166
         0.751804987751          -2.408797222739           1.156383100349
         0.785170044167          -2.389493555769           1.119426227550
         0.817669900017          -2.368545488906           1.082594083170
         0.849268562804          -2.345976952439           1.045935459805
         0.879931144079          -2.321813861883           1.009498937474
         0.909623902174          -2.296084086225           0.973332824101
         0.938314283545          -2.268817413784           0.937485096335
         0.965970962650          -2.240045515718           0.902003340773
         0.992563880326          -2.209801907222           0.866934695663
         1.018064280615          -2.178121906472           0.832325793156
         1.042444745991          -2.145042591352           0.798222702175
         1.065679230952          -2.110602754036           0.764670871979
         1.087743093924          -2.074842853461           0.731715076482
         1.108613127452          -2.037804965760           0.699399359402
         1.128267586632          -1.999532732719           0.667766980302
         1.146686215747          -1.960071308306           0.636860361593
         1.163850273086          -1.919467303359           0.606721036565
         1.179742553902          -1.877768728479           0.577389598504
         1.194347411489          -1.835024935218           0.548905650960
         1.207650776352          -1.791286555612           0.521307759229
         1.219640173442          -1.746605440158           0.494633403109
         1.230304737443          -1.701034594289           0.468918930985
         1.239635226076          -1.654628113438           0.444199515294
         1.247624031429          -1.607441116769           0.420509109439
         1.254265189272          -1.559529679646           0.397880406193
         1.259554386365          -1.510950764942           0.376344797647
         1.263488965746          -1.461762153247           0.355932336752
         1.266067929979          -1.412022372087           0.336671700498
         1.267291942383          -1.361790624222           0.318590154789
         1.267163326215          -1.311126715113           0.301713521033
         1.265686061823          -1.260090979660           0.286066144514
         1.262865781775          -1.208744208284           0.271670864562
         1.258709763954          -1.157147572452           0.258548986576
         1.253226922642          -1.105362549738           0.246720255921
         1.246427797601          -1.053450848509           0.236202833739
         1.238324541162          -1.001474332322           0.227013274700
         1.228930903333          -0.949494944139           0.219166506723
         1.218262214958          -0.897574630441           0.212675812682
         1.206335368934          -0.845775265339           0.207552814141
         1.193168799514          -0.794158574766           0.203807457109
         1.178782459726          -0.742786060868           0.201447999863
         1.163197796927          -0.691718926649           0.200481002822
         1.146437726530          -0.641018000995           0.200911320520
         1.128526603927          -0.590743664154           0.202742095649
         1.109490194656          -0.540955773765           0.205974755215
         1.089355642832          -0.491713591524           0.210609008788
         1.068151437894          -0.443075710586           0.216642848859
         1.045907379704          -0.395099983781           0.224072553297
         1.022654542040          -0.347843452742           0.232892689911
         0.998425234524          -0.301362278019           0.243096123102
         0.973252963044          -0.255711670283           0.254674022611
         0.947172388704          -0.210945822682           0.267615874329
         0.920219285363          -0.167117844454           0.281909493184
         0.892430495805          -0.124279695863           0.297541038064
         0.863843886607          -0.082482124538           0.314495028779
         0.834498301747          -0.041774603311           0.332754365021
         0.804433515019          -0.002205269600           0.352300347314
         0.773690181302           0.036179133560           0.373112699926
         0.742309786757           0.073333314779           0.395169595704
         0.710334598005           0.109213489804           0.418447682818
         0.677807610343           0.143777435153           0.442922113367
         0.644772495069           0.176984539846           0.468566573821
         0.611273545986           0.208795855156           0.495353317255
         0.577355625137           0.239174142325           0.523253197347
         0.543064107840           0.268083918185           0.552235704079
         0.508444827106           0.295491498627           0.582269001117
         0.473544017483           0.321365039869           0.613319964813
         0.438408258420           0.345674577465           0.645354224788
         0.403084417198           0.368392063017           0.678336206031
         0.367619591518           0.389491398535           0.712229172490
         0.332061051799           0.408948468411           0.746995272071
         0.296456183267           0.426741168960           0.782595583014
         0.260852427907           0.442849435500           0.818990161574
         0.225297226339           0.457255266938           0.856138090954
         0.189837959700           0.469942747813           0.893997531437
         0.154521891600           0.480898067805           0.932525771639
         0.119396110215           0.490109538645           0.971679280833
         0.084507470603           0.497567608439           1.011413762285
         0.049902537304           0.503264873369           1.051684207513
         0.015627527291           0.507196086762           1.092444951435
        -0.018271746652           0.509358165520           1.133649728304
        -0.051749932047           0.509750193894           1.175251728395
        -0.084762192291           0.508373424610           1.217203655349
        -0.117264261581           0.505231277330           1.259457784112
        -0.149212499145           0.500329334465           1.301966019408
        -0.180563942702           0.493675334336           1.344679954656
        -0.211276361102           0.485279161693           1.387550931274
        -0.241308306056           0.475152835607           1.430530098290
        -0.270619162919           0.463310494741           1.473568472191
        -0.299169200443           0.449768380035           1.516616996926
        -0.326919619453           0.434544814807           1.559626604012
        -0.353832600380           0.417660182302           1.602548272642
        -0.379871349593           0.399136900725           1.645333089743
        -0.405000144472           0.378999395776           1.687932309894
        -0.429184377178           0.357274070723           1.730297415052
        -0.452390597042           0.333989274061           1.772380173982
        -0.474586551552           0.309175264776           1.814132701352
        -0.495741225864           0.282864175281           1.855507516392
        -0.515824880794           0.255089972047           1.896457601064
        -0.534809089256           0.225888413995           1.936936457663
        -0.552666771086           0.195297008681           1.976898165782
        -0.569372226217           0.163354966355           2.016297438568
        -0.584901166164           0.130103151915           2.055089678202
        -0.599230743781           0.095584034854           2.093231030536
        -0.612339581250           0.059841637223           2.130678438817
        -0.624207796268           0.022921479702           2.167389696439
        -0.634817026412          -0.015129474162           2.203323498644
        -0.644150451625          -0.054262875499           2.238439493132
        -0.652192814831          -0.094429049337           2.272698329488
        -0.658930440619          -0.135577055469           2.306061707394
        -0.664351252004          -0.177654750850           2.338492423553
        -0.668444785214          -0.220608853483           2.369954417261
        -0.671202202515          -0.264385007693           2.400412814586
        -0.672616303039          -0.308927850715           2.429833971096
        -0.672681531599          -0.354181080524           2.458185513071
        -0.671393985502          -0.400087524802           2.485436377166
        -0.668751419326          -0.446589210989           2.511556848468
        -0.664753247670          -0.493627437295           2.536518596897
        -0.659400545875          -0.541142844621           2.560294711913
        -0.652696048705          -0.589075489281           2.582859735487
        -0.644644146994          -0.637364916430           2.604189693284
        -0.635250882271          -0.685950234136           2.624262124041
        -0.624523939355          -0.734770187972           2.643056107075
        -0.612472636945          -0.783763236063           2.660552287921
        -0.599107916196          -0.832867624475           2.676732902040
        -0.584442327325          -0.882021462872           2.691581796579
        -0.568490014227          -0.931162800340           2.705084450165
        -0.551266697152          -0.980229701278           2.717227990693
        -0.532789653448          -1.029160321276           2.728001211092
        -0.513077696387          -1.077892982881           2.737394583060
        -0.492151152128          -1.126366251158           2.745400268735
        -0.470031834805          -1.174519008951           2.752012130297
        -0.446743019810          -1.222290531759           2.757225737484
        -0.422309415274          -1.269620562129           2.761038373027
        -0.396757131803          -1.316449383476           2.763449035973
        -0.370113650481          -1.362717893242           2.764458442912
        -0.342407789214          -1.408367675300           2.764069027100
        -0.313669667416          -1.453341071523           2.762284935481
        -0.283930669115          -1.497581252416           2.759112023599
        -0.253223404506          -1.541032286742           2.754557848432
        -0.221581669994          -1.583639210037           2.748631659132
        -0.189040406799          -1.625348091953           2.741344385690
        -0.155635658143          -1.666106102322           2.732708625551
        -0.121404525096          -1.705861575882           2.722738628179
        -0.086385121126          -1.744564075567           2.711450277598
        -0.050616525401          -1.782164454302           2.698861072935
        -0.014138734920          -1.818614915211           2.684990106984
         0.023007384490          -1.853869070169           2.669858042810
         0.060780148240          -1.887881996637           2.653487088440
         0.099137104043          -1.920610292693           2.635900969653
         0.138035083925          -1.952012130203           2.617124900914
         0.177430257108          -1.982047306067           2.597185554488
         0.217278183707          -2.010677291469           2.576111027759
         0.257533869171          -2.037865279079           2.553930808808
         0.298151819411          -2.063576228146           2.530675740293
         0.339086096528          -2.087776907424           2.506377981659
         0.380290375094          -2.110435935886           2.481070969742
         0.421717998906          -2.131523821167           2.454789377802
         0.463322038141          -2.151012995696           2.427569073052
         0.505055346853          -2.168877850466           2.399447072711
         0.546870620728          -2.185094766413           2.370461498658
         0.588720455038          -2.199642143343           2.340651530729
         0.630557402713          -2.212500426404           2.310057358716
         0.672334032474          -2.223652130034           2.278720133134
         0.714002986933          -2.233081859387           2.246681914803
         0.755517040618          -2.240776329193           2.213985623327
         0.796829157821          -2.246724380031           2.180674984507
         0.837892550227          -2.250916992004           2.146794476775
         0.878660734230          -2.253347295785           2.112389276705
         0.919087587882          -2.254010581036           2.077505203668
         0.959127407395          -2.252904302178           2.042188663695
         0.998734963135          -2.250028081508           2.006486592632
         1.037865555026          -2.245383709661           1.970446398632
         1.076475067322          -2.238975143422           1.934115904082
         1.114520022642          -2.230808500870           1.897543287011
         1.151957635240          -2.220892053891           1.860777022074
         1.188745863422          -2.209236218039           1.823865821158
         1.224843461046          -2.195853539776           1.786858573713
         1.260210028057          -2.180758681106           1.749804286852
         1.294806059979          -2.163968401607           1.712752025318
         1.328592996311          -2.145501537903           1.675750851371
         1.361533267768          -2.125378980585           1.638849764685
         1.393590342305          -2.103623648621           1.602097642318
         1.424728769876          -2.080260461276           1.565543178834
         1.454914225859          -2.055316307581           1.529234826643
         1.484113553110          -2.028820013399           1.493220736652
         1.512294802582          -2.000802306102           1.457548699266
         1.539427272465          -1.971295776936           1.422266085846
         1.565481545801          -1.940334841084           1.387419790672
         1.590429526520          -1.907955695513           1.353056173497
         1.614244473860          -1.874196274625           1.319221002746
         1.636901035130          -1.839096203785           1.285959399453
         1.658375276765          -1.802696750775           1.253315781976
         1.678644713650          -1.765040775238           1.221333811588
         1.697688336666          -1.726172676173           1.190056338980
         1.715486638427          -1.686138337540           1.159525351773
         1.732021637179          -1.644985072048           1.129781923073
         1.747276898827          -1.602761563194           1.100866161156
         1.761237557074          -1.559517805618           1.072817160331
         1.773890331626          -1.515305043861           1.045672953046
         1.785223544468          -1.470175709579           1.019470463295
         1.795227134168          -1.424183357314           0.994245461381
         1.803892668201          -1.377382598885           0.970032520098
         1.811213353284          -1.329829036480           0.946864972371
         1.817184043696          -1.281579194541           0.924774870424
         1.821801247582          -1.232690450514           0.903792946512
         1.825063131229          -1.183220964562           0.883948575272
         1.826969521318          -1.133229608307           0.865269737735
         1.827521905131          -1.082775892708           0.847782987045
         1.826723428730          -1.031919895161           0.831513415936
         1.824578893105          -0.980722185889           0.816484625981
         1.821094748291          -0.929243753746           0.802718698688
         1.816279085464          -0.877545931497           0.790236168441
         1.810141627034          -0.825690320677           0.779055997345
         1.802693714727          -0.773738716130           0.769195551999
         1.793948295697          -0.721753030298           0.760670582216
         1.783919906660          -0.669795217378           0.753495201732
         1.772624656087          -0.617927197418           0.747681870912
         1.760080204472          -0.566210780464           0.743241381487
         1.746305742691          -0.514707590833           0.740182843331
         1.731321968494          -0.463478991619           0.738513673305
         1.715151061152          -0.412586009517           0.738239586165
         1.697816654278          -0.362089260064           0.739364587564
         1.679343806881          -0.312048873371           0.741890969146
         1.659758972661          -0.262524420467           0.745819305736
         1.639089967603          -0.213574840314           0.751148454636
         1.617365935902          -0.165258367603           0.757875557026
         1.594617314254          -0.117632461409           0.765996041466
         1.570875794572          -0.070753734803           0.775503629496
         1.546174285159          -0.024677885490           0.786390343330
         1.520546870394           0.020540372419           0.798646515623
         1.494028768972           0.064847375444           0.812260801325
         1.466656290761           0.108190576472           0.827220191567
         1.438466792320           0.150518609138           0.843510029611
         1.409498631130           0.191781350748           0.861114028794
         1.379791118604           0.231929983688           0.880014292490
         1.349384471930           0.270917055228           0.900191336030
         1.318319764798           0.308696535656           0.921624110572
         1.286638877080           0.345223874670           0.944290028892
         1.254384443529           0.380456055952           0.968164993050
         1.221599801540           0.414351649873           0.993223423918
         1.188328938064           0.446870864246           1.019438292512
         1.154616435716           0.477975593069           1.046781153106
         1.120507418160           0.507629463219           1.075222178082
         1.086047494826           0.535797879004           1.104730194471
         1.051282705037           0.562448064548           1.135272722143
         1.016259461603           0.587549103947           1.166816013596
         0.981024493966           0.611071979140           1.199325095303
         0.945624790946           0.632989605463           1.232763810555
         0.910107543182           0.653276864825           1.267094863759
         0.874520085315           0.671910636484           1.302279866124
         0.838909837997           0.688869825372           1.338279382697
         0.803324249805           0.704135387935           1.375052980669
         0.767810739100           0.717690355467           1.412559278912
         0.732416635945           0.729519854895           1.450755998671
         0.697189124119           0.739611127002           1.489600015366
         0.662175183308           0.747953542057           1.529047411416
         0.627421531556           0.754538612839           1.569053530047
         0.592974568030           0.759360005032           1.609573029999
         0.558880316175           0.762413544989           1.650559941073
         0.525184367332           0.763697224838           1.691967720449
         0.491931824884           0.763211204953           1.733749309703
         0.459167249003           0.760957813745           1.775857192464
         0.426934602056           0.756941544819           1.818243452619
         0.395277194749           0.751169051466           1.860859833018
         0.364237633068           0.743649138508           1.903657794592
         0.333857766079           0.734392751519           1.946588575821
         0.304178634666           0.723412963408           1.989603252465
         0.275240421246           0.710724958410           2.032652797508
         0.247082400544           0.696346013479           2.075688141216
         0.219742891479           0.680295477125           2.118660231252
         0.193259210219           0.662594745709           2.161520092771
         0.167667624462           0.643267237231           2.204218888418
         0.143003309013           0.622338362642           2.246707978160
         0.119300302682           0.599835494711           2.288938978870
         0.096591466592           0.575787934491           2.330863823605
         0.074908443912           0.550226875426           2.372434820492
         0.054281621102           0.523185365130           2.413604711151
         0.034740090677           0.494698264909           2.454326728597
         0.016311615572           0.464802207044           2.494554654527
        -0.000977404872           0.433535549919           2.534242875947
        -0.017101967252           0.400938331026           2.573346441050
        -0.032038494727           0.367052217918           2.611821114286
        -0.045764865911           0.331920457159           2.649623430555
        -0.058260441969           0.295587821344           2.686710748454
        -0.069506091900           0.258100554250           2.723041302519
        -0.079484215977           0.219506314183           2.758574254390
        -0.088178767309           0.179854115589           2.793269742844
        -0.095575271495           0.139194269013           2.827088932626
        -0.101660844364           0.097578319458           2.859994062024
        -0.106424207750           0.055058983240           2.891948489136
        -0.109855703319           0.011690083407           2.922916736755
        -0.111947304392          -0.032473516201           2.952864535836
        -0.112692625784          -0.077375978165           2.981758867474
        -0.112086931627          -0.122960559892           3.009568003357
        -0.110127141167          -0.169169683130           3.036261544639
        -0.106811832543          -0.215945004507           3.061810459175
        -0.102141244525          -0.263227487007           3.086187117096
        -0.096117276225          -0.310957472296           3.109365324652
        -0.088743484769          -0.359074753807           3.131320356302
        -0.080025080937          -0.407518650501           3.152028985009
        -0.069968922785          -0.456228081206           3.171469510693
        -0.058583507237          -0.505141639445           3.189621786814
        -0.045878959679          -0.554197668669           3.206467245055
        -0.031867021552          -0.603334337786           3.221988918071
        -0.016561035973          -0.652489716915           3.236171460274
         0.000024068620          -0.701601853252           3.249001166631
         0.017871796747          -0.750608846972           3.260465989458
         0.036964106104          -0.799448927056           3.270555553177
         0.057281429659          -0.848060526971           3.279261167027
         0.078802699626          -0.896382360093           3.286575835712
         0.101505373276          -0.944353494788           3.292494267968
         0.125365460555          -0.991913429060           3.297012883052
         0.150357553469          -1.039002164671           3.300129815120
         0.176454857215          -1.085560280645           3.301844915520
         0.203629223008          -1.131529006060           3.302159752969
         0.231851182563          -1.176850292056           3.301077611635
         0.261089984195          -1.221466882940           3.298603487111
         0.291313630499          -1.265322386338           3.294744080297
         0.322488917544          -1.308361342277           3.289507789189
         0.354581475553          -1.350529291128           3.282904698591
         0.387555811006          -1.391772840324           3.274946567762
         0.421375350130          -1.432039729774           3.265646816008
         0.456002483697          -1.471278895882           3.255020506242
         0.491398613105          -1.509440534108           3.243084326530
         0.527524197659          -1.546476159980           3.229856569651
         0.564338803019          -1.582338668495           3.215357110681
         0.601801150730          -1.616982391824           3.199607382648
         0.639869168792          -1.650363155263           3.182630350271
         0.678500043206          -1.682438331345           3.164450481832
         0.717650270424          -1.713166892069           3.145093719193
         0.757275710639          -1.742509459160           3.124587446021
         0.797331641870          -1.770428352311           3.102960454236
         0.837772814743          -1.796887635343           3.080242908741
         0.878553507926          -1.821853160236           3.056466310466
         0.919627584148          -1.845292608956           3.031663457779
         0.960948546714          -1.867175533053           3.005868406300
         1.002469596472          -1.887473390960           2.979116427184
         1.044143689144          -1.906159582961           2.951443963910
         1.085923592962          -1.923209483776           2.922888587633
         1.127761946529          -1.938600472733           2.893488951156
         1.169611316841          -1.952311961476           2.863284741580
         1.211424257399          -1.964325419189           2.832316631678
         1.253153366333          -1.974624395299           2.800626230073
         1.294751344473          -1.983194539630           2.768256030258
         1.336171053298          -1.990023619979           2.735249358545
         1.377365572684          -1.995101537109           2.701650320978
         1.418288258381          -1.998420337113           2.667503749305
         1.458892799164          -1.999974221165           2.632855146051
         1.499133273561          -1.999759552621           2.597750628779
         1.538964206116          -1.997774861474           2.562236873584
         1.578340623100          -1.994020846155           2.526361057918
         1.617218107605          -1.988500372681           2.490170802788
         1.655552853962          -1.981218471137           2.453714114419
         1.693301721405          -1.972182329520           2.417039325439
         1.730422286923          -1.961401284930           2.380195035673
         1.766872897231          -1.948886812131           2.343230052595
         1.802612719801          -1.934652509496           2.306193331543
         1.837601792887          -1.918714082343           2.269133915738
         1.871801074474          -1.901089323700           2.232100876207
         1.905172490118          -1.881798092504           2.195143251662
         1.937678979583          -1.860862289271           2.158309988423
         1.969284542250          -1.838305829268           2.121649880459
         1.999954281212          -1.814154613215           2.085211509608
         2.029654446036          -1.788436495551           2.049043186056
         2.058352474102          -1.761181250314           2.013192889163
         2.086017030501          -1.732420534662           1.977708208670
         2.112618046419          -1.702187850090           1.942636286412
         2.138126755977          -1.670518501391           1.908023758551
         2.162515731470          -1.637449553401           1.873916698455
         2.185758916969          -1.603019785593           1.840360560243
         2.207831660242          -1.567269644566           1.807400123107
         2.228710742956          -1.530241194498           1.775079436452
         2.248374409119          -1.491978065612           1.743441765929
         2.266802391736          -1.452525400725           1.712529540433
         2.283975937636          -1.411929799942           1.682384300121
         2.299877830447          -1.370239263569           1.653046645525
         2.314492411689          -1.327503133308           1.624556187812
         2.327805599954          -1.283772031810           1.596951500254
         2.339804908160          -1.239097800653           1.570270070975
         2.350479458846          -1.193533436838           1.544548257024
         2.359819997501          -1.147133027857           1.519821239832
         2.367818903899          -1.099951685434           1.496122982115
         2.374470201436          -1.052045478007           1.473486186267
         2.379769564451          -1.003471362042           1.451942254290
         2.383714323526          -0.954287112250           1.431521249334
         2.386303468756          -0.904551250813           1.412251858856
         2.387537650985          -0.854322975689           1.394161359485
         2.387419181012          -0.803662088086           1.377275583598
         2.385952026756          -0.752628919201           1.361618887678
         2.383141808398          -0.701284256310           1.347214122473
         2.378995791494          -0.649689268298           1.334082605001
         2.373522878076          -0.597905430721           1.322244092437
         2.366733595742          -0.545994450492           1.311716757908
         2.358640084765          -0.494018190286           1.302517168227
         2.349256083214          -0.442038592753           1.294660263600
         2.338596910128          -0.390117604628           1.288159339321
         2.326679446745          -0.338317100848           1.283026029485
         2.313522115826          -0.286698808744           1.279270292736
         2.299144859080          -0.235324232420           1.276900400064
         2.283569112737          -0.184254577410           1.275922924676
         2.266817781285          -0.133550675686           1.276342733939
         2.248915209412          -0.083272911144           1.278162983421
         2.229887152179          -0.033481145620           1.281385113024
         2.209760743469           0.015765354441           1.286008845216
         2.188564462745           0.064407990595           1.292032185378
         2.166328100163           0.112388904185           1.299451424243
         2.143082720071           0.159651047227           1.308261142440
         2.118860622955           0.206138252292           1.318454217135
         2.093695305871           0.251795301324           1.330021830759
         2.067621421403           0.296567993283           1.342953481803
         2.040674735212           0.340403210544           1.357236997693
         2.012892082223           0.383248983979           1.372858549694
         1.984311321495           0.425054556613           1.389802669857
         1.954971289840           0.465770445815           1.408052269967
         1.924911754248           0.505348503915           1.427588662477
         1.894173363166           0.543741977188           1.448391583400
         1.862797596702           0.580905563134           1.470439217141
         1.830826715804           0.616795465978           1.493708223215
         1.798303710491           0.651369450320           1.518173764847
         1.765272247185           0.684586892882           1.543809539396
         1.731776615214           0.716408832272           1.570587810579
         1.697861672557           0.746798016716           1.598479442452
         1.663572790883           0.775718949696           1.627453935103
         1.628955799975           0.803137933436           1.657479462015
         1.594056931575           0.829023110181           1.688522909061
         1.558922762754           0.853344501234           1.720549915067
         1.523600158846           0.876074043673           1.753524913912
         1.488136216034           0.897185624738           1.787411178097
         1.452578203657           0.916655113818           1.822170863739
         1.416973506295           0.934460392015           1.857765056936
         1.381369565722           0.950581379238           1.894153821436
         1.345813822786           0.965000058808           1.931296247568
         1.310353659288           0.977700499527           1.969150502354
         1.275036339934           0.988668875195           2.007673880763
         1.239908954435           0.997893481551           2.046822858027
         1.205018359815           1.005364750607           2.086553142961
         1.170411123007           1.011075262376           2.126819732227
         1.136133463806           1.015019753956           2.167576965463
         1.102231198244           1.017195125981           2.208778581227
         1.068749682462           1.017600446419           2.250377773664
         1.035733757142           1.016236951709           2.292327249855
         1.003227692579           1.013108045253           2.334579287749
         0.971275134440           1.008219293239           2.377085794632
         0.939919050298           1.001578417829           2.419798366039
         0.909201676987           0.993195287694           2.462668345060
         0.879164468868           0.983081905926           2.505646881946
         0.849848047034           0.971252395331           2.548684993952
         0.821292149549           0.957722981130           2.591733625353
         0.793535582768           0.942511971082           2.634743707532
         0.766616173791           0.925639733051           2.677666219101
         0.740570724126           0.907128670057           2.720452245953
         0.715434964598           0.887003192832           2.763053041188
         0.691243511583           0.865289689908           2.805420084830
         0.668029824591           0.842016495297           2.847505143272
         0.645826165284           0.817213853773           2.889260328363
         0.624663557946           0.790913883820           2.930638156077
         0.604571751477           0.763150538289           2.971591604686
         0.585579182952           0.733959562797           3.012074172364
         0.567712942775           0.703378451937           3.052039934158
         0.550998741499           0.671446403346           3.091443598247
         0.535460878324           0.638204269680           3.130240561434
         0.521122211326           0.603694508572           3.168386963783
         0.508004129461           0.567961130610           3.205839742356
         0.496126526355           0.531049645427           3.242556683966
         0.485507775933           0.493007005941           3.278496476894
         0.476164709915           0.453881550841           3.313618761497
         0.468112597188           0.413722945360           3.347884179657
         0.461365125107           0.372582120436           3.381254422993
         0.455934382720           0.330511210315           3.413692279796
         0.451830845965           0.287563488681           3.445161680613
         0.449063364830           0.243793303394           3.475627742440
         0.447639152515           0.199256009903           3.505056811454
         0.447563776593           0.154007903438           3.533416504241
         0.448841152188           0.108106150037           3.560675747472
         0.451473537184           0.061608716516           3.586804815967
         0.455461529453           0.014574299454           3.611775369115
         0.460804066124          -0.032937746718           3.635560485590
         0.467498424888          -0.080867482428           3.658134696333
         0.475540227331          -0.129154456399           3.679474015756
         0.484923444295          -0.177737779701           3.699555971125
         0.495640403272          -0.226556200353           3.718359630092
         0.507681797796          -0.275548178357           3.735865626335
         0.521036698845          -0.324651961089           3.752056183291
         0.535692568237          -0.373805658957           3.766915135927
         0.551635273982          -0.422947321218           3.780427950548
         0.568849107599          -0.472015011873           3.792581742599
         0.587316803361          -0.520946885545           3.803365292451
         0.607019559444          -0.569681263245           3.812769059149
         0.627937060965          -0.618156707936           3.820785192094
         0.650047504866          -0.666312099794           3.827407540667
         0.673327626627          -0.714086711094           3.832631661762
         0.697752728765          -0.761420280597           3.836454825226
         0.723296711092          -0.808253087382           3.838876017209
         0.749932102693          -0.854526024010           3.839895941403
         0.777630095573          -0.900180668930           3.839517018180
         0.806360579958          -0.945159358058           3.837743381627
         0.836092181174          -0.989405255414           3.834580874482
         0.866792298092          -1.032862422758           3.830037040975
         0.898427143059          -1.075475888113           3.824121117589
         0.930961783299          -1.117191713115           3.816844021738
         0.964360183703          -1.157957059092           3.808218338399
         0.998585250977          -1.197720251794           3.798258304690
         1.033598879086          -1.236430844699           3.786979792430
         1.069361995936          -1.274039680817           3.774400288693
         1.105834611240          -1.310498952909           3.760538874388
         1.142975865513          -1.345762262058           3.745416200878
         1.180744080124          -1.379784674510           3.729054464685
         1.219096808362          -1.412522776721           3.711477380297
         1.257990887430          -1.443934728544           3.692710151110
         1.297382491329          -1.473980314487           3.672779438559
         1.337227184546          -1.502620992982           3.651713329451
         1.377479976494          -1.529819943599           3.629541301556
         1.418095376625          -1.555542112155           3.606294187496
         1.459027450167          -1.579754253660           3.582004136971
         1.500229874391          -1.602424973046           3.556704577373
         1.541655995365          -1.623524763623           3.530430172835
         1.583258885108          -1.643026043237           3.503216781763
         1.624991399082          -1.660903188050           3.475101412906
         1.666806233946          -1.677132563942           3.446122180019
         1.708655985510          -1.691692555455           3.416318255170
         1.750493206806          -1.704563592281           3.385729820747
         1.792270466218          -1.715728173235           3.354398020236
         1.833940405590          -1.725170887696           3.322364907811
         1.875455798240          -1.732878434484           3.289673396821
         1.916769606822          -1.738839638160           3.256367207210
         1.957835040947          -1.743045462710           3.222490811960
         1.998605614510          -1.745489022624           3.188089382607
         2.039035202633          -1.746165591323           3.153208733900
         2.079078098180          -1.745072606953           3.117895267679
         2.118689067747          -1.742209675525           3.082195916020
         2.157823407078          -1.737578571394           3.046158083748
         2.196436995833          -1.731183235090           3.009829590355
         2.234486351639          -1.723029768486           2.973258611420
         2.271928683360          -1.713126427324           2.936493619588
         2.308721943517          -1.701483611102           2.899583325190
         2.344824879807          -1.688113850334           2.862576616562
         2.380197085634          -1.673031791197           2.825522500160
         2.414799049612          -1.656254177589           2.788470040515
         2.448592203974          -1.637799830618           2.751468300133
         2.481538971817          -1.617689625540           2.714566279380
         2.513602813139          -1.595946466190           2.677812856459
         2.544748269601          -1.572595256921           2.641256727526
         2.574941007973          -1.547662872090           2.604946347034
         2.604147862187          -1.521178123141           2.568929868371
         2.632336873976          -1.493171723304           2.533255084872
         2.659477332021          -1.463676249970           2.497969371260
         2.685539809577          -1.432726104780           2.463119625614
         2.710496200522          -1.400357471479           2.428752211914
         2.734319753793          -1.366608271593           2.394912903236
         2.756985106154          -1.331518117963           2.361646825683
         2.778468313271          -1.295128266222           2.328998403095
         2.798746879046          -1.257481564252           2.297011302631
         2.817799783176          -1.218622399690           2.265728381268
         2.835607506904          -1.178596645551           2.235191633301
         2.852152056933          -1.137451604027           2.205442138893
         2.867416987468          -1.095235948538           2.176520013753
         2.881387420366          -1.051999664106           2.148464359984
         2.894050063359          -1.007793986115           2.121313218186
         2.905393226341          -0.962671337543           2.095103520846
         2.915406835691          -0.916685264743           2.069871047099
         2.924082446609          -0.869890371838           2.045650378891
         2.931413253467          -0.822342253832           2.022474858615
         2.937394098143          -0.774097428496           2.000376548261
         2.942021476343          -0.725213267133           1.979386190141
         2.945293541890          -0.675747924288           1.959533169223
         2.947210108990          -0.625760266510           1.940845477135
         2.947772652458          -0.575309800227           1.923349677871
         2.946984305909          -0.524456598852           1.907070875247
         2.944849857924          -0.473261229185           1.892032682148
         2.941375746178          -0.421784677213           1.878257191600
         2.936570049558          -0.370088273396           1.865764949704
         2.930442478261          -0.318233617534           1.854574930462
         2.923004361904          -0.266282503299           1.844704512538
         2.914268635638          -0.214296842534           1.836169457963
         2.904249824305          -0.162338589403           1.828983892826
         2.892964024644          -0.110469664496           1.823160289971
         2.880428885567          -0.058751878966           1.818709453713
         2.866663586544          -0.007246858806           1.815640506601
         2.851688814101           0.043984030646           1.813960878248
         2.835526736477           0.094879759889           1.813676296222
         2.818200976472           0.145379710022           1.814790779035
         2.799736582499           0.195423747012           1.817306631215
         2.780159997903           0.244952295358           1.821224440488
         2.759499028562           0.293906411081           1.826543077052
         2.737782808827           0.342227853934           1.833259694966
         2.715041765823           0.389859158752           1.841369735635
         2.691307582179           0.436743705851           1.850866933394
         2.666613157210           0.482825790394           1.861743323183
         2.640992566617           0.528050690634           1.873989250308
         2.614481020734           0.572364734951           1.887593382268
         2.587114821398           0.615715367607           1.902542722637
         2.558931317476           0.658051213132           1.918822626984
         2.529968859104           0.699322139261           1.936416820819
         2.500266750711           0.739479318353           1.955307419528
         2.469865202863           0.778475287209           1.975474950281
         2.438805283002           0.816264005215           1.996898375891
         2.407128865139           0.852800910753           2.019555120588
         2.374878578546           0.888042975786           2.043421097671
         2.342097755542           0.921948758577           2.068470739019
         2.308830378397           0.954478454454           2.094677026419
         2.275121025456           0.985593944578           2.122011524656
         2.241014816523           1.015258842639           2.150444416357
         2.206557357590           1.043438539435           2.179944538518
         2.171794684958           1.070100245272           2.210479420679
         2.136773208846           1.095213030132           2.242015324705
         2.101539656528           1.118747861564           2.274517286119
         2.066141015093           1.140677640256           2.307949156935
         2.030624473878           1.160977233230           2.342273649945
         1.995037366657           1.179623504635           2.377452384396
         1.959427113656           1.196595344088           2.413445933012
         1.923841163455           1.211873692538           2.450213870295
         1.888326934861           1.225441565615           2.487714822054
         1.852931758816           1.237284074435           2.525906516083
         1.817702820413           1.247388443844           2.564745833958
         1.782687101086           1.255744028066           2.604188863856
         1.747931321058           1.262342323745           2.644190954352
         1.713481882103           1.267176980365           2.684706769119
         1.679384810698           1.270243808026           2.725690342474
         1.645685701639           1.271540782582           2.767095135685
         1.612429662181           1.271068048115           2.808874093988
         1.579661256780           1.268827916764           2.850979704234
         1.547424452494           1.264824865888           2.893364053094
         1.515762565122           1.259065532583           2.935978885760
         1.484718206138           1.251558705552           2.978775665059
         1.454333230487           1.242315314334           3.021705630919
         1.424648685310           1.231348415920           3.064719860100
         1.395704759656           1.218673178752           3.107769326133
         1.367540735250           1.204306864144           3.150804959380
         1.340194938365           1.188268805131           3.193777707151
         1.313704692870           1.170580382789           3.236638593795
         1.288106274509           1.151265000038           3.279338780702
         1.263434866454           1.130348052975           3.321829626131
         1.239724516207           1.107856899754           3.364062744808
         1.217008093885           1.083820827079           3.405990067194
         1.195317251953           1.058271014319           3.447563898380
         1.174682386449           1.031240495312           3.488736976514
         1.155132599742           1.002764117897           3.529462530706
         1.136695664881           0.972878501220           3.569694338321
         1.119397991571           0.941621990872           3.609386781609
         1.103264593818           0.909034611917           3.648494903590
         1.088319059282           0.875158019850           3.686974463133
         1.074583520387           0.840035449572           3.724781989150
         1.062078627200           0.803711662420           3.761874833858
         1.050823522134           0.766232891329           3.798211225020
         1.040835816501           0.727646784197           3.833750317126
         1.032131568929           0.688002345507           3.868452241431
         1.024725265699           0.647349876298           3.902278154794
         1.018629802987           0.605740912533           3.935190287267
         1.013856471072           0.563228161971           3.967151988369
         1.010414940504           0.519865439592           3.998127771982
         1.008313250254           0.475707601668           4.028083359827
         1.007557797867           0.430810478559           4.056985723458
         1.008153331623           0.385230806318           4.084803124724
         1.010102944723           0.339026157183           4.111505154651
         1.013408071498           0.292254869043           4.137062770697
         1.018068485649           0.244975973974           4.161448332332
         1.024082300529           0.197249125916           4.184635634896
         1.031445971451           0.149134527591           4.206599941710
         1.040154300032           0.100692856751           4.227318014371
         1.050200440562           0.051985191843           4.246768141229
         1.061575908388           0.003072937178           4.264930163984
         1.074270590312          -0.045982252290           4.281785502377
         1.088272756976          -0.095118546499           4.297317176959
         1.103569077238          -0.144274016026           4.311509829889
         1.120144634498          -0.193386707958           4.324349743748
         1.137982944975          -0.242394721788           4.335824858347
         1.157065977899          -0.291236285247           4.345924785499
         1.177374177605          -0.339849829985           4.354640821748
         1.198886487484          -0.388174066997           4.361965959027
         1.221580375784          -0.436148061702           4.367894893251
         1.245431863213          -0.483711308601           4.372424030807
         1.270415552314          -0.530803805399           4.375551492963
         1.296504658579          -0.577366126509           4.377277118165
         1.323671043264          -0.623339495861           4.377602462238
         1.351885247863          -0.668665858902           4.376530796476
         1.381116530193          -0.713287953722           4.374067103640
         1.411332902059          -0.757149381204           4.370218071850
         1.442501168442          -0.800194674117           4.364992086392
         1.474586968164          -0.842369365067           4.358399219444
         1.507554815989          -0.883620053230           4.350451217740
         1.541368146089          -0.923894469767           4.341161488177
         1.575989356843          -0.963141541863           4.330545081390
         1.611379856905          -1.001311455289           4.318618673314
         1.647500112478          -1.038355715438           4.305400544756
         1.684309695748          -1.074227206729           4.290910558996
         1.721767334412          -1.108880250327           4.275170137456
         1.759830962243          -1.142270660109           4.258202233456
         1.798457770618          -1.174355796793           4.240031304092
         1.837604260968          -1.205094620175           4.220683280277
         1.877226298069          -1.234447739405           4.200185534971
         1.917279164105          -1.262377461250           4.178566849647
         1.957717613459          -1.288847836267           4.155857379033
         1.998495928135          -1.313824702843           4.132088614165
         2.039567973777          -1.337275729053           4.107293343814
         2.080887256175          -1.359170452262           4.081505614311
         2.122406978238          -1.379480316447           4.054760687843
         2.164080097314          -1.398178707186           4.027094999247
         2.205859382827          -1.415240984253           3.998546111379
         2.247697474137          -1.430644511813           3.969152669093
         2.289546938563          -1.444368686150           3.938954351901
         2.331360329490          -1.456394960907           3.907991825358
         2.373090244495          -1.466706869809           3.876306691246
         2.414689383422          -1.475290046835           3.843941436607
         2.456110606329          -1.482132243818           3.810939381692
         2.497306991233          -1.487223345450           3.777344626891
         2.538231891603          -1.490555381673           3.743201998704
         2.578838993498          -1.492122537445           3.708556994826
         2.619082372310          -1.491921159862           3.673455728409
         2.658916549024          -1.489949762636           3.637944871567
         2.698296545937          -1.486209027911           3.602071598200
         2.737177941755          -1.480701805434           3.565883526200
         2.775516926018          -1.473433109056           3.529428659119
         2.813270352766          -1.464410110597           3.492755327354
         2.850395793405          -1.453642131055           3.455912128942
         2.886851588676          -1.441140629189           3.418947870024
         2.922596899701          -1.426919187480           3.381911505047
         2.957591758007          -1.410993495492           3.344852076799
         2.991797114494          -1.393381330650           3.307818656320
         3.025174887274          -1.374102536462           3.270860282789
         3.057688008326          -1.353178998208           3.234025903444
         3.089300468902          -1.330634616131           3.197364313623
         3.119977363648          -1.306495276152           3.160924096975
         3.149684933363          -1.280788818162           3.124753565953
         3.178390606357          -1.253545001915           3.088900702616
         3.206063038353          -1.224795470566           3.053413099853
         3.232672150891          -1.194573711910           3.018337903076
         3.258189168170          -1.162915017354           2.983721752462
         3.282586652310          -1.129856438681           2.949610725813
         3.305838536957          -1.095436742661           2.916050282112
         3.327920159222          -1.059696363556           2.883085205823
         3.348808289894          -1.022677353583           2.850759552034
         3.368481161896          -0.984423331400           2.819116592482
         3.386918496956          -0.944979428667           2.788198762541
         3.404101530446          -0.904392234755           2.758047609235
         3.420013034370          -0.862709739672           2.728703740339
         3.434637338473          -0.819981275268           2.700206774634
         3.447960349436          -0.776257454802           2.672595293364
         3.459969568143          -0.731590110933           2.645906792977
         3.470654104993          -0.686032232223           2.620177639182
         3.480004693240          -0.639637898220           2.595443022405
         3.488013700346          -0.592462213206           2.571736914672
         3.494675137333          -0.544561238689           2.549092027992
         3.499984666119          -0.495991924721           2.527539774282
         3.503939604831          -0.446812040134           2.507110226883
         3.506538931093          -0.397080101760           2.487832083720
         3.507783283278          -0.346855302751           2.469732632144
         3.507674959724          -0.296197440057           2.452837715499
         3.506217915921          -0.245166841168           2.437171701467
         3.503417759663          -0.193824290213           2.422757452211
         3.499281744179          -0.142230953490           2.409616296369
         3.493818759248          -0.090448304531           2.397768002923
         3.487039320306          -0.038538048792           2.387230756981
         3.478955555566           0.013437951937           2.378021137500
         3.469581191157           0.065417755328           2.370154096973
         3.458931534312           0.117339414389           2.363642943112
         3.447023454611           0.169141053364           2.358499322544
         3.433875363317           0.220760943531           2.354733206544
         3.419507190823           0.272137578826           2.352352878818
         3.403940362227           0.323209751197           2.351364925356
         3.387197771094           0.373916625583           2.351774226363
         3.369303751403           0.424197814450           2.353583950280
         3.350284047738           0.473993451765           2.356795549902
         3.330165783749           0.523244266340           2.361408760601
         3.308977428922           0.571891654446           2.367421600645
         3.286748763699           0.619877751604           2.374830373630
         3.263510843001           0.667145503478           2.383629673009
         3.239295958176           0.713638735771           2.393812388712
         3.214137597443           0.759302223041           2.405369715857
         3.188070404863           0.804081756361           2.418291165542
         3.161130137902           0.847924209725           2.432564577686
         3.133353623617           0.890777605138           2.448176135935
         3.104778713549           0.932591176291           2.465110384583
         3.075444237342           0.973315430752           2.483350247507
         3.045389955180           1.012902210602           2.502877049089
         3.014656509074           1.051304751433           2.523670537093
         2.983285373073           1.088477739636           2.545708907480
         2.951318802454           1.124377367915           2.568968831114
         2.918799781955           1.158961388959           2.593425482344
         2.885771973115           1.192189167192           2.619052569424
         2.852279660787           1.224021728560           2.645822366712
         2.818367698881           1.254421808277           2.673705748646
         2.784081455416           1.283353896477           2.702672225420
         2.749466756942           1.310784281717           2.732689980338
         2.714569832393           1.336681092275           2.763725908794
         2.679437256458           1.361014335201           2.795745658826
         2.644115892520           1.383755933054           2.828713673202
         2.608652835244           1.404879758304           2.862593232978
         2.573095352882           1.424361665341           2.897346502486
         2.537490829365           1.442179520052           2.932934575683
         2.501886706257           1.458313226941           2.969317523816
         2.466330424626           1.472744753746           3.006454444339
         2.430869366934           1.485458153528           3.044303511019
         2.395550798983           1.496439584212           3.082822025181
         2.360421812014           1.505677325544           3.121966468016
         2.325529265012           1.513161793444           3.161692553893
         2.290919727303           1.518885551755           3.201955284620
         2.256639421499           1.522843321346           3.242709004562
         2.222734166876           1.525031986587           3.283907456579
         2.189249323236           1.525450599158           3.325503838694
         2.156229735339           1.524100379215           3.367450861430
         2.123719677965           1.520984713896           3.409700805743
         2.091762801675           1.516109153170           3.452205581481
         2.060402079329           1.509481403035           3.494916786303
         2.029679753447           1.501111316085           3.537785764971
         1.999637284454           1.491010879432           3.580763668962
         1.970315299890           1.479194200023           3.623801516308
         1.941753544634           1.465677487360           3.666850251605
         1.913990832216           1.450479033641           3.709860806111
         1.887064997266           1.433619191347           3.752784157860
         1.861012849164           1.415120348314           3.795571391714
         1.835870126941           1.395006900301           3.838173759294
         1.811671455502           1.373305221105           3.880542738700
         1.788450303203           1.350043630252           3.922630093952
         1.766238940850           1.325252358299           3.964387934085
         1.745068402163           1.298963509805           4.005768771821
         1.724968445760           1.271211023992           4.046725581744
         1.705967518700           1.242030633176           4.087211857910
         1.688092721627           1.211459818981           4.127181670823
         1.671369775578           1.179537766430           4.166589723700
         1.655822990463           1.146305315934           4.205391407966
         1.641475235292           1.111804913261           4.243542857901
         1.628347910152           1.076080557536           4.281001004384
         1.616460919994           1.039177747338           4.317723627652
         1.605832650244           1.001143424959           4.353669409025
         1.596479944282           0.962025918896           4.388797981524
         1.588418082807           0.921874884646           4.423069979327
         1.581660765114           0.880741243871           4.456447085993
         1.576220092316           0.838677122015           4.488892081404
         1.572106552515           0.795735784447           4.520368887363
         1.569329007955           0.751971571204           4.550842611793
         1.567894684163           0.707439830421           4.580279591484
         1.567809161099           0.662196850524           4.608647433330
         1.569076366320           0.616299791271           4.635915054020
         1.571698570169           0.569806613728           4.662052718110
         1.575676382990           0.522776009258           4.687032074458
         1.581008754384           0.475267327623           4.710826190954
         1.587692974495           0.427340504271           4.733409587513
         1.595724677329           0.379055986914           4.754758267295
         1.605097846103           0.330474661470           4.774849746096
         1.615804820617           0.281657777474           4.793663079902
         1.627836306636           0.232666873042           4.811178890540
         1.641181387279           0.183563699481           4.827379389422
         1.655827536394           0.134410145636           4.842248399335
         1.671760633899           0.085268162077           4.855771374263
         1.688964983085           0.036199685193           4.867935417204
         1.707423329843          -0.012733438673           4.878729295972
         1.727116883804          -0.061469529002           4.888143456955
         1.748025341357          -0.109947146658           4.896170036824
         1.770126910523          -0.158105169157           4.902802872159
         1.793398337656          -0.205882865548           4.908037507006
         1.817814935924          -0.253219970815           4.911871198334
         1.843350615558          -0.300056759704           4.914302919395
         1.869977915813          -0.346334119898           4.915333360981
         1.897668038607          -0.391993624427           4.914964930579
         1.926390883808          -0.436977603253           4.913201749421
         1.956115086101          -0.481229213917           4.910049647439
         1.986808053421          -0.524692511177           4.905516156113
         2.018436006874          -0.567312515549           4.899610499257
         2.050964022126          -0.609035280658           4.892343581707
         2.084356072185          -0.649807959327           4.883727975971
         2.118575071536          -0.689578868325           4.873777906822
         2.153582921579          -0.728297551676           4.862509233869
         2.189340557298          -0.765914842479           4.849939432134
         2.225807995121          -0.802382923139           4.836087570639
         2.262944381905          -0.837655383944           4.820974289045
         2.300708044984          -0.871687279930           4.804621772368
         2.339056543220          -0.904435185935           4.787053723800
         2.377946719001          -0.935857249802           4.768295335669
         2.417334751109          -0.965913243651           4.748373258578
         2.457176208407          -0.994564613162           4.727315568754
         2.497426104272          -1.021774524808           4.705151733654
         2.538038951704          -1.047507910978           4.681912575863
         2.578968819058          -1.071731512940           4.657630235332
         2.620169386308          -1.094413921583           4.632338130010
         2.661594001797          -1.115525615901           4.606070914897
         2.703195739388          -1.135038999154           4.578864439590
         2.744927455955          -1.152928432677           4.550755704367
         2.786741849133          -1.169170267294           4.521782814857
         2.828591515274          -1.183742872285           4.491984935354
         2.870429007516          -1.196626661890           4.461402240842
         2.912206893909          -1.207804119300           4.430075867774
         2.953877815528          -1.217259818118           4.398047863677
         2.995394544490          -1.224980441258           4.365361135639
         3.036710041811          -1.230954797260           4.332059397746
