  6.650111591326531E-025
  6.650111591326531E-025
  6.650111591326531E-025
  6.650111591326531E-025
  6.650111591326531E-025
  6.650111591326531E-025
  6.650111591326531E-025
  6.650111591326531E-025
  6.650111591326531E-025
  6.650111591326531E-025
  6.650111591326530E-025
  6.650111591326530E-025
  6.650111591326530E-025
  6.650111591326528E-025
  6.650111591326527E-025
  6.650111591326527E-025
  6.650111591326527E-025
  6.650111591326527E-025
  6.650111591326527E-025
  6.650111591326527E-025
  6.650111591326527E-025
  6.650111591326527E-025
  6.650111591326526E-025
  6.650111591326525E-025
  6.650111591326525E-025
  6.650111591326525E-025
  6.650111591326525E-025
  6.650111591326525E-025
  6.650111591326525E-025
  6.650111591326525E-025
  6.650111591326525E-025
  6.650111591326525E-025
  6.650111591326525E-025
  6.650111591326525E-025
  6.650111591326525E-025
  6.650111591326525E-025
  6.650111591326525E-025
  6.650111591326524E-025
  6.650111591326524E-025
  6.650111591326524E-025
  6.650111591326524E-025
  6.650111591326522E-025
  6.650111591326521E-025
  6.650111591326521E-025
  6.650111591326520E-025
  6.650111591326520E-025
  6.650111591326520E-025
  6.650111591326520E-025
  6.650111591326520E-025
  6.650111591326518E-025
  6.650111591326518E-025
  6.650111591326517E-025
  6.650111591326517E-025
  6.650111591326517E-025
  6.650111591326517E-025
  6.650111591326517E-025
  6.650111591326515E-025
  6.650111591326515E-025
  6.650111591326513E-025
  6.650111591326513E-025
  6.650111591326513E-025
  6.650111591326513E-025
  6.650111591326513E-025
  6.650111591326511E-025
  6.650111591326511E-025
  6.650111591326511E-025
  6.650111591326508E-025
  6.650111591326508E-025
  6.650111591326508E-025
  6.650111591326507E-025
  6.650111591326507E-025
  6.650111591326506E-025
  6.650111591326506E-025
  6.650111591326504E-025
  6.650111591326504E-025
  6.650111591326504E-025
  6.650111591326504E-025
  6.650111591326504E-025
  6.650111591326503E-025
  6.650111591326503E-025
  6.650111591326501E-025
  6.650111591326501E-025
  6.650111591326501E-025
  6.650111591326500E-025
  6.650111591326500E-025
  6.650111591326499E-025
  6.650111591326496E-025
  6.650111591326496E-025
  6.650111591326495E-025
  6.650111591326495E-025
  6.650111591326493E-025
  6.650111591326493E-025
  6.650111591326493E-025
  6.650111591326492E-025
  6.650111591326490E-025
  6.650111591326490E-025
  6.650111591326487E-025
  6.650111591326486E-025
  6.650111591326485E-025
  6.650111591326485E-025
  6.650111591326483E-025
  6.650111591326482E-025
  6.650111591326480E-025
  6.650111591326479E-025
  6.650111591326478E-025
  6.650111591326478E-025
  6.650111591326474E-025
  6.650111591326472E-025
  6.650111591326470E-025
  6.650111591326470E-025
  6.650111591326470E-025
  6.650111591326468E-025
  6.650111591326466E-025
  6.650111591326465E-025
  6.650111591326464E-025
  6.650111591326462E-025
  6.650111591326460E-025
  6.650111591326460E-025
  6.650111591326458E-025
  6.650111591326457E-025
  6.650111591326455E-025
  6.650111591326454E-025
  6.650111591326453E-025
  6.650111591326451E-025
  6.650111591326450E-025
  6.650111591326448E-025
  6.650111591326448E-025
  6.650111591326445E-025
  6.650111591326443E-025
  6.650111591326441E-025
  6.650111591326440E-025
  6.650111591326437E-025
  6.650111591326436E-025
  6.650111591326432E-025
  6.650111591326427E-025
  6.650111591326424E-025
  6.650111591326422E-025
  6.650111591326420E-025
  6.650111591326416E-025
  6.650111591326414E-025
  6.650111591326413E-025
  6.650111591326408E-025
  6.650111591326408E-025
  6.650111591326405E-025
  6.650111591326404E-025
  6.650111591326401E-025
  6.650111591326397E-025
  6.650111591326394E-025
  6.650111591326393E-025
  6.650111591326389E-025
  6.650111591326385E-025
  6.650111591326384E-025
  6.650111591326381E-025
  6.650111591326378E-025
  6.650111591326373E-025
  6.650111591326370E-025
  6.650111591326369E-025
  6.650111591326367E-025
  6.650111591326360E-025
  6.650111591326357E-025
  6.650111591326355E-025
  6.650111591326352E-025
  6.650111591326346E-025
  6.650111591326343E-025
  6.650111591326339E-025
  6.650111591326337E-025
  6.650111591326332E-025
  6.650111591326328E-025
  6.650111591326324E-025
  6.650111591326320E-025
  6.650111591326317E-025
  6.650111591326313E-025
  6.650111591326306E-025
  6.650111591326302E-025
  6.650111591326299E-025
  6.650111591326293E-025
  6.650111591326290E-025
  6.650111591326285E-025
  6.650111591326279E-025
  6.650111591326273E-025
  6.650111591326268E-025
  6.650111591326264E-025
  6.650111591326257E-025
  6.650111591326254E-025
  6.650111591326247E-025
  6.650111591326243E-025
  6.650111591326236E-025
  6.650111591326229E-025
  6.650111591326225E-025
  6.650111591326218E-025
  6.650111591326211E-025
  6.650111591326205E-025
  6.650111591326200E-025
  6.650111591326194E-025
  6.650111591326185E-025
  6.650111591326178E-025
  6.650111591326170E-025
  6.650111591326163E-025
  6.650111591326154E-025
  6.650111591326146E-025
  6.650111591326142E-025
  6.650111591326133E-025
  6.650111591326124E-025
  6.650111591326117E-025
  6.650111591326107E-025
  6.650111591326099E-025
  6.650111591326088E-025
  6.650111591326079E-025
  6.650111591326072E-025
  6.650111591326061E-025
  6.650111591326054E-025
  6.650111591326043E-025
  6.650111591326036E-025
  6.650111591326026E-025
  6.650111591326015E-025
  6.650111591326008E-025
  6.650111591325996E-025
  6.650111591325986E-025
  6.650111591325975E-025
  6.650111591325962E-025
  6.650111591325953E-025
  6.650111591325944E-025
  6.650111591325930E-025
  6.650111591325918E-025
  6.650111591325904E-025
  6.650111591325893E-025
  6.650111591325880E-025
  6.650111591325869E-025
  6.650111591325857E-025
  6.650111591325840E-025
  6.650111591325829E-025
  6.650111591325813E-025
  6.650111591325802E-025
  6.650111591325790E-025
  6.650111591325773E-025
  6.650111591325755E-025
  6.650111591325742E-025
  6.650111591325728E-025
  6.650111591325709E-025
  6.650111591325692E-025
  6.650111591325678E-025
  6.650111591325661E-025
  6.650111591325646E-025
  6.650111591325628E-025
  6.650111591325612E-025
  6.650111591325594E-025
  6.650111591325574E-025
  6.650111591325559E-025
  6.650111591325538E-025
  6.650111591325517E-025
  6.650111591325499E-025
  6.650111591325481E-025
  6.650111591325458E-025
  6.650111591325437E-025
  6.650111591325415E-025
  6.650111591325393E-025
  6.650111591325373E-025
  6.650111591325348E-025
  6.650111591325324E-025
  6.650111591325302E-025
  6.650111591325278E-025
  6.650111591325255E-025
  6.650111591325229E-025
  6.650111591325204E-025
  6.650111591325177E-025
  6.650111591325150E-025
  6.650111591325124E-025
  6.650111591325096E-025
  6.650111591325067E-025
  6.650111591325040E-025
  6.650111591325011E-025
  6.650111591324979E-025
  6.650111591324949E-025
  6.650111591324919E-025
  6.650111591324884E-025
  6.650111591324855E-025
  6.650111591324822E-025
  6.650111591324787E-025
  6.650111591324755E-025
  6.650111591324720E-025
  6.650111591324684E-025
  6.650111591324647E-025
  6.650111591324608E-025
  6.650111591324570E-025
  6.650111591324535E-025
  6.650111591324495E-025
  6.650111591324454E-025
  6.650111591324412E-025
  6.650111591324374E-025
  6.650111591324331E-025
  6.650111591324288E-025
  6.650111591324243E-025
  6.650111591324198E-025
  6.650111591324152E-025
  6.650111591324103E-025
  6.650111591324054E-025
  6.650111591324007E-025
  6.650111591323962E-025
  6.650111591323910E-025
  6.650111591323861E-025
  6.650111591323807E-025
  6.650111591323756E-025
  6.650111591323702E-025
  6.650111591323647E-025
  6.650111591323590E-025
  6.650111591323530E-025
  6.650111591323472E-025
  6.650111591323408E-025
  6.650111591323351E-025
  6.650111591323287E-025
  6.650111591323226E-025
  6.650111591323158E-025
  6.650111591323093E-025
  6.650111591323027E-025
  6.650111591322958E-025
  6.650111591322888E-025
  6.650111591322814E-025
  6.650111591322744E-025
  6.650111591322671E-025
  6.650111591322595E-025
  6.650111591322517E-025
  6.650111591322440E-025
  6.650111591322358E-025
  6.650111591322281E-025
  6.650111591322194E-025
  6.650111591322110E-025
  6.650111591322023E-025
  6.650111591321937E-025
  6.650111591321839E-025
  6.650111591321755E-025
  6.650111591321660E-025
  6.650111591321563E-025
  6.650111591321467E-025
  6.650111591321369E-025
  6.650111591321271E-025
  6.650111591321165E-025
  6.650111591321060E-025
  6.650111591320956E-025
  6.650111591320846E-025
  6.650111591320734E-025
  6.650111591320617E-025
  6.650111591320505E-025
  6.650111591320385E-025
  6.650111591320263E-025
  6.650111591320143E-025
  6.650111591320017E-025
  6.650111591319890E-025
  6.650111591319761E-025
  6.650111591319631E-025
  6.650111591319492E-025
  6.650111591319358E-025
  6.650111591319217E-025
  6.650111591319074E-025
  6.650111591318925E-025
  6.650111591318781E-025
  6.650111591318627E-025
  6.650111591318470E-025
  6.650111591318316E-025
  6.650111591318158E-025
  6.650111591317990E-025
  6.650111591317821E-025
  6.650111591317652E-025
  6.650111591317477E-025
  6.650111591317298E-025
  6.650111591317119E-025
  6.650111591316936E-025
  6.650111591316746E-025
  6.650111591316553E-025
  6.650111591316363E-025
  6.650111591316165E-025
  6.650111591315960E-025
  6.650111591315753E-025
  6.650111591315546E-025
  6.650111591315329E-025
  6.650111591315114E-025
  6.650111591314886E-025
  6.650111591314659E-025
  6.650111591314428E-025
  6.650111591314197E-025
  6.650111591313951E-025
  6.650111591313707E-025
  6.650111591313455E-025
  6.650111591313202E-025
  6.650111591312939E-025
  6.650111591312671E-025
  6.650111591312403E-025
  6.650111591312124E-025
  6.650111591311844E-025
  6.650111591311557E-025
  6.650111591311268E-025
  6.650111591310970E-025
  6.650111591310665E-025
  6.650111591310355E-025
  6.650111591310040E-025
  6.650111591309717E-025
  6.650111591309388E-025
  6.650111591309053E-025
  6.650111591308712E-025
  6.650111591308361E-025
  6.650111591308007E-025
  6.650111591307641E-025
  6.650111591307279E-025
  6.650111591306899E-025
  6.650111591306519E-025
  6.650111591306124E-025
  6.650111591305724E-025
  6.650111591305320E-025
  6.650111591304905E-025
  6.650111591304483E-025
  6.650111591304055E-025
  6.650111591303608E-025
  6.650111591303165E-025
  6.650111591302709E-025
  6.650111591302242E-025
  6.650111591301768E-025
  6.650111591301283E-025
  6.650111591300791E-025
  6.650111591300290E-025
  6.650111591299776E-025
  6.650111591299252E-025
  6.650111591298719E-025
  6.650111591298175E-025
  6.650111591297623E-025
  6.650111591297062E-025
  6.650111591296482E-025
  6.650111591295894E-025
  6.650111591295300E-025
  6.650111591294689E-025
  6.650111591294065E-025
  6.650111591293434E-025
  6.650111591292782E-025
  6.650111591292130E-025
  6.650111591291451E-025
  6.650111591290769E-025
  6.650111591290071E-025
  6.650111591289358E-025
  6.650111591288631E-025
  6.650111591287890E-025
  6.650111591287141E-025
  6.650111591286369E-025
  6.650111591285583E-025
  6.650111591284782E-025
  6.650111591283967E-025
  6.650111591283140E-025
  6.650111591282287E-025
  6.650111591281426E-025
  6.650111591280545E-025
  6.650111591279647E-025
  6.650111591278729E-025
  6.650111591277795E-025
  6.650111591276840E-025
  6.650111591275867E-025
  6.650111591274878E-025
  6.650111591273870E-025
  6.650111591272839E-025
  6.650111591271793E-025
  6.650111591270724E-025
  6.650111591269633E-025
  6.650111591268519E-025
  6.650111591267389E-025
  6.650111591266231E-025
  6.650111591265055E-025
  6.650111591263852E-025
  6.650111591262630E-025
  6.650111591261383E-025
  6.650111591260106E-025
  6.650111591258812E-025
  6.650111591257488E-025
  6.650111591256143E-025
  6.650111591254767E-025
  6.650111591253365E-025
  6.650111591251936E-025
  6.650111591250483E-025
  6.650111591248992E-025
  6.650111591247475E-025
  6.650111591245935E-025
  6.650111591244359E-025
  6.650111591242754E-025
  6.650111591241116E-025
  6.650111591239449E-025
  6.650111591237747E-025
  6.650111591236016E-025
  6.650111591234247E-025
  6.650111591232444E-025
  6.650111591230605E-025
  6.650111591228731E-025
  6.650111591226818E-025
  6.650111591224871E-025
  6.650111591222888E-025
  6.650111591220859E-025
  6.650111591218794E-025
  6.650111591216692E-025
  6.650111591214545E-025
  6.650111591212363E-025
  6.650111591210130E-025
  6.650111591207856E-025
  6.650111591205540E-025
  6.650111591203174E-025
  6.650111591200764E-025
  6.650111591198306E-025
  6.650111591195805E-025
  6.650111591193252E-025
  6.650111591190646E-025
  6.650111591187991E-025
  6.650111591185283E-025
  6.650111591182527E-025
  6.650111591179714E-025
  6.650111591176843E-025
  6.650111591173923E-025
  6.650111591170940E-025
  6.650111591167903E-025
  6.650111591164800E-025
  6.650111591161640E-025
  6.650111591158418E-025
  6.650111591155139E-025
  6.650111591151786E-025
  6.650111591148376E-025
  6.650111591144894E-025
  6.650111591141352E-025
  6.650111591137728E-025
  6.650111591134044E-025
  6.650111591130280E-025
  6.650111591126447E-025
  6.650111591122540E-025
  6.650111591118556E-025
  6.650111591114490E-025
  6.650111591110350E-025
  6.650111591106132E-025
  6.650111591101826E-025
  6.650111591097438E-025
  6.650111591092958E-025
  6.650111591088395E-025
  6.650111591083741E-025
  6.650111591078997E-025
  6.650111591074165E-025
  6.650111591069236E-025
  6.650111591064207E-025
  6.650111591059091E-025
  6.650111591053866E-025
  6.650111591048532E-025
  6.650111591043106E-025
  6.650111591037568E-025
  6.650111591031925E-025
  6.650111591026170E-025
  6.650111591020299E-025
  6.650111591014322E-025
  6.650111591008222E-025
  6.650111591002006E-025
  6.650111590995667E-025
  6.650111590989204E-025
  6.650111590982613E-025
  6.650111590975896E-025
  6.650111590969044E-025
  6.650111590962060E-025
  6.650111590954947E-025
  6.650111590947687E-025
  6.650111590940288E-025
  6.650111590932741E-025
  6.650111590925046E-025
  6.650111590917207E-025
  6.650111590909208E-025
  6.650111590901056E-025
  6.650111590892750E-025
  6.650111590884274E-025
  6.650111590875637E-025
  6.650111590866826E-025
  6.650111590857848E-025
  6.650111590848693E-025
  6.650111590839356E-025
  6.650111590829841E-025
  6.650111590820140E-025
  6.650111590810248E-025
  6.650111590800162E-025
  6.650111590789878E-025
  6.650111590779396E-025
  6.650111590768711E-025
  6.650111590757812E-025
  6.650111590746703E-025
  6.650111590735379E-025
  6.650111590723833E-025
  6.650111590712063E-025
  6.650111590700056E-025
  6.650111590687817E-025
  6.650111590675339E-025
  6.650111590662621E-025
  6.650111590649653E-025
  6.650111590636430E-025
  6.650111590622953E-025
  6.650111590609204E-025
  6.650111590595197E-025
  6.650111590580909E-025
  6.650111590566344E-025
  6.650111590551501E-025
  6.650111590536358E-025
  6.650111590520921E-025
  6.650111590505186E-025
  6.650111590489142E-025
  6.650111590472786E-025
  6.650111590456102E-025
  6.650111590439105E-025
  6.650111590421775E-025
  6.650111590404103E-025
  6.650111590386080E-025
  6.650111590367712E-025
  6.650111590348984E-025
  6.650111590329888E-025
  6.650111590310423E-025
  6.650111590290568E-025
  6.650111590270334E-025
  6.650111590249701E-025
  6.650111590228665E-025
  6.650111590207228E-025
  6.650111590185362E-025
  6.650111590163072E-025
  6.650111590140340E-025
  6.650111590117171E-025
  6.650111590093550E-025
  6.650111590069465E-025
  6.650111590044905E-025
  6.650111590019879E-025
  6.650111589994357E-025
  6.650111589968329E-025
  6.650111589941799E-025
  6.650111589914749E-025
  6.650111589887175E-025
  6.650111589859060E-025
  6.650111589830393E-025
  6.650111589801171E-025
  6.650111589771371E-025
  6.650111589740998E-025
  6.650111589710027E-025
  6.650111589678449E-025
  6.650111589646256E-025
  6.650111589613437E-025
  6.650111589579974E-025
  6.650111589545856E-025
  6.650111589511069E-025
  6.650111589475611E-025
  6.650111589439450E-025
  6.650111589402592E-025
  6.650111589365012E-025
  6.650111589326696E-025
  6.650111589287628E-025
  6.650111589247807E-025
  6.650111589207199E-025
  6.650111589165803E-025
  6.650111589123595E-025
  6.650111589080566E-025
  6.650111589036686E-025
  6.650111588991967E-025
  6.650111588946358E-025
  6.650111588899870E-025
  6.650111588852467E-025
  6.650111588804138E-025
  6.650111588754872E-025
  6.650111588704635E-025
  6.650111588653423E-025
  6.650111588601206E-025
  6.650111588547972E-025
  6.650111588493698E-025
  6.650111588438361E-025
  6.650111588381943E-025
  6.650111588324431E-025
  6.650111588265789E-025
  6.650111588206002E-025
  6.650111588145046E-025
  6.650111588082896E-025
  6.650111588019540E-025
  6.650111587954948E-025
  6.650111587889083E-025
  6.650111587821938E-025
  6.650111587753482E-025
  6.650111587683691E-025
  6.650111587612534E-025
  6.650111587539984E-025
  6.650111587466025E-025
  6.650111587390618E-025
  6.650111587313730E-025
  6.650111587235351E-025
  6.650111587155433E-025
  6.650111587073958E-025
  6.650111586990893E-025
  6.650111586906200E-025
  6.650111586819859E-025
  6.650111586731822E-025
  6.650111586642072E-025
  6.650111586550567E-025
  6.650111586457279E-025
  6.650111586362164E-025
  6.650111586265189E-025
  6.650111586166331E-025
  6.650111586065534E-025
  6.650111585962764E-025
  6.650111585857995E-025
  6.650111585751175E-025
  6.650111585642273E-025
  6.650111585531234E-025
  6.650111585418034E-025
  6.650111585302622E-025
  6.650111585184956E-025
  6.650111585064989E-025
  6.650111584942678E-025
  6.650111584817982E-025
  6.650111584690843E-025
  6.650111584561228E-025
  6.650111584429075E-025
  6.650111584294345E-025
  6.650111584156981E-025
  6.650111584016935E-025
  6.650111583874152E-025
  6.650111583728580E-025
  6.650111583580170E-025
  6.650111583428858E-025
  6.650111583274587E-025
  6.650111583117306E-025
  6.650111582956958E-025
  6.650111582793469E-025
  6.650111582626788E-025
  6.650111582456847E-025
  6.650111582283599E-025
  6.650111582106956E-025
  6.650111581926863E-025
  6.650111581743258E-025
  6.650111581556062E-025
  6.650111581365215E-025
  6.650111581170633E-025
  6.650111580972257E-025
  6.650111580769996E-025
  6.650111580563798E-025
  6.650111580353561E-025
  6.650111580139220E-025
  6.650111579920695E-025
  6.650111579697900E-025
  6.650111579470753E-025
  6.650111579239169E-025
  6.650111579003064E-025
  6.650111578762342E-025
  6.650111578516924E-025
  6.650111578266707E-025
  6.650111578011601E-025
  6.650111577751512E-025
  6.650111577486342E-025
  6.650111577216001E-025
  6.650111576940375E-025
  6.650111576659359E-025
  6.650111576372860E-025
  6.650111576080770E-025
  6.650111575782967E-025
  6.650111575479350E-025
  6.650111575169795E-025
  6.650111574854198E-025
  6.650111574532439E-025
  6.650111574204395E-025
  6.650111573869939E-025
  6.650111573528952E-025
  6.650111573181301E-025
  6.650111572826866E-025
  6.650111572465499E-025
  6.650111572097084E-025
  6.650111571721465E-025
  6.650111571338511E-025
  6.650111570948080E-025
  6.650111570550009E-025
  6.650111570144174E-025
  6.650111569730415E-025
  6.650111569308569E-025
  6.650111568878481E-025
  6.650111568439989E-025
  6.650111567992939E-025
  6.650111567537152E-025
  6.650111567072468E-025
  6.650111566598702E-025
  6.650111566115684E-025
  6.650111565623228E-025
  6.650111565121153E-025
  6.650111564609271E-025
  6.650111564087390E-025
  6.650111563555320E-025
  6.650111563012848E-025
  6.650111562459791E-025
  6.650111561895924E-025
  6.650111561321045E-025
  6.650111560734933E-025
  6.650111560137378E-025
  6.650111559528147E-025
  6.650111558907015E-025
  6.650111558273747E-025
  6.650111557628116E-025
  6.650111556969870E-025
  6.650111556298764E-025
  6.650111555614556E-025
  6.650111554916975E-025
  6.650111554205769E-025
  6.650111553480674E-025
  6.650111552741414E-025
  6.650111551987717E-025
  6.650111551219295E-025
  6.650111550435865E-025
  6.650111549637134E-025
  6.650111548822798E-025
  6.650111547992550E-025
  6.650111547146087E-025
  6.650111546283095E-025
  6.650111545403242E-025
  6.650111544506199E-025
  6.650111543591639E-025
  6.650111542659213E-025
  6.650111541708573E-025
  6.650111540739362E-025
  6.650111539751223E-025
  6.650111538743779E-025
  6.650111537716659E-025
  6.650111536669476E-025
  6.650111535601833E-025
  6.650111534513341E-025
  6.650111533403585E-025
  6.650111532272150E-025
  6.650111531118618E-025
  6.650111529942549E-025
  6.650111528743509E-025
  6.650111527521053E-025
  6.650111526274712E-025
  6.650111525004023E-025
  6.650111523708517E-025
  6.650111522387710E-025
  6.650111521041097E-025
  6.650111519668183E-025
  6.650111518268450E-025
  6.650111516841375E-025
  6.650111515386424E-025
  6.650111513903057E-025
  6.650111512390706E-025
  6.650111510848822E-025
  6.650111509276818E-025
  6.650111507674103E-025
  6.650111506040081E-025
  6.650111504374148E-025
  6.650111502675663E-025
  6.650111500944016E-025
  6.650111499178535E-025
  6.650111497378568E-025
  6.650111495543446E-025
  6.650111493672469E-025
  6.650111491764953E-025
  6.650111489820175E-025
  6.650111487837407E-025
  6.650111485815913E-025
  6.650111483754925E-025
  6.650111481653684E-025
  6.650111479511405E-025
  6.650111477327263E-025
  6.650111475100468E-025
  6.650111472830178E-025
  6.650111470515537E-025
  6.650111468155687E-025
  6.650111465749735E-025
  6.650111463296787E-025
  6.650111460795933E-025
  6.650111458246224E-025
  6.650111455646712E-025
  6.650111452996418E-025
  6.650111450294350E-025
  6.650111447539513E-025
  6.650111444730862E-025
  6.650111441867344E-025
  6.650111438947903E-025
  6.650111435971418E-025
  6.650111432936800E-025
  6.650111429842912E-025
  6.650111426688581E-025
  6.650111423472637E-025
  6.650111420193875E-025
  6.650111416851066E-025
  6.650111413442963E-025
  6.650111409968286E-025
  6.650111406425740E-025
  6.650111402813997E-025
  6.650111399131699E-025
  6.650111395377479E-025
  6.650111391549923E-025
  6.650111387647601E-025
  6.650111383669048E-025
  6.650111379612788E-025
  6.650111375477293E-025
  6.650111371261021E-025
  6.650111366962391E-025
  6.650111362579791E-025
  6.650111358111583E-025
  6.650111353556097E-025
  6.650111348911622E-025
  6.650111344176428E-025
  6.650111339348741E-025
  6.650111334426757E-025
  6.650111329408620E-025
  6.650111324292464E-025
  6.650111319076378E-025
  6.650111313758402E-025
  6.650111308336541E-025
  6.650111302808777E-025
  6.650111297173034E-025
  6.650111291427214E-025
  6.650111285569156E-025
  6.650111279596663E-025
  6.650111273507513E-025
  6.650111267299415E-025
  6.650111260970056E-025
  6.650111254517066E-025
  6.650111247938023E-025
  6.650111241230469E-025
  6.650111234391897E-025
  6.650111227419741E-025
  6.650111220311387E-025
  6.650111213064197E-025
  6.650111205675439E-025
  6.650111198142349E-025
  6.650111190462114E-025
  6.650111182631864E-025
  6.650111174648658E-025
  6.650111166509510E-025
  6.650111158211377E-025
  6.650111149751157E-025
  6.650111141125673E-025
  6.650111132331715E-025
  6.650111123365971E-025
  6.650111114225102E-025
  6.650111104905678E-025
  6.650111095404208E-025
  6.650111085717145E-025
  6.650111075840864E-025
  6.650111065771665E-025
  6.650111055505778E-025
  6.650111045039363E-025
  6.650111034368501E-025
  6.650111023489210E-025
  6.650111012397402E-025
  6.650111001088931E-025
  6.650110989559572E-025
  6.650110977805003E-025
  6.650110965820824E-025
  6.650110953602557E-025
  6.650110941145624E-025
  6.650110928445361E-025
  6.650110915497021E-025
  6.650110902295754E-025
  6.650110888836629E-025
  6.650110875114593E-025
  6.650110861124525E-025
  6.650110846861179E-025
  6.650110832319213E-025
  6.650110817493207E-025
  6.650110802377586E-025
  6.650110786966715E-025
  6.650110771254809E-025
  6.650110755236007E-025
  6.650110738904294E-025
  6.650110722253565E-025
  6.650110705277600E-025
  6.650110687970026E-025
  6.650110670324376E-025
  6.650110652334053E-025
  6.650110633992312E-025
  6.650110615292298E-025
  6.650110596227009E-025
  6.650110576789307E-025
  6.650110556971916E-025
  6.650110536767433E-025
  6.650110516168280E-025
  6.650110495166760E-025
  6.650110473755011E-025
  6.650110451925002E-025
  6.650110429668593E-025
  6.650110406977435E-025
  6.650110383843042E-025
  6.650110360256753E-025
  6.650110336209743E-025
  6.650110311693015E-025
  6.650110286697389E-025
  6.650110261213512E-025
  6.650110235231849E-025
  6.650110208742681E-025
  6.650110181736085E-025
  6.650110154201959E-025
  6.650110126129992E-025
  6.650110097509683E-025
  6.650110068330324E-025
  6.650110038580994E-025
  6.650110008250558E-025
  6.650109977327659E-025
  6.650109945800732E-025
  6.650109913657981E-025
  6.650109880887371E-025
  6.650109847476628E-025
  6.650109813413269E-025
  6.650109778684543E-025
  6.650109743277429E-025
  6.650109707178709E-025
  6.650109670374845E-025
  6.650109632852081E-025
  6.650109594596367E-025
  6.650109555593392E-025
  6.650109515828554E-025
  6.650109475286960E-025
  6.650109433953465E-025
  6.650109391812582E-025
  6.650109348848541E-025
  6.650109305045270E-025
  6.650109260386365E-025
  6.650109214855123E-025
  6.650109168434499E-025
  6.650109121107117E-025
  6.650109072855273E-025
  6.650109023660902E-025
  6.650108973505606E-025
  6.650108922370598E-025
  6.650108870236744E-025
  6.650108817084542E-025
  6.650108762894098E-025
  6.650108707645123E-025
  6.650108651316946E-025
  6.650108593888497E-025
  6.650108535338269E-025
  6.650108475644352E-025
  6.650108414784406E-025
  6.650108352735661E-025
  6.650108289474890E-025
  6.650108224978422E-025
  6.650108159222118E-025
  6.650108092181364E-025
  6.650108023831073E-025
  6.650107954145669E-025
  6.650107883099069E-025
  6.650107810664690E-025
  6.650107736815421E-025
  6.650107661523611E-025
  6.650107584761106E-025
  6.650107506499165E-025
  6.650107426708498E-025
  6.650107345359243E-025
  6.650107262420963E-025
  6.650107177862611E-025
  6.650107091652548E-025
  6.650107003758505E-025
  6.650106914147596E-025
  6.650106822786277E-025
  6.650106729640347E-025
  6.650106634674970E-025
  6.650106537854593E-025
  6.650106439142975E-025
  6.650106338503190E-025
  6.650106235897560E-025
  6.650106131287693E-025
  6.650106024634436E-025
  6.650105915897879E-025
  6.650105805037320E-025
  6.650105692011273E-025
  6.650105576777447E-025
  6.650105459292701E-025
  6.650105339513080E-025
  6.650105217393756E-025
  6.650105092889024E-025
  6.650104965952287E-025
  6.650104836536039E-025
  6.650104704591843E-025
  6.650104570070336E-025
  6.650104432921153E-025
  6.650104293092983E-025
  6.650104150533489E-025
  6.650104005189316E-025
  6.650103857006083E-025
  6.650103705928317E-025
  6.650103551899487E-025
  6.650103394861946E-025
  6.650103234756920E-025
  6.650103071524500E-025
  6.650102905103589E-025
  6.650102735431908E-025
  6.650102562445959E-025
  6.650102386081005E-025
  6.650102206271036E-025
  6.650102022948763E-025
  6.650101836045577E-025
  6.650101645491531E-025
  6.650101451215320E-025
  6.650101253144220E-025
  6.650101051204112E-025
  6.650100845319431E-025
  6.650100635413109E-025
  6.650100421406605E-025
  6.650100203219813E-025
  6.650099980771093E-025
  6.650099753977186E-025
  6.650099522753210E-025
  6.650099287012647E-025
  6.650099046667254E-025
  6.650098801627102E-025
  6.650098551800476E-025
  6.650098297093879E-025
  6.650098037411980E-025
  6.650097772657617E-025
  6.650097502731692E-025
  6.650097227533193E-025
  6.650096946959114E-025
  6.650096660904470E-025
  6.650096369262197E-025
  6.650096071923149E-025
  6.650095768776055E-025
  6.650095459707463E-025
  6.650095144601695E-025
  6.650094823340837E-025
  6.650094495804655E-025
  6.650094161870566E-025
  6.650093821413602E-025
  6.650093474306354E-025
  6.650093120418907E-025
  6.650092759618828E-025
  6.650092391771089E-025
  6.650092016738021E-025
  6.650091634379275E-025
  6.650091244551747E-025
  6.650090847109560E-025
  6.650090441903962E-025
  6.650090028783309E-025
  6.650089607593002E-025
  6.650089178175403E-025
  6.650088740369811E-025
  6.650088294012367E-025
  6.650087838936037E-025
  6.650087374970511E-025
  6.650086901942153E-025
  6.650086419673928E-025
  6.650085927985351E-025
  6.650085426692409E-025
  6.650084915607501E-025
  6.650084394539354E-025
  6.650083863292967E-025
  6.650083321669514E-025
  6.650082769466308E-025
  6.650082206476679E-025
  6.650081632489923E-025
  6.650081047291254E-025
  6.650080450661649E-025
  6.650079842377820E-025
  6.650079222212127E-025
  6.650078589932471E-025
  6.650077945302235E-025
  6.650077288080158E-025
  6.650076618020287E-025
  6.650075934871846E-025
  6.650075238379181E-025
  6.650074528281629E-025
  6.650073804313432E-025
  6.650073066203667E-025
  6.650072313676085E-025
  6.650071546449066E-025
  6.650070764235476E-025
  6.650069966742575E-025
  6.650069153671908E-025
  6.650068324719179E-025
  6.650067479574174E-025
  6.650066617920588E-025
  6.650065739435952E-025
  6.650064843791510E-025
  6.650063930652067E-025
  6.650062999675878E-025
  6.650062050514537E-025
  6.650061082812828E-025
  6.650060096208588E-025
  6.650059090332589E-025
  6.650058064808385E-025
  6.650057019252185E-025
  6.650055953272689E-025
  6.650054866470958E-025
  6.650053758440275E-025
  6.650052628765961E-025
  6.650051477025233E-025
  6.650050302787062E-025
  6.650049105612002E-025
  6.650047885052012E-025
  6.650046640650314E-025
  6.650045371941177E-025
  6.650044078449815E-025
  6.650042759692130E-025
  6.650041415174586E-025
  6.650040044394025E-025
  6.650038646837419E-025
  6.650037221981751E-025
  6.650035769293766E-025
  6.650034288229817E-025
  6.650032778235606E-025
  6.650031238746042E-025
  6.650029669184974E-025
  6.650028068965010E-025
  6.650026437487260E-025
  6.650024774141165E-025
  6.650023078304229E-025
  6.650021349341794E-025
  6.650019586606799E-025
  6.650017789439547E-025
  6.650015957167463E-025
  6.650014089104843E-025
  6.650012184552553E-025
  6.650010242797832E-025
  6.650008263113998E-025
  6.650006244760152E-025
  6.650004186980949E-025
  6.650002089006277E-025
  6.649999950050971E-025
  6.649997769314544E-025
  6.649995545980860E-025
  6.649993279217859E-025
  6.649990968177219E-025
  6.649988611994032E-025
  6.649986209786522E-025
  6.649983760655676E-025
  6.649981263684913E-025
  6.649978717939765E-025
  6.649976122467495E-025
  6.649973476296755E-025
  6.649970778437248E-025
  6.649968027879307E-025
  6.649965223593543E-025
  6.649962364530482E-025
  6.649959449620123E-025
  6.649956477771582E-025
  6.649953447872661E-025
  6.649950358789443E-025
  6.649947209365854E-025
  6.649943998423226E-025
  6.649940724759899E-025
  6.649937387150715E-025
  6.649933984346596E-025
  6.649930515074063E-025
  6.649926978034754E-025
  6.649923371904944E-025
  6.649919695335081E-025
  6.649915946949216E-025
  6.649912125344543E-025
  6.649908229090842E-025
  6.649904256729949E-025
  6.649900206775262E-025
  6.649896077711088E-025
  6.649891867992144E-025
  6.649887576042977E-025
  6.649883200257340E-025
  6.649878738997628E-025
  6.649874190594239E-025
  6.649869553344946E-025
  6.649864825514306E-025
  6.649860005332937E-025
  6.649855090996922E-025
  6.649850080667091E-025
  6.649844972468367E-025
  6.649839764489025E-025
  6.649834454780009E-025
  6.649829041354197E-025
  6.649823522185633E-025
  6.649817895208820E-025
  6.649812158317866E-025
  6.649806309365797E-025
  6.649800346163649E-025
  6.649794266479755E-025
  6.649788068038811E-025
  6.649781748521090E-025
  6.649775305561543E-025
  6.649768736748940E-025
  6.649762039624925E-025
  6.649755211683143E-025
  6.649748250368277E-025
  6.649741153075094E-025
  6.649733917147472E-025
  6.649726539877395E-025
  6.649719018503982E-025
  6.649711350212382E-025
  6.649703532132785E-025
  6.649695561339321E-025
  6.649687434848969E-025
  6.649679149620431E-025
  6.649670702553003E-025
  6.649662090485425E-025
  6.649653310194671E-025
  6.649644358394770E-025
  6.649635231735561E-025
  6.649625926801450E-025
  6.649616440110102E-025
  6.649606768111190E-025
  6.649596907185702E-025
  6.649586853639206E-025
  6.649576603722301E-025
  6.649566153453631E-025
  6.649555499026802E-025
  6.649544642086030E-025
  6.649533513053537E-025
  6.649522303202234E-025
  6.649511545745207E-025
  6.649501625736944E-025
  6.649489854894545E-025
  6.649476031809101E-025
  6.649464061870050E-025
  6.649467324595634E-025
  6.649432625453122E-025
  6.649434415640246E-025
  6.649426740934363E-025
  6.649404151639158E-025
  6.649365476955741E-025
  6.649378373075196E-025
  6.649352302508026E-025
  6.649338600233515E-025
  6.649327948005909E-025
  6.649321219437810E-025
  6.649284360973435E-025
  6.649276438178846E-025
  6.649261041535304E-025
  6.649249842497808E-025
  6.649224955211061E-025
  6.649215141547259E-025
  6.649200829881034E-025
  6.649167837580970E-025
  6.649160822221234E-025
  6.649136778465842E-025
  6.649110812943416E-025
  6.649097177822128E-025
  6.649083034490484E-025
  6.649056627603436E-025
  6.649040952746015E-025
  6.649025480583021E-025
  6.648997020941173E-025
  6.648980865819913E-025
  6.648954065537269E-025
  6.648931793636318E-025
  6.648906141500421E-025
  6.648885906535832E-025
  6.648858141835247E-025
  6.648837898245350E-025
  6.648814148833502E-025
  6.648783737234107E-025
  6.648757283627221E-025
  6.648733049595860E-025
  6.648701140501876E-025
  6.648676434001067E-025
  6.648649716136818E-025
  6.648621462550100E-025
  6.648590289408497E-025
  6.648560766441140E-025
  6.648532496913191E-025
  6.648499470531896E-025
  6.648467359827666E-025
  6.648437199455342E-025
  6.648404895204209E-025
  6.648370012687227E-025
  6.648338110256358E-025
  6.648301758366435E-025
  6.648267436362931E-025
  6.648232189000153E-025
  6.648194287703114E-025
  6.648157329090690E-025
  6.648118167227245E-025
  6.648081043402519E-025
  6.648039897148204E-025
  6.648000271446921E-025
  6.647959055956806E-025
  6.647916235007981E-025
  6.647873291283130E-025
  6.647829450859245E-025
  6.647784035159530E-025
  6.647739767307991E-025
  6.647693822604996E-025
  6.647645767354149E-025
  6.647597442852365E-025
  6.647549442543110E-025
  6.647499501848348E-025
  6.647447699573154E-025
  6.647396173372685E-025
  6.647342624669248E-025
  6.647289016447553E-025
  6.647233835477803E-025
  6.647177823393216E-025
  6.647120584680771E-025
  6.647062086156935E-025
  6.647002390210616E-025
  6.646942152349046E-025
  6.646879936213200E-025
  6.646817170161744E-025
  6.646752611992723E-025
  6.646687134974240E-025
  6.646620285109714E-025
  6.646552121562546E-025
  6.646482825884310E-025
  6.646411756171257E-025
  6.646339649985491E-025
  6.646265994821266E-025
  6.646190884989863E-025
  6.646114434555239E-025
  6.646036401670301E-025
  6.645957065344033E-025
  6.645875811706220E-025
  6.645793131503963E-025
  6.645708733721541E-025
  6.645622804315241E-025
  6.645535308198874E-025
  6.645445910777203E-025
  6.645354917746394E-025
  6.645262121856434E-025
  6.645167367790402E-025
  6.645070993598907E-025
  6.644972596824028E-025
  6.644872373315912E-025
  6.644770099749627E-025
  6.644665877390421E-025
  6.644559547257265E-025
  6.644451287675567E-025
  6.644340850957628E-025
  6.644228225150632E-025
  6.644113486435893E-025
  6.643996374687362E-025
  6.643877114396894E-025
  6.643755498450726E-025
  6.643631492214635E-025
  6.643505077123523E-025
  6.643376200368709E-025
  6.643244793708862E-025
  6.643110849395687E-025
  6.642974308270088E-025
  6.642835095579261E-025
  6.642693155683641E-025
  6.642548462790001E-025
  6.642400974808611E-025
  6.642250568118531E-025
  6.642097266426269E-025
  6.641940976473672E-025
  6.641781641882239E-025
  6.641619187212656E-025
  6.641453576668168E-025
  6.641284751234742E-025
  6.641112638311897E-025
  6.640937182972203E-025
  6.640758291959008E-025
  6.640575941701595E-025
  6.640390028549254E-025
  6.640200497237482E-025
  6.640007284490119E-025
  6.639810318371533E-025
  6.639609507450392E-025
  6.639404792964083E-025
  6.639196101236531E-025
  6.638983351576165E-025
  6.638766459896822E-025
  6.638545345892571E-025
  6.638319949718230E-025
  6.638090153310189E-025
  6.637855900827463E-025
  6.637617094552737E-025
  6.637373636469113E-025
  6.637125456067585E-025
  6.636872452899454E-025
  6.636614531309424E-025
  6.636351593708330E-025
  6.636083553609315E-025
  6.635810307564192E-025
  6.635531755540591E-025
  6.635247783230308E-025
  6.634958307536055E-025
  6.634663208415416E-025
  6.634362379269629E-025
  6.634055711424562E-025
  6.633743090774468E-025
  6.633424402903624E-025
  6.633099529598242E-025
  6.632768354470145E-025
  6.632430755917433E-025
  6.632086608787742E-025
  6.631735785440601E-025
  6.631378160615303E-025
  6.631013599131887E-025
  6.630641974950780E-025
  6.630263144393007E-025
  6.629876974300532E-025
  6.629483317901359E-025
  6.629082038822484E-025
  6.628672983995532E-025
  6.628256008299565E-025
  6.627830957328756E-025
  6.627397676154424E-025
  6.626956008892011E-025
  6.626505792159483E-025
  6.626046862929958E-025
  6.625579055288887E-025
  6.625102199499690E-025
  6.624616120291676E-025
  6.624120641930209E-025
  6.623615584948396E-025
  6.623100765180824E-025
  6.622575998019588E-025
  6.622041090981687E-025
  6.621495851817658E-025
  6.620940082592312E-025
  6.620373582681690E-025
  6.619796147421855E-025
  6.619207567590012E-025
  6.618607631907274E-025
  6.617996123422818E-025
  6.617372821994037E-025
  6.616737502559681E-025
  6.616089937584641E-025
  6.615429893189996E-025
  6.614757133362756E-025
  6.614071415638793E-025
  6.613372494392928E-025
  6.612660119474775E-025
  6.611934035436300E-025
  6.611193982704560E-025
  6.610439696910627E-025
  6.609670908683734E-025
  6.608887343384084E-025
  6.608088722163225E-025
  6.607274760336269E-025
  6.606445168700751E-025
  6.605599652254832E-025
  6.604737910746572E-025
  6.603859638730305E-025
  6.602964524907914E-025
  6.602052252643366E-025
  6.601122499289803E-025
  6.600174936822225E-025
  6.599209230768486E-025
  6.598225041182618E-025
  6.597222021640847E-025
  6.596199819626082E-025
  6.595158076503663E-025
  6.594096426975914E-025
  6.593014499341349E-025
  6.591911915392611E-025
  6.590788290188250E-025
  6.589643231909868E-025
  6.588476341833659E-025
  6.587287214284710E-025
  6.586075436352488E-025
  6.584840587918459E-025
  6.583582241764676E-025
  6.582299962723299E-025
  6.580993308476558E-025
  6.579661828769794E-025
  6.578305065731704E-025
  6.576922553481434E-025
  6.575513818022402E-025
  6.574078377453405E-025
  6.572615741340153E-025
  6.571125411016027E-025
  6.569606879312495E-025
  6.568059630350667E-025
  6.566483139568233E-025
  6.564876873581749E-025
  6.563240289935539E-025
  6.561572837104674E-025
  6.559873954346012E-025
  6.558143071535482E-025
  6.556379609104798E-025
  6.554582977862910E-025
  6.552752578900120E-025
  6.550887803448121E-025
  6.548988032763446E-025
  6.547052638040147E-025
  6.545080980223381E-025
  6.543072409919603E-025
  6.541026267248554E-025
  6.538941881779043E-025
  6.536818572322827E-025
  6.534655646888612E-025
  6.532452402495240E-025
  6.530208125110375E-025
  6.527922089484495E-025
  6.525593559047312E-025
  6.523221785812791E-025
  6.520806010225089E-025
  6.518345461047107E-025
  6.515839355286707E-025
  6.513286898040973E-025
  6.510687282401542E-025
  6.508039689347746E-025
  6.505343287644993E-025
  6.502597233725300E-025
  6.499800671603777E-025
  6.496952732765492E-025
  6.494052536076776E-025
  6.491099187698393E-025
  6.488091780974030E-025
  6.485029396374179E-025
  6.481911101390646E-025
  6.478735950462199E-025
  6.475502984909475E-025
  6.472211232862147E-025
  6.468859709184055E-025
  6.465447415422824E-025
  6.461973339749196E-025
  6.458436456915117E-025
  6.454835728193588E-025
  6.451170101358703E-025
  6.447438510643177E-025
  6.443639876718827E-025
  6.439773106667383E-025
  6.435837093985763E-025
  6.431830718566443E-025
  6.427752846713864E-025
  6.423602331150286E-025
  6.419378011039180E-025
  6.415078712015200E-025
  6.410703246222904E-025
  6.406250412366109E-025
  6.401718995768675E-025
  6.397107768441153E-025
  6.392415489165252E-025
  6.387640903581278E-025
  6.382782744295997E-025
  6.377839730995567E-025
  6.372810570576688E-025
  6.367693957281946E-025
  6.362488572863419E-025
  6.357193086743020E-025
  6.351806156202082E-025
  6.346326426574549E-025
  6.340752531462807E-025
  6.335083092966736E-025
  6.329316721926960E-025
  6.323452018189023E-025
  6.317487570881067E-025
  6.311421958711726E-025
  6.305253750283757E-025
  6.298981504430337E-025
  6.292603770565192E-025
  6.286119089056658E-025
  6.279525991620383E-025
  6.272823001731697E-025
  6.266008635060954E-025
  6.259081399929339E-025
  6.252039797786072E-025
  6.244882323709603E-025
  6.237607466931148E-025
  6.230213711381365E-025
  6.222699536260242E-025
  6.215063416633452E-025
  6.207303824050508E-025
  6.199419227189999E-025
  6.191408092530109E-025
  6.183268885043236E-025
  6.175000068918639E-025
  6.166600108311014E-025
  6.158067468114617E-025
  6.149400614766054E-025
  6.140598017073297E-025
  6.131658147072128E-025
  6.122579480910733E-025
  6.113360499761135E-025
  6.103999690759556E-025
  6.094495547973759E-025
  6.084846573399077E-025
  6.075051277981308E-025
  6.065108182668768E-025
  6.055015819490910E-025
  6.044772732665420E-025
  6.034377479731938E-025
  6.023828632713254E-025
  6.013124779303341E-025
  6.002264524081650E-025
  5.991246489752843E-025
  5.980069318412991E-025
  5.968731672839592E-025
  5.957232237806342E-025
  5.945569721421022E-025
  5.933742856486405E-025
  5.921750401882639E-025
  5.909591143970557E-025
  5.897263898014831E-025
  5.884767509625829E-025
  5.872100856218885E-025
  5.859262848489865E-025
  5.846252431905464E-025
  5.833068588207071E-025
  5.819710336926305E-025
  5.806176736910873E-025
  5.792466887858752E-025
  5.778579931859263E-025
  5.764515054938704E-025
  5.750271488608812E-025
  5.735848511415873E-025
  5.721245450488336E-025
  5.706461683080561E-025
  5.691496638110529E-025
  5.676349797688790E-025
  5.661020698636510E-025
  5.645508933989524E-025
  5.629814154486128E-025
  5.613936070035621E-025
  5.597874451164787E-025
  5.581629130439383E-025
  5.565200003857835E-025
  5.548587032213804E-025
  5.531790242424802E-025
  5.514809728823577E-025
  5.497645654409152E-025
  5.480298252054274E-025
  5.462767825665983E-025
  5.445054751296170E-025
  5.427159478198698E-025
  5.409082529829903E-025
  5.390824504789104E-025
  5.372386077695972E-025
  5.353768000001439E-025
  5.334971100728910E-025
  5.315996287142693E-025
  5.296844545340488E-025
  5.277516940766897E-025
  5.258014618644947E-025
  5.238338804322804E-025
  5.218490803532885E-025
  5.198472002560643E-025
  5.178283868320509E-025
  5.157927948336598E-025
  5.137405870625906E-025
  5.116719343481821E-025
  5.095870155156140E-025
  5.074860173437711E-025
  5.053691345126246E-025
  5.032365695399875E-025
  5.010885327075365E-025
  4.989252419760022E-025
  4.967469228894746E-025
  4.945538084687606E-025
  4.923461390937975E-025
  4.901241623751198E-025
  4.878881330144200E-025
  4.856383126542657E-025
  4.833749697170730E-025
  4.810983792334487E-025
  4.788088226600600E-025
  4.765065876872104E-025
  4.741919680363331E-025
  4.718652632476458E-025
  4.695267784582267E-025
  4.671768241708319E-025
  4.648157160137658E-025
  4.624437744921756E-025
  4.600613247311510E-025
  4.576686962110509E-025
  4.552662224954973E-025
  4.528542409525054E-025
  4.504330924692441E-025
  4.480031211609480E-025
  4.455646740745243E-025
  4.431181008874067E-025
  4.406637536022555E-025
  4.382019862380884E-025
  4.357331545184744E-025
  4.332576155574058E-025
  4.307757275435101E-025
  4.282878494232436E-025
  4.257943405837416E-025
  4.232955605359796E-025
  4.207918685989367E-025
  4.182836235854263E-025
  4.157711834902717E-025
  4.132549051814983E-025
  4.107351440952097E-025
  4.082122539348103E-025
  4.056865863752155E-025
  4.031584907726936E-025
  4.006283138809605E-025
  3.980963995741266E-025
  3.955630885770887E-025
  3.930287182039237E-025
  3.904936221048373E-025
  3.879581300221675E-025
  3.854225675559395E-025
  3.828872559394349E-025
  3.803525118251930E-025
  3.778186470818484E-025
  3.752859686021624E-025
  3.727547781225781E-025
  3.702253720545871E-025
  3.676980413281703E-025
  3.651730712475127E-025
  3.626507413591889E-025
  3.601313253329483E-025
  3.576150908551997E-025
  3.551022995352603E-025
  3.525932068243919E-025
  3.500880619476014E-025
  3.475871078481541E-025
  3.450905811447113E-025
  3.425987121009512E-025
  3.401117246075186E-025
  3.376298361760892E-025
  3.351532579453260E-025
  3.326821946984493E-025
  3.302168448921263E-025
  3.277574006963450E-025
  3.253040480449271E-025
  3.228569666962800E-025
  3.204163303039935E-025
  3.179823064968442E-025
  3.155550569677579E-025
  3.131347375712622E-025
  3.107214984289381E-025
  3.083154840423791E-025
  3.059168334131374E-025
  3.035256801691421E-025
  3.011421526970503E-025
  2.987663742800074E-025
  2.963984632402664E-025
  2.940385330861325E-025
  2.916866926626862E-025
  2.893430463057555E-025
  2.870076939985973E-025
  2.846807315307603E-025
  2.823622506586140E-025
  2.800523392670351E-025
  2.777510815317472E-025
  2.754585580818313E-025
  2.731748461619407E-025
  2.709000197937547E-025
  2.686341499362440E-025
  2.663773046443140E-025
  2.641295492254331E-025
  2.618909463938601E-025
  2.596615564221101E-025
  2.574414372893093E-025
  2.552306448261349E-025
  2.530292328560253E-025
  2.508372533324013E-025
  2.486547564716300E-025
  2.464817908815154E-025
  2.443184036851021E-025
  2.421646406396047E-025
  2.400205462503091E-025
  2.378861638792988E-025
  2.357615358488934E-025
  2.336467035396977E-025
  2.315417074831936E-025
  2.294465874488123E-025
  2.273613825254606E-025
  2.252861311974742E-025
  2.232208714150159E-025
  2.211656406589250E-025
  2.191204760000675E-025
  2.170854141532325E-025
  2.150604915256500E-025
  2.130457442602108E-025
  2.110412082734878E-025
  2.090469192886661E-025
  2.070629128635075E-025
  2.050892244134805E-025
  2.031258892301941E-025
  2.011729424952946E-025
  1.992304192899801E-025
  1.972983546003019E-025
  1.953767833184203E-025
  1.934657402400028E-025
  1.915652600579405E-025
  1.896753773525734E-025
  1.877961265786116E-025
  1.859275420489467E-025
  1.840696579155495E-025
  1.822225081476415E-025
  1.803861265073423E-025
  1.785605465229829E-025
  1.767458014602794E-025
  1.749419242915553E-025
  1.731489476632080E-025
  1.713669038615976E-025
  1.695958247775494E-025
  1.678357418696403E-025
  1.660866861264535E-025
  1.643486880279665E-025
  1.626217775062421E-025
  1.609059839055787E-025
  1.592013359422834E-025
  1.575078616642115E-025
  1.558255884102193E-025
  1.541545427696712E-025
  1.524947505421304E-025
  1.508462366973623E-025
  1.492090253357687E-025
  1.475831396493711E-025
  1.459686018834435E-025
  1.443654332989067E-025
  1.427736541355665E-025
  1.411932835762974E-025
  1.396243397122428E-025
  1.380668395091192E-025
  1.365207987746827E-025
  1.349862321274335E-025
  1.334631529666088E-025
  1.319515734435189E-025
  1.304515044342756E-025
  1.289629555139505E-025
  1.274859349322039E-025
  1.260204495904082E-025
  1.245665050202992E-025
  1.231241053641716E-025
  1.216932533566373E-025
  1.202739503079538E-025
  1.188661960889378E-025
  1.174699891174602E-025
  1.160853263465274E-025
  1.147122032539385E-025
  1.133506138335172E-025
  1.120005505879036E-025
  1.106620045228918E-025
  1.093349651432962E-025
  1.080194204503256E-025
  1.067153569404477E-025
  1.054227596057075E-025
  1.041416119354875E-025
  1.028718959196666E-025
  1.016135920531516E-025
  1.003666793417549E-025
  9.913113530937125E-026
  9.790693600642520E-026
  9.669405601955519E-026
  9.549246848248423E-026
  9.430214508805287E-026
  9.312305610136137E-026
  9.195517037398465E-026
  9.079845535922522E-026
  8.965287712835101E-026
  8.851840038778105E-026
  8.739498849718186E-026
  8.628260348842091E-026
  8.518120608534241E-026
  8.409075572432354E-026
  8.301121057556001E-026
  8.194252756505178E-026
  8.088466239723468E-026
  7.983756957822210E-026
  7.880120243961964E-026
  7.777551316286328E-026
  7.676045280404649E-026
  7.575597131919912E-026
  7.476201758997151E-026
  7.377853944969597E-026
  7.280548370977937E-026
  7.184279618639400E-026
  7.089042172743578E-026
  6.994830423970542E-026
  6.901638671628560E-026
  6.809461126408211E-026
  6.718291913149054E-026
  6.628125073616243E-026
  6.538954569284164E-026
  6.450774284123588E-026
  6.363578027390278E-026
  6.277359536411717E-026
  6.192112479369457E-026
  6.107830458075115E-026
  6.024507010736699E-026
  5.942135614713455E-026
  5.860709689257219E-026
  5.780222598237538E-026
  5.700667652848838E-026
  5.622038114297970E-026
  5.544327196469584E-026
  5.467528068568387E-026
  5.391633857735958E-026
  5.316637651640745E-026
  5.242532501040122E-026
  5.169311422312514E-026
  5.096967399958515E-026
  5.025493389070125E-026
  4.954882317766139E-026
  4.885127089593589E-026
  4.816220585893412E-026
  4.748155668129780E-026
  4.680925180182462E-026
  4.614521950600975E-026
  4.548938794820055E-026
  4.484168517335969E-026
  4.420203913842778E-026
  4.357037773328116E-026
  4.294662880128426E-026
  4.233072015942470E-026
  4.172257961803726E-026
  4.112213500010597E-026
  4.052931416014562E-026
  3.994404500266267E-026
  3.936625550019011E-026
  3.879587371089756E-026
  3.823282779577845E-026
  3.767704603541005E-026
  3.712845684628923E-026
  3.658698879674666E-026
  3.605257062243565E-026
  3.552513124140336E-026
  3.500459976874130E-026
  3.449090553081930E-026
  3.398397807910776E-026
  3.348374720358681E-026
  3.299014294574798E-026
  3.250309561119339E-026
  3.202253578183117E-026
  3.154839432767728E-026
  3.108060241826233E-026
  3.061909153365008E-026
  3.016379347507409E-026
