  6.649281710858162E-025
  6.649271128054963E-025
  6.649259453297894E-025
  6.649255455680481E-025
  6.649249494067901E-025
  6.649240822349070E-025
  6.649227839365725E-025
  6.649213953393002E-025
  6.649207358848973E-025
  6.649197506978254E-025
  6.649190382162245E-025
  6.649176878210811E-025
  6.649171413134697E-025
  6.649160933772363E-025
  6.649155385554367E-025
  6.649138877579169E-025
  6.649125279138639E-025
  6.649113946927502E-025
  6.649112357123372E-025
  6.649100711994207E-025
  6.649086898329295E-025
  6.649071126703229E-025
  6.649071870462888E-025
  6.649052942103916E-025
  6.649045333655802E-025
  6.649032911190142E-025
  6.649024835690765E-025
  6.649005393092713E-025
  6.648986905313570E-025
  6.648970085785143E-025
  6.648957642505488E-025
  6.648952402376737E-025
  6.648931419778561E-025
  6.648921375830362E-025
  6.648913990791810E-025
  6.648892655150275E-025
  6.648887431875907E-025
  6.648872961055778E-025
  6.648855860477913E-025
  6.648836766913607E-025
  6.648827904794368E-025
  6.648811601313185E-025
  6.648784161212324E-025
  6.648777027681574E-025
  6.648762316613234E-025
  6.648743824775582E-025
  6.648735305923255E-025
  6.648720631977360E-025
  6.648694211452058E-025
  6.648688139705587E-025
  6.648672091724544E-025
  6.648650985911725E-025
  6.648635179909414E-025
  6.648618042536302E-025
  6.648594733043092E-025
  6.648584955410724E-025
  6.648560895575610E-025
  6.648538769076725E-025
  6.648524022603382E-025
  6.648505251794047E-025
  6.648489220934156E-025
  6.648462067324019E-025
  6.648440425676481E-025
  6.648434291760106E-025
  6.648409034139766E-025
  6.648381209030145E-025
  6.648360072275687E-025
  6.648335687643271E-025
  6.648317155944468E-025
  6.648296025591460E-025
  6.648279807027530E-025
  6.648255186628980E-025
  6.648233505067014E-025
  6.648206269172352E-025
  6.648177804178537E-025
  6.648158413357394E-025
  6.648136867186107E-025
  6.648111291067702E-025
  6.648086270351459E-025
  6.648062245395449E-025
  6.648034194856552E-025
  6.648009945563159E-025
  6.647981399018185E-025
  6.647951899750016E-025
  6.647933421861114E-025
  6.647899284364340E-025
  6.647873245277951E-025
  6.647847488337255E-025
  6.647815646371841E-025
  6.647786677733644E-025
  6.647754230080959E-025
  6.647730243101998E-025
  6.647698229505203E-025
  6.647665426188354E-025
  6.647631807318212E-025
  6.647599036850645E-025
  6.647568752259659E-025
  6.647541676674755E-025
  6.647504771317915E-025
  6.647474302109138E-025
  6.647436891029722E-025
  6.647405751922793E-025
  6.647370666330261E-025
  6.647334511080101E-025
  6.647299146377366E-025
  6.647263550800843E-025
  6.647227736875219E-025
  6.647187849909897E-025
  6.647150685647325E-025
  6.647113203486563E-025
  6.647075339819914E-025
  6.647035580047099E-025
  6.646994527448956E-025
  6.646958323273338E-025
  6.646914994318182E-025
  6.646873134509914E-025
  6.646829339222044E-025
  6.646787786143347E-025
  6.646746026596641E-025
  6.646700107538057E-025
  6.646655388593252E-025
  6.646609531829173E-025
  6.646563912661669E-025
  6.646517043655664E-025
  6.646472192472248E-025
  6.646424876576654E-025
  6.646375641783793E-025
  6.646325801046482E-025
  6.646274850963552E-025
  6.646225049761339E-025
  6.646174249395758E-025
  6.646122493607868E-025
  6.646071507104940E-025
  6.646016799313384E-025
  6.645963382713457E-025
  6.645907915352200E-025
  6.645853262118975E-025
  6.645797096187583E-025
  6.645738962390651E-025
  6.645683572011463E-025
  6.645623621532292E-025
  6.645563613901631E-025
  6.645503298260649E-025
  6.645443053035632E-025
  6.645380881552854E-025
  6.645317972142637E-025
  6.645254340308245E-025
  6.645189061159246E-025
  6.645123861520920E-025
  6.645058078009612E-025
  6.644989819057294E-025
  6.644921502303798E-025
  6.644852709067886E-025
  6.644782673851977E-025
  6.644711531709281E-025
  6.644639385847407E-025
  6.644566568213267E-025
  6.644491443014581E-025
  6.644417460529616E-025
  6.644340618741033E-025
  6.644263688761718E-025
  6.644185185246127E-025
  6.644106123698539E-025
  6.644025150004149E-025
  6.643943348616849E-025
  6.643860849542330E-025
  6.643777186680375E-025
  6.643692073570335E-025
  6.643605483530914E-025
  6.643518316393875E-025
  6.643429348201242E-025
  6.643339660833302E-025
  6.643248671867486E-025
  6.643155943349693E-025
  6.643062417223250E-025
  6.642967454086778E-025
  6.642870924386901E-025
  6.642773253155682E-025
  6.642674383477995E-025
  6.642574119438381E-025
  6.642472428918735E-025
  6.642369375715258E-025
  6.642264453106724E-025
  6.642158672559961E-025
  6.642051176494015E-025
  6.641942109029805E-025
  6.641831587677417E-025
  6.641719710781452E-025
  6.641605968856976E-025
  6.641490551399847E-025
  6.641373995271655E-025
  6.641255720647134E-025
  6.641135416664802E-025
  6.641013950901112E-025
  6.640890637005162E-025
  6.640765578161274E-025
  6.640638741207725E-025
  6.640510080543947E-025
  6.640379810943766E-025
  6.640247642000827E-025
  6.640113638375644E-025
  6.639977939269602E-025
  6.639840153194881E-025
  6.639700570323998E-025
  6.639559000012268E-025
  6.639415504317361E-025
  6.639270059421182E-025
  6.639122532092660E-025
  6.638972972849089E-025
  6.638821312660201E-025
  6.638667690027844E-025
  6.638511846608920E-025
  6.638353863247713E-025
  6.638193666072096E-025
  6.638031266073681E-025
  6.637866733787984E-025
  6.637699811498275E-025
  6.637530623098552E-025
  6.637359039921371E-025
  6.637185132206781E-025
  6.637008736708244E-025
  6.636830029289109E-025
  6.636648792748588E-025
  6.636465037873894E-025
  6.636278807525558E-025
  6.636089946122439E-025
  6.635898520578525E-025
  6.635704428940224E-025
  6.635507622510396E-025
  6.635308127724832E-025
  6.635105893374564E-025
  6.634900841985806E-025
  6.634692966864803E-025
  6.634482260450681E-025
  6.634268599876623E-025
  6.634051972236424E-025
  6.633832406908767E-025
  6.633609804770035E-025
  6.633384111170925E-025
  6.633155309374771E-025
  6.632923362375735E-025
  6.632688214198526E-025
  6.632449823228265E-025
  6.632208146432384E-025
  6.631963125455897E-025
  6.631714722844353E-025
  6.631462923386661E-025
  6.631207624647389E-025
  6.630948839827266E-025
  6.630686467031512E-025
  6.630420497222302E-025
  6.630150855121718E-025
  6.629877507441205E-025
  6.629600386054307E-025
  6.629319464161358E-025
  6.629034661471928E-025
  6.628745951884725E-025
  6.628453258306862E-025
  6.628156540883126E-025
  6.627855741166416E-025
  6.627550815009230E-025
  6.627241673320371E-025
  6.626928300149931E-025
  6.626610613107264E-025
  6.626288563096425E-025
  6.625962089506463E-025
  6.625631120602063E-025
  6.625295605415366E-025
  6.624955486358948E-025
  6.624610695578545E-025
  6.624261171595697E-025
  6.623906851682150E-025
  6.623547658495565E-025
  6.623183542581391E-025
  6.622814431106826E-025
  6.622440262238414E-025
  6.622060950741662E-025
  6.621676440404726E-025
  6.621286667991415E-025
  6.620891544852380E-025
  6.620491001039573E-025
  6.620084978611113E-025
  6.619673390425898E-025
  6.619256167609056E-025
  6.618833235169599E-025
  6.618404506270520E-025
  6.617969911882677E-025
  6.617529371062926E-025
  6.617082802899813E-025
  6.616630125789113E-025
  6.616171262617691E-025
  6.615706124135958E-025
  6.615234630930152E-025
  6.614756691460496E-025
  6.614272226262049E-025
  6.613781142976242E-025
  6.613283354129158E-025
  6.612778772997128E-025
  6.612267302333099E-025
  6.611748855757530E-025
  6.611223339480388E-025
  6.610690655872675E-025
  6.610150709790568E-025
  6.609603407486513E-025
  6.609048645712975E-025
  6.608486330218461E-025
  6.607916358060358E-025
  6.607338628669692E-025
  6.606753037301610E-025
  6.606159476924370E-025
  6.605557845981108E-025
  6.604948035696646E-025
  6.604329938099042E-025
  6.603703439642588E-025
  6.603068435121680E-025
  6.602424807959702E-025
  6.601772444117620E-025
  6.601111229488061E-025
  6.600441045845342E-025
  6.599761773785065E-025
  6.599073295445627E-025
  6.598375488771074E-025
  6.597668230551225E-025
  6.596951396293007E-025
  6.596224859077576E-025
  6.595488493250769E-025
  6.594742168054985E-025
  6.593985753504082E-025
  6.593219116995103E-025
  6.592442124638271E-025
  6.591654640457358E-025
  6.590856527114879E-025
  6.590047645659699E-025
  6.589227856419042E-025
  6.588397015951405E-025
  6.587554980656236E-025
  6.586701605106114E-025
  6.585836739830594E-025
  6.584960237182030E-025
  6.584071945185890E-025
  6.583171711096812E-025
  6.582259380108060E-025
  6.581334795604835E-025
  6.580397798461867E-025
  6.579448227837351E-025
  6.578485922578411E-025
  6.577510717874694E-025
  6.576522447003921E-025
  6.575520943291694E-025
  6.574506034795188E-025
  6.573477549598278E-025
  6.572435313886897E-025
  6.571379151365032E-025
  6.570308883660963E-025
  6.569224330217496E-025
  6.568125309354501E-025
  6.567011636355165E-025
  6.565883123300327E-025
  6.564739582242189E-025
  6.563580821972065E-025
  6.562406649611096E-025
  6.561216869172021E-025
  6.560011283902248E-025
  6.558789693365755E-025
  6.557551895696737E-025
  6.556297686566561E-025
  6.555026858558392E-025
  6.553739203337550E-025
  6.552434509753360E-025
  6.551112563670126E-025
  6.549773149421945E-025
  6.548416048815566E-025
  6.547041040320426E-025
  6.545647901448968E-025
  6.544236407076472E-025
  6.542806327488125E-025
  6.541357433148118E-025
  6.539889490974823E-025
  6.538402265340027E-025
  6.536895518248288E-025
  6.535369008931134E-025
  6.533822494558673E-025
  6.532255729397761E-025
  6.530668464962181E-025
  6.529060450845939E-025
  6.527431433300302E-025
  6.525781156314206E-025
  6.524109360592901E-025
  6.522415785773766E-025
  6.520700166674027E-025
  6.518962237826299E-025
  6.517201728641256E-025
  6.515418368217376E-025
  6.513611880311544E-025
  6.511781988604774E-025
  6.509928411792651E-025
  6.508050867673835E-025
  6.506149069774123E-025
  6.504222729883634E-025
  6.502271556799248E-025
  6.500295255538074E-025
  6.498293530020874E-025
  6.496266079682252E-025
  6.494212602520117E-025
  6.492132792745178E-025
  6.490026342153832E-025
  6.487892940094788E-025
  6.485732272006136E-025
  6.483544021175091E-025
  6.481327868179215E-025
  6.479083490217724E-025
  6.476810562251297E-025
  6.474508755671186E-025
  6.472177739657467E-025
  6.469817180334868E-025
  6.467426740428949E-025
  6.465006080563585E-025
  6.462554858208514E-025
  6.460072727530567E-025
  6.457559340479542E-025
  6.455014346196727E-025
  6.452437390115894E-025
  6.449828115837032E-025
  6.447186163595011E-025
  6.444511170790816E-025
  6.441802772178413E-025
  6.439060599451211E-025
  6.436284281903491E-025
  6.433473445579794E-025
  6.430627713967859E-025
  6.427746707912748E-025
  6.424830045565917E-025
  6.421877341890988E-025
  6.418888209576071E-025
  6.415862258416933E-025
  6.412799095621873E-025
  6.409698325672112E-025
  6.406559550618960E-025
  6.403382369701783E-025
  6.400166379398386E-025
  6.396911174020967E-025
  6.393616345173606E-025
  6.390281482143340E-025
  6.386906171353714E-025
  6.383489997211590E-025
  6.380032541539953E-025
  6.376533383769135E-025
  6.372992101166858E-025
  6.369408268330973E-025
  6.365781458243670E-025
  6.362111240999052E-025
  6.358397185169349E-025
  6.354638856741983E-025
  6.350835819473625E-025
  6.346987635928658E-025
  6.343093865924803E-025
  6.339154067653783E-025
  6.335167797411966E-025
  6.331134609603908E-025
  6.327054057223830E-025
  6.322925691181945E-025
  6.318749060835755E-025
  6.314523714271203E-025
  6.310249197728420E-025
  6.305925055858163E-025
  6.301550832793311E-025
  6.297126070493539E-025
  6.292650310082953E-025
  6.288123091591582E-025
  6.283543953794811E-025
  6.278912434508924E-025
  6.274228070619577E-025
  6.269490398690671E-025
  6.264698953947243E-025
  6.259853271161071E-025
  6.254952884568017E-025
  6.249997328036080E-025
  6.244986134833780E-025
  6.239918838045578E-025
  6.234794970963509E-025
  6.229614066443947E-025
  6.224375657268184E-025
  6.219079276644580E-025
  6.213724457864543E-025
  6.208310734562432E-025
  6.202837640886249E-025
  6.197304711591491E-025
  6.191711482320421E-025
  6.186057489407312E-025
  6.180342269791702E-025
  6.174565361966263E-025
  6.168726305254234E-025
  6.162824640699295E-025
  6.156859910228280E-025
  6.150831657724776E-025
  6.144739428760753E-025
  6.138582770845710E-025
  6.132361233343899E-025
  6.126074367829809E-025
  6.119721727891426E-025
  6.113302869776285E-025
  6.106817352191515E-025
  6.100264736686551E-025
  6.093644587467492E-025
  6.086956471807270E-025
  6.080199960391502E-025
  6.073374626788328E-025
  6.066480048486752E-025
  6.059515806425620E-025
  6.052481485210668E-025
  6.045376673423978E-025
  6.038200963940929E-025
  6.030953953766224E-025
  6.023635244482426E-025
  6.016244442053370E-025
  6.008781157602407E-025
  6.001245006776048E-025
  5.993635610649801E-025
  5.985952595627593E-025
  5.978195593377895E-025
  5.970364241417226E-025
  5.962458182937956E-025
  5.954477067132532E-025
  5.946420549552900E-025
  5.938288291885670E-025
  5.930079962375201E-025
  5.921795236005163E-025
  5.913433794812574E-025
  5.904995327695061E-025
  5.896479530807461E-025
  5.887886107731498E-025
  5.879214769877763E-025
  5.870465235907220E-025
  5.861637233398548E-025
  5.852730496920253E-025
  5.843744770104645E-025
  5.834679804950691E-025
  5.825535362041560E-025
  5.816311210687951E-025
  5.807007129521821E-025
  5.797622906102462E-025
  5.788158337484602E-025
  5.778613230219288E-025
  5.768987400641672E-025
  5.759280674911612E-025
  5.749492889273311E-025
  5.739623889991019E-025
  5.729673534087631E-025
  5.719641688774679E-025
  5.709528232034479E-025
  5.699333052723830E-025
  5.689056050812346E-025
  5.678697137302494E-025
  5.668256234610153E-025
  5.657733276433938E-025
  5.647128208210878E-025
  5.636428409322826E-025
  5.625659016329747E-025
  5.614807420517303E-025
  5.603873615254391E-025
  5.592857605827555E-025
  5.581759409860538E-025
  5.570579057840017E-025
  5.559316592938634E-025
  5.547972070606971E-025
  5.536545559330426E-025
  5.525037140568725E-025
  5.513446908865550E-025
  5.501774972121860E-025
  5.490021450926991E-025
  5.478186479509690E-025
  5.466270205507238E-025
  5.454272789938377E-025
  5.442194407414115E-025
  5.430035245965055E-025
  5.417795507617312E-025
  5.405475407975034E-025
  5.393075176072022E-025
  5.380595055223666E-025
  5.368035302293316E-025
  5.355396188182307E-025
  5.342677997385856E-025
  5.329881028687192E-025
  5.317005594668134E-025
  5.304042882749152E-025
  5.291011524026138E-025
  5.277902721330718E-025
  5.264716842710751E-025
  5.251454270383084E-025
  5.238115400511703E-025
  5.224700642693879E-025
  5.211210420755720E-025
  5.197645172084315E-025
  5.184005347745840E-025
  5.170291412561108E-025
  5.156503844926991E-025
  5.142643136742199E-025
  5.128709793264483E-025
  5.114704333078947E-025
  5.100627288503270E-025
  5.086479204357699E-025
  5.072260639038765E-025
  5.057972163610801E-025
  5.043614362027290E-025
  5.029187831272496E-025
  5.014693180554810E-025
  5.000131031445249E-025
  4.985502018562891E-025
  4.970806787940102E-025
  4.956045997926493E-025
  4.941220318666389E-025
  4.926330432118001E-025
  4.911377031895173E-025
  4.896360822544245E-025
  4.881282520096737E-025
  4.866142851576195E-025
  4.850942554409956E-025
  4.835682377241688E-025
  4.820363078620229E-025
  4.804985427478079E-025
  4.789550202665708E-025
  4.774058192418815E-025
  4.758510195542581E-025
  4.742907018714754E-025
  4.727249478754447E-025
  4.711538400991953E-025
  4.695774618979242E-025
  4.679958975215175E-025
  4.664092319618012E-025
  4.648175510673427E-025
  4.632209413750289E-025
  4.616194902017241E-025
  4.600132855590650E-025
  4.584024160869127E-025
  4.567869711807654E-025
  4.551670407398165E-025
  4.535427153703120E-025
  4.519140861681625E-025
  4.502812448304592E-025
  4.486442835060275E-025
  4.470032949103224E-025
  4.453583721286244E-025
  4.437096087384383E-025
  4.420570986868801E-025
  4.404009363116457E-025
  4.387412162952744E-025
  4.370780336132055E-025
  4.354114835518637E-025
  4.337416616237976E-025
  4.320686636444358E-025
  4.303925855094109E-025
  4.287135234157795E-025
  4.270315735922722E-025
  4.253468324987989E-025
  4.236593965436354E-025
  4.219693623460688E-025
  4.202768264003893E-025
  4.185818853604626E-025
  4.168846357175373E-025
  4.151851740258747E-025
  4.134835966691824E-025
  4.117799999825362E-025
  4.100744801584227E-025
  4.083671332023998E-025
  4.066580549761375E-025
  4.049473411233044E-025
  4.032350870380195E-025
  4.015213878416393E-025
  3.998063384131720E-025
  3.980900332953990E-025
  3.963725667082137E-025
  3.946540324869636E-025
  3.929345241464117E-025
  3.912141347329981E-025
  3.894929569408163E-025
  3.877710829269030E-025
  3.860486045170435E-025
  3.843256128891953E-025
  3.826021988642096E-025
  3.808784525973643E-025
  3.791544638698797E-025
  3.774303216836431E-025
  3.757061146845791E-025
  3.739819307211835E-025
  3.722578571654938E-025
  3.705339807015862E-025
  3.688103873574715E-025
  3.670871625118023E-025
  3.653643908625397E-025
  3.636421564224252E-025
  3.619205424615927E-025
  3.601996316155875E-025
  3.584795056656612E-025
  3.567602457951806E-025
  3.550419322896330E-025
  3.533246447941842E-025
  3.516084620617689E-025
  3.498934621531322E-025
  3.481797222954865E-025
  3.464673189244114E-025
  3.447563276686040E-025
  3.430468232914647E-025
  3.413388798414450E-025
  3.396325704159933E-025
  3.379279673869390E-025
  3.362251421905762E-025
  3.345236689214723E-025
  3.328246125700776E-025
  3.311275433884226E-025
  3.294325295314944E-025
  3.277396381495807E-025
  3.260489356957703E-025
  3.243604876043684E-025
  3.226743585566989E-025
  3.209906123389667E-025
  3.193093118532791E-025
  3.176305192101569E-025
  3.159542955838497E-025
  3.142807013452198E-025
  3.126097959971143E-025
  3.109416381619857E-025
  3.092762856634196E-025
  3.076137954245114E-025
  3.059542235854725E-025
  3.042976253837284E-025
  3.026440552484079E-025
  3.009935668521012E-025
  2.993462128836337E-025
  2.977020453544052E-025
  2.960611154364675E-025
  2.944234733715116E-025
  2.927891688212947E-025
  2.911582504700590E-025
  2.895307662493495E-025
  2.879067633768286E-025
  2.862862882407300E-025
  2.846693864688251E-025
  2.830561029542979E-025
  2.814464817877957E-025
  2.798405664168191E-025
  2.782383994412508E-025
  2.766400227830122E-025
  2.750454776817954E-025
  2.734548046329298E-025
  2.718680433973676E-025
  2.702852331269017E-025
  2.687064122287679E-025
  2.671316184489446E-025
  2.655608889085572E-025
  2.639942600054504E-025
  2.624317675647792E-025
  2.608734467185687E-025
  2.593193319807316E-025
  2.577694573294489E-025
  2.562238560152666E-025
  2.546825607287391E-025
  2.531456036476010E-025
  2.516130162527473E-025
  2.500848295274867E-025
  2.485610738941346E-025
  2.470417791952195E-025
  2.455269747381267E-025
  2.440166893016804E-025
  2.425109511354368E-025
  2.410097879611683E-025
  2.395132270329183E-025
  2.380212950544494E-025
  2.365340182589455E-025
  2.350514224335824E-025
  2.335735328343193E-025
  2.321003742797481E-025
  2.306319711384285E-025
  2.291683473286750E-025
  2.277095262663011E-025
  2.262555310503117E-025
  2.248063842620224E-025
  2.233621080586005E-025
  2.219227242604173E-025
  2.204882542277230E-025
  2.190587188962495E-025
  2.176341388776573E-025
  2.162145343542733E-025
  2.147999251496363E-025
  2.133903306791302E-025
  2.119857700492769E-025
  2.105862619507219E-025
  2.091918247489980E-025
  2.078012000613486E-025
  2.064169657103576E-025
  2.050378551937580E-025
  2.036638855548967E-025
  2.022950733764730E-025
  2.009314350440486E-025
  1.995729865236214E-025
  1.982197435097985E-025
  1.968717213731026E-025
  1.955289351966150E-025
  1.941913997016376E-025
  1.928591293379824E-025
  1.915321382307410E-025
  1.902104403047601E-025
  1.888940491508780E-025
  1.875829779798982E-025
  1.862772397809574E-025
  1.849768473113149E-025
  1.836818129401953E-025
  1.823921487585396E-025
  1.811078666576945E-025
  1.798289782224239E-025
  1.785554946920312E-025
  1.772874271181345E-025
  1.760247862041289E-025
  1.747675825070123E-025
  1.735158261304172E-025
  1.722695270326149E-025
  1.710286948702348E-025
  1.697933390862225E-025
  1.685634686998559E-025
  1.673390925739104E-025
  1.661202194265809E-025
  1.649068574440582E-025
  1.636990146530542E-025
  1.624966989682249E-025
  1.612999178113573E-025
  1.601086784010882E-025
  1.589229878045718E-025
  1.577428527411953E-025
  1.565682795416640E-025
  1.553992744731063E-025
  1.542358435057237E-025
  1.530779921368115E-025
  1.519257258216393E-025
  1.507790497195029E-025
  1.496379685286245E-025
  1.485017932657272E-025
  1.473719202125035E-025
  1.462476549569906E-025
  1.451290012845713E-025
  1.440159627398617E-025
  1.429085424112434E-025
  1.418067432307133E-025
  1.407105679943673E-025
  1.396200189014103E-025
  1.385350980806116E-025
  1.374558074783790E-025
  1.363821484760076E-025
  1.353141224150149E-025
  1.342517302675937E-025
  1.331949726936704E-025
  1.321438501521479E-025
  1.310983627882756E-025
  1.300585104040086E-025
  1.290242926038816E-025
  1.279957086787835E-025
  1.269727575985343E-025
  1.259554381343165E-025
  1.249437486037918E-025
  1.239376873153536E-025
  1.229372519799612E-025
  1.219424401911409E-025
  1.209532493498104E-025
  1.199696763056138E-025
  1.189917178695181E-025
  1.180193703950890E-025
  1.170526300453456E-025
  1.160914926693129E-025
  1.151359538179906E-025
  1.141860088027369E-025
  1.132416525146133E-025
  1.123028797163203E-025
  1.113696848253926E-025
  1.104420618853680E-025
  1.095200048431651E-025
  1.086035071607187E-025
  1.076925621852223E-025
  1.067871627567553E-025
  1.058873017397693E-025
  1.049929714410234E-025
  1.041041639999138E-025
  1.032208712977476E-025
  1.023430848514420E-025
  1.014707960570444E-025
  1.006039957581389E-025
  9.974267487414698E-026
  9.888682369951384E-026
  9.803643252351798E-026
  9.719149114668462E-026
  9.635198936182262E-026
  9.551791637605322E-026
  9.468926137205154E-026
  9.386601313798221E-026
  9.304816030271716E-026
  9.223569107281380E-026
  9.142859354928317E-026
  9.062685547936563E-026
  8.983046442223388E-026
  8.903940754753260E-026
  8.825367198577003E-026
  8.747324439303844E-026
  8.669811134332630E-026
  8.592825901474482E-026
  8.516367353274504E-026
  8.440434054730371E-026
  8.365024568490208E-026
  8.290137415420664E-026
  8.215771112619523E-026
  8.141924126906279E-026
  8.068594932007709E-026
  7.995781952636472E-026
  7.923483616426848E-026
  7.851698298662110E-026
  7.780424385404665E-026
  7.709660211372360E-026
  7.639404116870883E-026
  7.569654395750137E-026
  7.500409337240237E-026
  7.431667211988687E-026
  7.363426252518699E-026
  7.295684698597118E-026
  7.228440737099603E-026
  7.161692576421918E-026
  7.095438364827670E-026
  7.029676259643091E-026
  6.964404390087185E-026
  6.899620863030007E-026
  6.835226976534877E-026
  6.771415254553803E-026
  6.708086116413396E-026
  6.645237595539675E-026
  6.582867721218163E-026
  6.520974509303851E-026
  6.459555943850979E-026
  6.398610026284586E-026
  6.338134706109825E-026
  6.278127941291113E-026
  6.218587669547496E-026
  6.159511810791053E-026
  6.100898288222468E-026
  6.042744984206680E-026
  5.985049786254521E-026
  5.927810568760591E-026
  5.871025189890976E-026
  5.814691504755181E-026
  5.758807342426992E-026
  5.703370521971363E-026
  5.648378875744572E-026
  5.593830196942283E-026
  5.539722276219179E-026
  5.486052908844069E-026
  5.432819856486483E-026
  5.380020895554401E-026
  5.327653791053967E-026
  5.275716276570797E-026
  5.224206111730277E-026
  5.173121020649723E-026
  5.122458726100683E-026
  5.072216962525576E-026
  5.022393432504401E-026
  4.972985832459538E-026
  4.923991889192568E-026
  4.875409276212793E-026
  4.827235690938950E-026
  4.779468819979774E-026
  4.732106344867877E-026
  4.685145923588203E-026
  4.638585260897344E-026
  4.592421994871567E-026
  4.546653808652958E-026
  4.501278346223683E-026
  4.456293290714428E-026
  4.411696276826132E-026
  4.367484963278316E-026
  4.323657015139752E-026
  4.280210062541723E-026
  4.237141766912096E-026
  4.194449773891348E-026
  4.152131742026404E-026
  4.110185293942913E-026
  4.068608098188958E-026
  4.027397796438527E-026
  3.986552020561207E-026
  3.946068440978419E-026
  3.905944694390314E-026
  3.866178434707063E-026
  3.826767306885251E-026
  3.787708965081275E-026
  3.749001077444632E-026
  3.710641283690351E-026
  3.672627246705433E-026
  3.634956640933287E-026
  3.597627113319822E-026
  3.560636347846653E-026
  3.523982003913819E-026
  3.487661762938958E-026
  3.451673309116580E-026
  3.416014306845915E-026
  3.380682458434603E-026
  3.345675458182944E-026
  3.310990984903893E-026
  3.276490361903838E-026
  3.242445443409296E-026
