  6.650006864223858E-025
  6.650006864218014E-025
  6.650006864211974E-025
  6.650006864205737E-025
  6.650006864199279E-025
  6.650006864192608E-025
  6.650006864185713E-025
  6.650006864178590E-025
  6.650006864171224E-025
  6.650006864163606E-025
  6.650006864155736E-025
  6.650006864147600E-025
  6.650006864139188E-025
  6.650006864130493E-025
  6.650006864121511E-025
  6.650006864112217E-025
  6.650006864102618E-025
  6.650006864092694E-025
  6.650006864082430E-025
  6.650006864071825E-025
  6.650006864060864E-025
  6.650006864049537E-025
  6.650006864037825E-025
  6.650006864025714E-025
  6.650006864013201E-025
  6.650006864000263E-025
  6.650006863986896E-025
  6.650006863973070E-025
  6.650006863958781E-025
  6.650006863944012E-025
  6.650006863928744E-025
  6.650006863912964E-025
  6.650006863896657E-025
  6.650006863879794E-025
  6.650006863862366E-025
  6.650006863844351E-025
  6.650006863825731E-025
  6.650006863806483E-025
  6.650006863786583E-025
  6.650006863766017E-025
  6.650006863744758E-025
  6.650006863722780E-025
  6.650006863700065E-025
  6.650006863676583E-025
  6.650006863652315E-025
  6.650006863627226E-025
  6.650006863601296E-025
  6.650006863574486E-025
  6.650006863546777E-025
  6.650006863518136E-025
  6.650006863488530E-025
  6.650006863457925E-025
  6.650006863426289E-025
  6.650006863393592E-025
  6.650006863359791E-025
  6.650006863324854E-025
  6.650006863288737E-025
  6.650006863251408E-025
  6.650006863212816E-025
  6.650006863172933E-025
  6.650006863131694E-025
  6.650006863089079E-025
  6.650006863045025E-025
  6.650006862999485E-025
  6.650006862952412E-025
  6.650006862903757E-025
  6.650006862853459E-025
  6.650006862801475E-025
  6.650006862747734E-025
  6.650006862692185E-025
  6.650006862634763E-025
  6.650006862575415E-025
  6.650006862514061E-025
  6.650006862450647E-025
  6.650006862385089E-025
  6.650006862317333E-025
  6.650006862247291E-025
  6.650006862174886E-025
  6.650006862100045E-025
  6.650006862022686E-025
  6.650006861942724E-025
  6.650006861860067E-025
  6.650006861774629E-025
  6.650006861686311E-025
  6.650006861595015E-025
  6.650006861500651E-025
  6.650006861403106E-025
  6.650006861302279E-025
  6.650006861198060E-025
  6.650006861090328E-025
  6.650006860978966E-025
  6.650006860863861E-025
  6.650006860744873E-025
  6.650006860621882E-025
  6.650006860494740E-025
  6.650006860363326E-025
  6.650006860227488E-025
  6.650006860087075E-025
  6.650006859941930E-025
  6.650006859791899E-025
  6.650006859636812E-025
  6.650006859476515E-025
  6.650006859310807E-025
  6.650006859139521E-025
  6.650006858962472E-025
  6.650006858779458E-025
  6.650006858590288E-025
  6.650006858394736E-025
  6.650006858192610E-025
  6.650006857983672E-025
  6.650006857767698E-025
  6.650006857544452E-025
  6.650006857313693E-025
  6.650006857075158E-025
  6.650006856828592E-025
  6.650006856573727E-025
  6.650006856310274E-025
  6.650006856037954E-025
  6.650006855756459E-025
  6.650006855465490E-025
  6.650006855164720E-025
  6.650006854853826E-025
  6.650006854532459E-025
  6.650006854200271E-025
  6.650006853856897E-025
  6.650006853501959E-025
  6.650006853135077E-025
  6.650006852755828E-025
  6.650006852363820E-025
  6.650006851958604E-025
  6.650006851539747E-025
  6.650006851106785E-025
  6.650006850659241E-025
  6.650006850196626E-025
  6.650006849718436E-025
  6.650006849224139E-025
  6.650006848713208E-025
  6.650006848185061E-025
  6.650006847639133E-025
  6.650006847074822E-025
  6.650006846491510E-025
  6.650006845888557E-025
  6.650006845265295E-025
  6.650006844621044E-025
  6.650006843955107E-025
  6.650006843266741E-025
  6.650006842555197E-025
  6.650006841819689E-025
  6.650006841059416E-025
  6.650006840273540E-025
  6.650006839461203E-025
  6.650006838621512E-025
  6.650006837753542E-025
  6.650006836856350E-025
  6.650006835928939E-025
  6.650006834970305E-025
  6.650006833979389E-025
  6.650006832955106E-025
  6.650006831896326E-025
  6.650006830801897E-025
  6.650006829670614E-025
  6.650006828501237E-025
  6.650006827292484E-025
  6.650006826043025E-025
  6.650006824751493E-025
  6.650006823416473E-025
  6.650006822036497E-025
  6.650006820610051E-025
  6.650006819135571E-025
  6.650006817611439E-025
  6.650006816035988E-025
  6.650006814407482E-025
  6.650006812724139E-025
  6.650006810984112E-025
  6.650006809185493E-025
  6.650006807326304E-025
  6.650006805404511E-025
  6.650006803418005E-025
  6.650006801364604E-025
  6.650006799242063E-025
  6.650006797048047E-025
  6.650006794780145E-025
  6.650006792435881E-025
  6.650006790012668E-025
  6.650006787507866E-025
  6.650006784918715E-025
  6.650006782242379E-025
  6.650006779475917E-025
  6.650006776616299E-025
  6.650006773660390E-025
  6.650006770604942E-025
  6.650006767446603E-025
  6.650006764181916E-025
  6.650006760807299E-025
  6.650006757319039E-025
  6.650006753713317E-025
  6.650006749986176E-025
  6.650006746133540E-025
  6.650006742151162E-025
  6.650006738034680E-025
  6.650006733779586E-025
  6.650006729381206E-025
  6.650006724834720E-025
  6.650006720135131E-025
  6.650006715277289E-025
  6.650006710255871E-025
  6.650006705065360E-025
  6.650006699700065E-025
  6.650006694154102E-025
  6.650006688421392E-025
  6.650006682495632E-025
  6.650006676370333E-025
  6.650006670038774E-025
  6.650006663494005E-025
  6.650006656728849E-025
  6.650006649735888E-025
  6.650006642507450E-025
  6.650006635035606E-025
  6.650006627312146E-025
  6.650006619328619E-025
  6.650006611076258E-025
  6.650006602546009E-025
  6.650006593728512E-025
  6.650006584614097E-025
  6.650006575192770E-025
  6.650006565454184E-025
  6.650006555387671E-025
  6.650006544982179E-025
  6.650006534226297E-025
  6.650006523108227E-025
  6.650006511615767E-025
  6.650006499736316E-025
  6.650006487456838E-025
  6.650006474763867E-025
  6.650006461643478E-025
  6.650006448081278E-025
  6.650006434062386E-025
  6.650006419571431E-025
  6.650006404592509E-025
  6.650006389109185E-025
  6.650006373104490E-025
  6.650006356560854E-025
  6.650006339460134E-025
  6.650006321783570E-025
  6.650006303511776E-025
  6.650006284624698E-025
  6.650006265101627E-025
  6.650006244921134E-025
  6.650006224061101E-025
  6.650006202498625E-025
  6.650006180210065E-025
  6.650006157170964E-025
  6.650006133356060E-025
  6.650006108739216E-025
  6.650006083293431E-025
  6.650006056990792E-025
  6.650006029802452E-025
  6.650006001698574E-025
  6.650005972648342E-025
  6.650005942619878E-025
  6.650005911580248E-025
  6.650005879495397E-025
  6.650005846330131E-025
  6.650005812048070E-025
  6.650005776611605E-025
  6.650005739981864E-025
  6.650005702118667E-025
  6.650005662980478E-025
  6.650005622524360E-025
  6.650005580705938E-025
  6.650005537479334E-025
  6.650005492797130E-025
  6.650005446610320E-025
  6.650005398868221E-025
  6.650005349518480E-025
  6.650005298506943E-025
  6.650005245777665E-025
  6.650005191272799E-025
  6.650005134932549E-025
  6.650005076695125E-025
  6.650005016496623E-025
  6.650004954271022E-025
  6.650004889950060E-025
  6.650004823463167E-025
  6.650004754737419E-025
  6.650004683697426E-025
  6.650004610265256E-025
  6.650004534360354E-025
  6.650004455899451E-025
  6.650004374796486E-025
  6.650004290962487E-025
  6.650004204305485E-025
  6.650004114730425E-025
  6.650004022139050E-025
  6.650003926429779E-025
  6.650003827497625E-025
  6.650003725234058E-025
  6.650003619526910E-025
  6.650003510260209E-025
  6.650003397314098E-025
  6.650003280564677E-025
  6.650003159883869E-025
  6.650003035139302E-025
  6.650002906194127E-025
  6.650002772906895E-025
  6.650002635131390E-025
  6.650002492716475E-025
  6.650002345505933E-025
  6.650002193338273E-025
  6.650002036046567E-025
  6.650001873458264E-025
  6.650001705395025E-025
  6.650001531672476E-025
  6.650001352100056E-025
  6.650001166480768E-025
  6.650000974610997E-025
  6.650000776280274E-025
  6.650000571271016E-025
  6.650000359358353E-025
  6.650000140309811E-025
  6.649999913885096E-025
  6.649999679835837E-025
  6.649999437905274E-025
  6.649999187828018E-025
  6.649998929329745E-025
  6.649998662126893E-025
  6.649998385926331E-025
  6.649998100425087E-025
  6.649997805309972E-025
  6.649997500257239E-025
  6.649997184932266E-025
  6.649996858989145E-025
  6.649996522070318E-025
  6.649996173806200E-025
  6.649995813814747E-025
  6.649995441701062E-025
  6.649995057056947E-025
  6.649994659460447E-025
  6.649994248475421E-025
  6.649993823651018E-025
  6.649993384521210E-025
  6.649992930604298E-025
  6.649992461402331E-025
  6.649991976400616E-025
  6.649991475067113E-025
  6.649990956851868E-025
  6.649990421186416E-025
  6.649989867483137E-025
  6.649989295134639E-025
  6.649988703513063E-025
  6.649988091969421E-025
  6.649987459832858E-025
  6.649986806409939E-025
  6.649986130983864E-025
  6.649985432813723E-025
  6.649984711133626E-025
  6.649983965151904E-025
  6.649983194050247E-025
  6.649982396982765E-025
  6.649981573075090E-025
  6.649980721423424E-025
  6.649979841093530E-025
  6.649978931119685E-025
  6.649977990503676E-025
  6.649977018213682E-025
  6.649976013183111E-025
  6.649974974309470E-025
  6.649973900453141E-025
  6.649972790436127E-025
  6.649971643040764E-025
  6.649970457008391E-025
  6.649969231037950E-025
  6.649967963784585E-025
  6.649966653858147E-025
  6.649965299821682E-025
  6.649963900189829E-025
  6.649962453427233E-025
  6.649960957946837E-025
  6.649959412108124E-025
  6.649957814215346E-025
  6.649956162515661E-025
  6.649954455197191E-025
  6.649952690386961E-025
  6.649950866149195E-025
  6.649948980482295E-025
  6.649947031318771E-025
  6.649945016520284E-025
  6.649942933876201E-025
  6.649940781097602E-025
  6.649938555834569E-025
  6.649936255638962E-025
  6.649933877979413E-025
  6.649931420253547E-025
  6.649928879748597E-025
  6.649926253724518E-025
  6.649923539276241E-025
  6.649920733181414E-025
  6.649917833434317E-025
  6.649914835766243E-025
  6.649911736184618E-025
  6.649908533491500E-025
  6.649905223612143E-025
  6.649901799493736E-025
  6.649898256316635E-025
  6.649894607323257E-025
  6.649890817446878E-025
  6.649886930698512E-025
  6.649882845387760E-025
  6.649878707043497E-025
  6.649874409115313E-025
  6.649869918619449E-025
  6.649865257469244E-025
  6.649860480469769E-025
  6.649855560902835E-025
  6.649850636047752E-025
  6.649845418300152E-025
  6.649839810374050E-025
  6.649833938058265E-025
  6.649828881354904E-025
  6.649822564446901E-025
  6.649815891551836E-025
  6.649809320026110E-025
  6.649803758117252E-025
  6.649795653193817E-025
  6.649787603604855E-025
  6.649781116763138E-025
  6.649774309799592E-025
  6.649767596676187E-025
  6.649759995601931E-025
  6.649748833217883E-025
  6.649740077193583E-025
  6.649731655705858E-025
  6.649722537779295E-025
  6.649714450076146E-025
  6.649702219678779E-025
  6.649691151502549E-025
  6.649685744758010E-025
  6.649665892107815E-025
  6.649662482531260E-025
  6.649646966189641E-025
  6.649637577417838E-025
  6.649632811692713E-025
  6.649612482617882E-025
  6.649605552710884E-025
  6.649583044591214E-025
  6.649566942965337E-025
  6.649551932873000E-025
  6.649538209407516E-025
  6.649527671380445E-025
  6.649510734830053E-025
  6.649488372995072E-025
  6.649472776011935E-025
  6.649445217106745E-025
  6.649437158674480E-025
  6.649420847513016E-025
  6.649415718400769E-025
  6.649385895611888E-025
  6.649368729895468E-025
  6.649336598831471E-025
  6.649324904162451E-025
  6.649289738873922E-025
  6.649278551571672E-025
  6.649252681609855E-025
  6.649215022640121E-025
  6.649185899224032E-025
  6.649160031722858E-025
  6.649127810767347E-025
  6.649109435661768E-025
  6.649072872347869E-025
  6.649053301561328E-025
  6.649014674446522E-025
  6.648961548837254E-025
  6.648942289900762E-025
  6.648903923108063E-025
  6.648858080905322E-025
  6.648824772068875E-025
  6.648795566458347E-025
  6.648740824726951E-025
  6.648700674165354E-025
  6.648650164516122E-025
  6.648609930835841E-025
  6.648567420433417E-025
  6.648521636993486E-025
  6.648466709159571E-025
  6.648417365643329E-025
  6.648369509043828E-025
  6.648303786625219E-025
  6.648252256375603E-025
  6.648186549203648E-025
  6.648135414296728E-025
  6.648070871683367E-025
  6.648001994041656E-025
  6.647934579258481E-025
  6.647869585817897E-025
  6.647800310041604E-025
  6.647718241463900E-025
  6.647649717304100E-025
  6.647564411189730E-025
  6.647480576419522E-025
  6.647398881688212E-025
  6.647310028144349E-025
  6.647219316946244E-025
  6.647131208724077E-025
  6.647025279435552E-025
  6.646928835383790E-025
  6.646826291618435E-025
  6.646719545472466E-025
  6.646604855703594E-025
  6.646493611650149E-025
  6.646376972658651E-025
  6.646253732294751E-025
  6.646125453052029E-025
  6.645993861398549E-025
  6.645864231024865E-025
  6.645721972165122E-025
  6.645579168808730E-025
  6.645430105929439E-025
  6.645277563206633E-025
  6.645118881550775E-025
  6.644955810046023E-025
  6.644782596999479E-025
  6.644608284444174E-025
  6.644426144330764E-025
  6.644240089211858E-025
  6.644044771137811E-025
  6.643843337346985E-025
  6.643636635580776E-025
  6.643423256691555E-025
  6.643200920021123E-025
  6.642972559833182E-025
  6.642735713145023E-025
  6.642490764423072E-025
  6.642239428256165E-025
  6.641977348098738E-025
  6.641707850660905E-025
  6.641429885498412E-025
  6.641141387480994E-025
  6.640842975859918E-025
  6.640536233276550E-025
  6.640217324952944E-025
  6.639889043383746E-025
  6.639549424286387E-025
  6.639198657647811E-025
  6.638835514497350E-025
  6.638460605444871E-025
  6.638072839517391E-025
  6.637672343271357E-025
  6.637259344518833E-025
  6.636831218201576E-025
  6.636389083766968E-025
  6.635932477585723E-025
  6.635460734093049E-025
  6.634973266129103E-025
  6.634468956714306E-025
  6.633948543243361E-025
  6.633410224249078E-025
  6.632853804539957E-025
  6.632279353884522E-025
  6.631685454468092E-025
  6.631072237561491E-025
  6.630438221464318E-025
  6.629783135279150E-025
  6.629106021136396E-025
  6.628406792961094E-025
  6.627683874912388E-025
  6.626937424141633E-025
  6.626166057965466E-025
  6.625369030477382E-025
  6.624545514233745E-025
  6.623694731202922E-025
  6.622815687666382E-025
  6.621907435162704E-025
  6.620969222182107E-025
  6.619999882198460E-025
  6.618998653308824E-025
  6.617964115190027E-025
  6.616895390865540E-025
  6.615791580289719E-025
  6.614651312854966E-025
  6.613473295202397E-025
  6.612256573260194E-025
  6.610999755814326E-025
  6.609701513534151E-025
  6.608360684584849E-025
  6.606975809927562E-025
  6.605545465889178E-025
  6.604068178622913E-025
  6.602542467261872E-025
  6.600966903522070E-025
  6.599339712598180E-025
  6.597659429139697E-025
  6.595924222177960E-025
  6.594132509388244E-025
  6.592282374396060E-025
  6.590372025803674E-025
  6.588399622394916E-025
  6.586363166094378E-025
  6.584260699364727E-025
  6.582090148757808E-025
  6.579849389818785E-025
  6.577536261327242E-025
  6.575148529856502E-025
  6.572683905292434E-025
  6.570140008364473E-025
  6.567514407523503E-025
  6.564804621026166E-025
  6.562008109207502E-025
  6.559122220150685E-025
  6.556144265561533E-025
  6.553071491361804E-025
  6.549901030481432E-025
  6.546629980210271E-025
  6.543255351510398E-025
  6.539774080490757E-025
  6.536183014960420E-025
  6.532478956726198E-025
  6.528658597286929E-025
  6.524718555316931E-025
  6.520655363190407E-025
  6.516465497560874E-025
  6.512145326231784E-025
  6.507691144566008E-025
  6.503099170352260E-025
  6.498365519775411E-025
  6.493486243452552E-025
  6.488457297287150E-025
  6.483274548470921E-025
  6.477933795406438E-025
  6.472430737333977E-025
  6.466760995054898E-025
  6.460920101576295E-025
  6.454903509078802E-025
  6.448706587605883E-025
  6.442324623001206E-025
  6.435752820671775E-025
  6.428986308312752E-025
  6.422020131549734E-025
  6.414849261267521E-025
  6.407468596712316E-025
  6.399872960344331E-025
  6.392057104707807E-025
  6.384015717198361E-025
  6.375743418385053E-025
  6.367234768402400E-025
  6.358484268006054E-025
  6.349486365036339E-025
  6.340235454762307E-025
  6.330725888438246E-025
  6.320951974329755E-025
  6.310907983782603E-025
  6.300588158273464E-025
  6.289986711793150E-025
  6.279097839035083E-025
  6.267915721090504E-025
  6.256434531299213E-025
  6.244648443517356E-025
  6.232551637253338E-025
  6.220138307779349E-025
  6.207402672157985E-025
  6.194338977980969E-025
  6.180941512021122E-025
  6.167204609042846E-025
  6.153122660927398E-025
  6.138690125867260E-025
  6.123901538669290E-025
  6.108751520044416E-025
  6.093234787393701E-025
  6.077346164745393E-025
  6.061080594052351E-025
  6.044433145442004E-025
  6.027399028568817E-025
  6.009973603734746E-025
  5.992152393035140E-025
  5.973931091767661E-025
  5.955305580000220E-025
  5.936271933641865E-025
  5.916826436047151E-025
  5.896965589452760E-025
  5.876686125884698E-025
  5.855985018677373E-025
  5.834859493118199E-025
  5.813307037348908E-025
  5.791325412746285E-025
  5.768912664191797E-025
  5.746067129844770E-025
  5.722787450734306E-025
  5.699072579682028E-025
  5.674921789960596E-025
  5.650334683373117E-025
  5.625311197776803E-025
  5.599851614059430E-025
  5.573956562434550E-025
  5.547627028174382E-025
  5.520864356538541E-025
  5.493670257061831E-025
  5.466046807046310E-025
  5.437996454277687E-025
  5.409522018958667E-025
  5.380626694765555E-025
  5.351314049124472E-025
  5.321588022561741E-025
  5.291452927246269E-025
  5.260913444603490E-025
  5.229974622078808E-025
  5.198641869021312E-025
  5.166920951671941E-025
  5.134817987316568E-025
  5.102339437559742E-025
  5.069492100788901E-025
  5.036283103806518E-025
  5.002719892683841E-025
  4.968810222853682E-025
  4.934562148479142E-025
  4.899984011132441E-025
  4.865084427821973E-025
  4.829872278413409E-025
  4.794356692492350E-025
  4.758547035705555E-025
  4.722452895649504E-025
  4.686084067341723E-025
  4.649450538336610E-025
  4.612562473542821E-025
  4.575430199795282E-025
  4.538064190238014E-025
  4.500475048581145E-025
  4.462673493283074E-025
  4.424670341717255E-025
  4.386476494383154E-025
  4.348102919210174E-025
  4.309560636014758E-025
  4.270860701159130E-025
  4.232014192462654E-025
  4.193032194415580E-025
  4.153925783738521E-025
  4.114706015331360E-025
  4.075383908651783E-025
  4.035970434559860E-025
  3.996476502662520E-025
  3.956912949187095E-025
  3.917290525411810E-025
  3.877619886675716E-025
  3.837911581987039E-025
  3.798176044246644E-025
  3.758423581098269E-025
  3.718664366414228E-025
  3.678908432421687E-025
  3.639165662471390E-025
  3.599445784446639E-025
  3.559758364808218E-025
  3.520112803267026E-025
  3.480518328073391E-025
  3.440983991909901E-025
  3.401518668371282E-025
  3.362131049013321E-025
  3.322829640949533E-025
  3.283622764974196E-025
  3.244518554186552E-025
  3.205524953091495E-025
  3.166649717149278E-025
  3.127900412746978E-025
  3.089284417562835E-025
  3.050808921294509E-025
  3.012480926721800E-025
  2.974307251074237E-025
  2.936294527674052E-025
  2.898449207825294E-025
  2.860777562920253E-025
  2.823285686734988E-025
  2.785979497886481E-025
  2.748864742424852E-025
  2.711946996534985E-025
  2.675231669323294E-025
  2.638724005666179E-025
  2.602429089098470E-025
  2.566351844721215E-025
  2.530497042109725E-025
  2.494869298204293E-025
  2.459473080167452E-025
  2.424312708193204E-025
  2.389392358255134E-025
  2.354716064781974E-025
  2.320287723250447E-025
  2.286111092687031E-025
  2.252189798071457E-025
  2.218527332636308E-025
  2.185127060058345E-025
  2.151992216538631E-025
  2.119125912769575E-025
  2.086531135788325E-025
  2.054210750716994E-025
  2.022167502391120E-025
  1.990404016878923E-025
  1.958922802894544E-025
  1.927726253109408E-025
  1.896816645366402E-025
  1.866196143802343E-025
  1.835866799884591E-025
  1.805830553368192E-025
  1.776089233180365E-025
  1.746644558239287E-025
  1.717498138214569E-025
  1.688651474236830E-025
  1.660105959563928E-025
  1.631862880211404E-025
  1.603923415554736E-025
  1.576288638910880E-025
  1.548959518106375E-025
  1.521936916039287E-025
  1.495221591241823E-025
  1.468814198450385E-025
  1.442715289189423E-025
  1.416925312375157E-025
  1.391444614944879E-025
  1.366273442517211E-025
  1.341411940088244E-025
  1.316860152768147E-025
  1.292618026562358E-025
  1.268685409201077E-025
  1.245062051020380E-025
  1.221747605897777E-025
  1.198741632244708E-025
  1.176043594057902E-025
  1.153652862031304E-025
  1.131568714729686E-025
  1.109790339824772E-025
  1.088316835394299E-025
  1.067147211284003E-025
  1.046280390532309E-025
  1.025715210856999E-025
  1.005450426202942E-025
  9.854847083495797E-026
  9.658166485766573E-026
  9.464447593863702E-026
  9.273674762798627E-026
  9.085831595858419E-026
  8.900900963387754E-026
  8.718865022040793E-026
  8.539705234474302E-026
  8.363402389452735E-026
  8.189936622334235E-026
  8.019287435905964E-026
  7.851433721535938E-026
  7.686353780608085E-026
  7.524025346206780E-026
  7.364425605016448E-026
  7.207531219402290E-026
  7.053318349637455E-026
  6.901762676242769E-026
  6.752839422404594E-026
  6.606523376437823E-026
  6.462788914260313E-026
  6.321610021846814E-026
  6.182960317630216E-026
  6.046813074819180E-026
  5.913141243602247E-026
  5.781917473208993E-026
  5.653114133800184E-026
  5.526703338159695E-026
  5.402656963162408E-026
  5.280946670993074E-026
  5.161543930092596E-026
  5.044420035809341E-026
  4.929546130734172E-026
  4.816893224699485E-026
  4.706432214423545E-026
  4.598133902782737E-026
  4.491969017695627E-026
  4.387908230604181E-026
  4.285922174538422E-026
  4.185981461752321E-026
  4.088056700919933E-026
  3.992118513881657E-026
  3.898137551932288E-026
  3.806084511643112E-026
  3.715930150211832E-026
  3.627645300334803E-026
  3.541200884597643E-026
  3.456567929380852E-026
  3.373717578278239E-026
  3.292621105027053E-026
  3.213249925949227E-026
  3.135575611904561E-026
  3.059569899757047E-026
  2.985204703356542E-026
  2.912452124038658E-026
  2.841284460646632E-026
  2.771674219079324E-026
  2.703594121370355E-026
  2.637017114303900E-026
  2.571916377573101E-026
  2.508265331487838E-026
  2.446037644238730E-026
  2.385207238725014E-026
  2.325748298953953E-026
  2.267635276020249E-026
  2.210842893673853E-026
  2.155346153485054E-026
  2.101120339616044E-026
  2.048141023208116E-026
  1.996384066394254E-026
  1.945825625946602E-026
  1.896442156568843E-026
  1.848210413843263E-026
  1.801107456842701E-026
  1.755110650417401E-026
  1.710197667166921E-026
  1.666346489107332E-026
  1.623535409043749E-026
  1.581743031658466E-026
  1.540948274324734E-026
  1.501130367656234E-026
  1.462268855802206E-026
  1.424343596498165E-026
  1.387334760881966E-026
  1.351222833084865E-026
  1.315988609607180E-026
  1.281613198487881E-026
  1.248078018277467E-026
  1.215364796823134E-026
  1.183455569875294E-026
  1.152332679524074E-026
  1.121978772474529E-026
  1.092376798168890E-026
  1.063510006764095E-026
  1.035361946972664E-026
  1.007916463774673E-026
  9.811576960085690E-027
  9.550700738481647E-027
  9.296383161731020E-027
  9.048474278397979E-027
  8.806826968596598E-027
  8.571296914912428E-027
  8.341742572527173E-027
  8.118025138608740E-027
  7.900008521026365E-027
  7.687559306449279E-027
  7.480546727884489E-027
  7.278842631707761E-027
  7.082321444240047E-027
  6.890860137918908E-027
  6.704338197113683E-027
  6.522637583630157E-027
  6.345642701949602E-027
  6.173240364244127E-027
  6.005319755209802E-027
  5.841772396756113E-027
  5.682492112589159E-027
  5.527374992724361E-027
  5.376319357962258E-027
  5.229225724360289E-027
  5.085996767730822E-027
  4.946537288195152E-027
  4.810754174820755E-027
  4.678556370368641E-027
  4.549854836175328E-027
  4.424562517193195E-027
  4.302594307211450E-027
  4.183867014278462E-027
  4.068299326345477E-027
  3.955811777149929E-027
  3.846326712355952E-027
  3.739768255967975E-027
  3.636062277032892E-027
  3.535136356644655E-027
  3.436919755264404E-027
  3.341343380368365E-027
  3.248339754434429E-027
  3.157842983277959E-027
  3.069788724746054E-027
  2.984114157778928E-027
  2.900757951846073E-027
  2.819660236764387E-027
  2.740762572904420E-027
  2.664007921790384E-027
  2.589340617098866E-027
  2.516706336060409E-027
  2.446052071267826E-027
  2.377326102894175E-027
  2.310477971323047E-027
  2.245458450193046E-027
  2.182219519858165E-027
  2.120714341264917E-027
  2.060897230246940E-027
  2.002723632237180E-027
  1.946150097397360E-027
  1.891134256164257E-027
  1.837634795211657E-027
  1.785611433826776E-027
  1.735024900699386E-027
  1.685836911121820E-027
  1.638010144597590E-027
  1.591508222856064E-027
  1.546295688270591E-027
  1.502337982676951E-027
  1.459601426589098E-027
  1.418053198808702E-027
  1.377661316424998E-027
  1.338394615201117E-027
  1.300222730343090E-027
  1.263116077647432E-027
  1.227045835023127E-027
