  6.649999984267013E-025
  6.649999983794793E-025
  6.649999983308071E-025
  6.649999982806489E-025
  6.649999982289323E-025
  6.649999981756245E-025
  6.649999981206552E-025
  6.649999980640185E-025
  6.649999980056403E-025
  6.649999979454414E-025
  6.649999978833708E-025
  6.649999978194131E-025
  6.649999977534848E-025
  6.649999976854948E-025
  6.649999976154302E-025
  6.649999975432138E-025
  6.649999974687726E-025
  6.649999973920245E-025
  6.649999973129204E-025
  6.649999972314002E-025
  6.649999971473115E-025
  6.649999970606692E-025
  6.649999969713527E-025
  6.649999968792790E-025
  6.649999967843771E-025
  6.649999966865255E-025
  6.649999965856827E-025
  6.649999964817185E-025
  6.649999963745432E-025
  6.649999962640714E-025
  6.649999961502081E-025
  6.649999960328180E-025
  6.649999959118134E-025
  6.649999957870659E-025
  6.649999956585048E-025
  6.649999955259693E-025
  6.649999953893242E-025
  6.649999952484994E-025
  6.649999951033107E-025
  6.649999949536450E-025
  6.649999947993829E-025
  6.649999946403596E-025
  6.649999944764559E-025
  6.649999943074508E-025
  6.649999941332914E-025
  6.649999939537291E-025
  6.649999937686392E-025
  6.649999935778276E-025
  6.649999933811565E-025
  6.649999931784102E-025
  6.649999929694131E-025
  6.649999927539869E-025
  6.649999925319229E-025
  6.649999923029972E-025
  6.649999920670465E-025
  6.649999918237921E-025
  6.649999915730523E-025
  6.649999913145933E-025
  6.649999910481428E-025
  6.649999907735230E-025
  6.649999904903786E-025
  6.649999901985268E-025
  6.649999898977023E-025
  6.649999895875749E-025
  6.649999892679344E-025
  6.649999889383761E-025
  6.649999885987155E-025
  6.649999882485617E-025
  6.649999878875893E-025
  6.649999875155429E-025
  6.649999871320365E-025
  6.649999867366757E-025
  6.649999863291513E-025
  6.649999859090985E-025
  6.649999854760747E-025
  6.649999850297625E-025
  6.649999845697176E-025
  6.649999840955321E-025
  6.649999836068033E-025
  6.649999831031230E-025
  6.649999825839977E-025
  6.649999820490465E-025
  6.649999814977862E-025
  6.649999809298068E-025
  6.649999803446172E-025
  6.649999797418166E-025
  6.649999791209117E-025
  6.649999784814780E-025
  6.649999778230240E-025
  6.649999771451388E-025
  6.649999764474080E-025
  6.649999757293700E-025
  6.649999749905383E-025
  6.649999742305785E-025
  6.649999734489951E-025
  6.649999726453789E-025
  6.649999718193057E-025
  6.649999709703228E-025
  6.649999700979999E-025
  6.649999692018300E-025
  6.649999682814494E-025
  6.649999673362874E-025
  6.649999663658001E-025
  6.649999653695256E-025
  6.649999643468147E-025
  6.649999632970479E-025
  6.649999622196075E-025
  6.649999611136940E-025
  6.649999599785918E-025
  6.649999588134518E-025
  6.649999576173522E-025
  6.649999563893999E-025
  6.649999551285003E-025
  6.649999538336013E-025
  6.649999525034787E-025
  6.649999511369371E-025
  6.649999497326634E-025
  6.649999482892394E-025
  6.649999468051887E-025
  6.649999452790186E-025
  6.649999437090916E-025
  6.649999420937419E-025
  6.649999404312591E-025
  6.649999387197364E-025
  6.649999369574069E-025
  6.649999351422163E-025
  6.649999332723119E-025
  6.649999313454437E-025
  6.649999293596696E-025
  6.649999273126785E-025
  6.649999252023020E-025
  6.649999230262145E-025
  6.649999207820967E-025
  6.649999184675388E-025
  6.649999160802185E-025
  6.649999136174699E-025
  6.649999110768948E-025
  6.649999084557931E-025
  6.649999057516101E-025
  6.649999029616224E-025
  6.649999000830902E-025
  6.649998971132561E-025
  6.649998940493037E-025
  6.649998908883290E-025
  6.649998876273997E-025
  6.649998842636391E-025
  6.649998807938530E-025
  6.649998772151936E-025
  6.649998735243602E-025
  6.649998697183075E-025
  6.649998657936902E-025
  6.649998617471649E-025
  6.649998575754661E-025
  6.649998532750993E-025
  6.649998488424673E-025
  6.649998442740194E-025
  6.649998395659993E-025
  6.649998347145526E-025
  6.649998297156574E-025
  6.649998245653242E-025
  6.649998192592604E-025
  6.649998137930931E-025
  6.649998081621951E-025
  6.649998023619877E-025
  6.649997963874763E-025
  6.649997902335205E-025
  6.649997838948595E-025
  6.649997773658969E-025
