  6.649607489647446E-025
  6.649611413395348E-025
  6.649614880139767E-025
  6.649614984761933E-025
  6.649608084002390E-025
  6.649604055851893E-025
  6.649610222110736E-025
  6.649606692791749E-025
  6.649597243471412E-025
  6.649604665409408E-025
  6.649593922397232E-025
  6.649604086310841E-025
  6.649601963469826E-025
  6.649603459865808E-025
  6.649596268106199E-025
  6.649593072619293E-025
  6.649586136529162E-025
  6.649595143147253E-025
  6.649595923730973E-025
  6.649589554692442E-025
  6.649593463105363E-025
  6.649582404924141E-025
  6.649578414991376E-025
  6.649581617284471E-025
  6.649582020855944E-025
  6.649580644230074E-025
  6.649582524780116E-025
  6.649579081728158E-025
  6.649581838588083E-025
  6.649575649755885E-025
  6.649572086999394E-025
  6.649571696290126E-025
  6.649574751633526E-025
  6.649567945357494E-025
  6.649564105862760E-025
  6.649568332605169E-025
  6.649559608004831E-025
  6.649559680076425E-025
  6.649561155888547E-025
  6.649556998700388E-025
  6.649557567483156E-025
  6.649569303603753E-025
  6.649562111170553E-025
  6.649560581567973E-025
  6.649550953021143E-025
  6.649550913824316E-025
  6.649561201474412E-025
  6.649552828295286E-025
  6.649552556949747E-025
  6.649542592451946E-025
  6.649553857302552E-025
  6.649541742750674E-025
  6.649534175717482E-025
  6.649535614544269E-025
  6.649540894268931E-025
  6.649546469550068E-025
  6.649539524898463E-025
  6.649546478676500E-025
  6.649526953974060E-025
  6.649526858447860E-025
  6.649542886871041E-025
  6.649525595218035E-025
  6.649538532463123E-025
  6.649534022391052E-025
  6.649542833228380E-025
  6.649519832270312E-025
  6.649525156318186E-025
  6.649520721158108E-025
  6.649514493228086E-025
  6.649505639413729E-025
  6.649518838922981E-025
  6.649522350897594E-025
  6.649507034888913E-025
  6.649514174783734E-025
  6.649500399609496E-025
  6.649509425347379E-025
  6.649514263111680E-025
  6.649508576945683E-025
  6.649498274428158E-025
  6.649497438426761E-025
  6.649508413957544E-025
  6.649493838242525E-025
  6.649495675239689E-025
  6.649497206294159E-025
  6.649492480191281E-025
  6.649486362089950E-025
  6.649494321253557E-025
  6.649487753417978E-025
  6.649492481674321E-025
  6.649492596461352E-025
  6.649483939903943E-025
  6.649470553865853E-025
  6.649487747658280E-025
  6.649478280039739E-025
  6.649491608897102E-025
  6.649486565628407E-025
  6.649479348095398E-025
  6.649476321249744E-025
  6.649473335477488E-025
  6.649466380856075E-025
  6.649473377906987E-025
  6.649470963695433E-025
  6.649467428502076E-025
  6.649465634789065E-025
  6.649474333843185E-025
  6.649476221603808E-025
  6.649455072455503E-025
  6.649467044625887E-025
  6.649445349894234E-025
  6.649473121369737E-025
  6.649461984078280E-025
  6.649453792599558E-025
  6.649450608383862E-025
  6.649441246782541E-025
  6.649442484553298E-025
  6.649446201899154E-025
  6.649435821157249E-025
  6.649439366672787E-025
  6.649435716213940E-025
  6.649428520106571E-025
  6.649444030679119E-025
  6.649440477981183E-025
  6.649433145152784E-025
  6.649410697734181E-025
  6.649434651952011E-025
  6.649432002532064E-025
  6.649423194348257E-025
  6.649420932411848E-025
  6.649425658322695E-025
  6.649422473396366E-025
  6.649421379744307E-025
  6.649406329191091E-025
  6.649403902795613E-025
  6.649411499984546E-025
  6.649420169056378E-025
  6.649412649533171E-025
  6.649396162305226E-025
  6.649412777627124E-025
  6.649402128953616E-025
  6.649406519286975E-025
  6.649397857277669E-025
  6.649407502149353E-025
  6.649414559156060E-025
  6.649412521543665E-025
  6.649404221383330E-025
  6.649388660167748E-025
  6.649388660803333E-025
  6.649393958581450E-025
  6.649403132548381E-025
  6.649384129006267E-025
  6.649372992711828E-025
  6.649375785940534E-025
  6.649373259202799E-025
  6.649372847029342E-025
  6.649356124024505E-025
  6.649366282020081E-025
  6.649372139029896E-025
  6.649353055509600E-025
  6.649361456011283E-025
  6.649355344822336E-025
  6.649359991723319E-025
  6.649353677638040E-025
  6.649352181547551E-025
  6.649358577324769E-025
  6.649356749852728E-025
  6.649357518841993E-025
  6.649360111187738E-025
  6.649347679117495E-025
  6.649346549275266E-025
  6.649331913165137E-025
  6.649343922771042E-025
  6.649344669823120E-025
  6.649352327138143E-025
  6.649339555650128E-025
  6.649341973417635E-025
  6.649331805600596E-025
  6.649323236158575E-025
  6.649338711989337E-025
  6.649322871130848E-025
  6.649315743800884E-025
  6.649314075219343E-025
  6.649321451180258E-025
  6.649314431446682E-025
  6.649303354500253E-025
  6.649300955582239E-025
  6.649304578289188E-025
  6.649310542559971E-025
  6.649316756777168E-025
  6.649305579708780E-025
  6.649300577716294E-025
  6.649298266802882E-025
  6.649298753133415E-025
  6.649301035200094E-025
  6.649276200476147E-025
  6.649277561016931E-025
  6.649294242366081E-025
  6.649278342989653E-025
  6.649284438148500E-025
  6.649286259007089E-025
  6.649290703976143E-025
  6.649276274985089E-025
  6.649290008102016E-025
  6.649280165499703E-025
  6.649267648018519E-025
  6.649273887623713E-025
  6.649274088087940E-025
  6.649269704697530E-025
  6.649259603626724E-025
  6.649251082107490E-025
  6.649260318561777E-025
  6.649244545794362E-025
  6.649261704005989E-025
  6.649259347635978E-025
  6.649252450662758E-025
  6.649233615596087E-025
  6.649247362834182E-025
  6.649240733888266E-025
  6.649234757800119E-025
  6.649234185364084E-025
  6.649234164395526E-025
  6.649239202942834E-025
  6.649235494055915E-025
  6.649233127535864E-025
  6.649230927093270E-025
  6.649235102564455E-025
  6.649215801912619E-025
  6.649215793310051E-025
  6.649212552901369E-025
  6.649214282434316E-025
  6.649212410472633E-025
  6.649212478670281E-025
  6.649211415490299E-025
  6.649207046857089E-025
  6.649205098091179E-025
  6.649208520653739E-025
  6.649207103848471E-025
  6.649192160774901E-025
  6.649187914453533E-025
  6.649186956012635E-025
  6.649195554868290E-025
  6.649202085723760E-025
  6.649169502938188E-025
  6.649181745541468E-025
  6.649168202611916E-025
  6.649172680062543E-025
  6.649178459445255E-025
  6.649173459166203E-025
  6.649168872979080E-025
  6.649171317766947E-025
  6.649165906178931E-025
  6.649155241558886E-025
  6.649159424195793E-025
  6.649151704593102E-025
  6.649151951541533E-025
  6.649148965136981E-025
  6.649150293855353E-025
  6.649148078667600E-025
  6.649138957482335E-025
  6.649126886959161E-025
  6.649139212511474E-025
  6.649131996040312E-025
  6.649136313509754E-025
  6.649142202627213E-025
  6.649134172508155E-025
  6.649132212248679E-025
  6.649126253087717E-025
  6.649114973130213E-025
  6.649124822023410E-025
  6.649107337358708E-025
  6.649106404702404E-025
  6.649101585830802E-025
  6.649113887387405E-025
  6.649104098266634E-025
  6.649097530473071E-025
  6.649097469125025E-025
  6.649086084625013E-025
  6.649086447151739E-025
  6.649091108247844E-025
  6.649086120894874E-025
  6.649088707630685E-025
  6.649070707755653E-025
  6.649095213982398E-025
  6.649074808179886E-025
  6.649064076611754E-025
  6.649069745795534E-025
  6.649069240045452E-025
  6.649078648271357E-025
  6.649061394314710E-025
  6.649048323448384E-025
  6.649050242725536E-025
  6.649045530317555E-025
  6.649052114777934E-025
  6.649055074415292E-025
  6.649048086866465E-025
  6.649045159076721E-025
  6.649037628052763E-025
  6.649055530084738E-025
  6.649049472599177E-025
  6.649035159170143E-025
  6.649033188565215E-025
  6.649024247728682E-025
  6.649023697781607E-025
  6.649019996560206E-025
  6.649010318596551E-025
  6.649009951760948E-025
  6.649014315252040E-025
  6.648994609587572E-025
  6.649000894572345E-025
  6.649004117471537E-025
  6.648995137913076E-025
  6.648988471149426E-025
  6.649003889949522E-025
  6.648985911912959E-025
  6.648976499949590E-025
  6.648993261834871E-025
  6.648969460017226E-025
  6.648975285878549E-025
  6.648969617895175E-025
  6.648965824621809E-025
  6.648969369860116E-025
  6.648964143849139E-025
  6.648964309153097E-025
  6.648956912770705E-025
  6.648950601680188E-025
  6.648958851174293E-025
  6.648949941904388E-025
  6.648964824365433E-025
  6.648952997446568E-025
  6.648939430160664E-025
  6.648930504048771E-025
  6.648937004482860E-025
  6.648927044345317E-025
  6.648929470750820E-025
  6.648916180183810E-025
  6.648924687966064E-025
  6.648910953077421E-025
  6.648913654286715E-025
  6.648917182889703E-025
  6.648910145711974E-025
  6.648902597581339E-025
  6.648904701768950E-025
  6.648906984947048E-025
  6.648886147403255E-025
  6.648897013044170E-025
  6.648884733575952E-025
  6.648890203858940E-025
  6.648867633390620E-025
  6.648876585484705E-025
  6.648878983740893E-025
  6.648867439541734E-025
  6.648874722410870E-025
  6.648868265095897E-025
  6.648864215091532E-025
  6.648865493073738E-025
  6.648860171580756E-025
  6.648843973843096E-025
  6.648842310509713E-025
  6.648849123783620E-025
  6.648831747165880E-025
  6.648829892022842E-025
  6.648834859404159E-025
  6.648836032143973E-025
  6.648830397766931E-025
  6.648832968896856E-025
  6.648814720109793E-025
  6.648825079525445E-025
  6.648815864701834E-025
  6.648815159338526E-025
  6.648793594421254E-025
  6.648797944773030E-025
  6.648798113170784E-025
  6.648796569101918E-025
  6.648798642025467E-025
  6.648781138473083E-025
  6.648783316380814E-025
  6.648783479648223E-025
  6.648780545666605E-025
  6.648765454547560E-025
  6.648772115561132E-025
  6.648760945429735E-025
  6.648751458692817E-025
  6.648751984471146E-025
  6.648755423658139E-025
  6.648755496530296E-025
  6.648744259133434E-025
  6.648743263829020E-025
  6.648750193508762E-025
  6.648732399143673E-025
  6.648725499755735E-025
  6.648730836181004E-025
  6.648730649308069E-025
  6.648728053280217E-025
  6.648714603905322E-025
  6.648714250555113E-025
  6.648703311198339E-025
  6.648705935105698E-025
  6.648701030202286E-025
  6.648698525288104E-025
  6.648701903839368E-025
  6.648700128084323E-025
  6.648684783065800E-025
  6.648683386146997E-025
  6.648682033225973E-025
  6.648669341471473E-025
  6.648668192436535E-025
  6.648670060697120E-025
  6.648661661824618E-025
  6.648647968134618E-025
  6.648649746263731E-025
  6.648653641660313E-025
  6.648646689874012E-025
  6.648635400013514E-025
  6.648640054993825E-025
  6.648638539622230E-025
  6.648623403330442E-025
  6.648627192742460E-025
  6.648626611118554E-025
  6.648622498301698E-025
  6.648615813105690E-025
  6.648601803153168E-025
  6.648606702170059E-025
  6.648606610036698E-025
  6.648607158240480E-025
  6.648582157502878E-025
  6.648591015783947E-025
  6.648593802161444E-025
  6.648583572359097E-025
  6.648576376071905E-025
  6.648561463835123E-025
  6.648565489140947E-025
  6.648562634630182E-025
  6.648562343523316E-025
  6.648552732244940E-025
  6.648554722783242E-025
  6.648544662363273E-025
  6.648537340255484E-025
  6.648532790125074E-025
  6.648536370547910E-025
  6.648528881637102E-025
  6.648520949175905E-025
  6.648524759773303E-025
  6.648513983901428E-025
  6.648505374147729E-025
  6.648513979772223E-025
  6.648503574211057E-025
  6.648499986453121E-025
  6.648491336788115E-025
  6.648482472662181E-025
  6.648491516234185E-025
  6.648480821927635E-025
  6.648473350893845E-025
  6.648467191801518E-025
  6.648466871651869E-025
  6.648457752943889E-025
  6.648461493959693E-025
  6.648460081282235E-025
  6.648450313449748E-025
  6.648446741038037E-025
  6.648437475046665E-025
  6.648433995222016E-025
  6.648430473124594E-025
  6.648423900633789E-025
  6.648422039538904E-025
  6.648417319263972E-025
  6.648417550733693E-025
  6.648406484889172E-025
  6.648399728060263E-025
  6.648398542896788E-025
  6.648396292282400E-025
  6.648398203808527E-025
  6.648389374820854E-025
  6.648381668935885E-025
  6.648374607387911E-025
  6.648369956896583E-025
  6.648362999608904E-025
  6.648358324093239E-025
  6.648358544430000E-025
  6.648351917090559E-025
  6.648340735597630E-025
  6.648337127636204E-025
  6.648332731388561E-025
  6.648326867023580E-025
  6.648324734473362E-025
  6.648325467314073E-025
  6.648314628030777E-025
  6.648307726221823E-025
  6.648309489096057E-025
  6.648299689139066E-025
  6.648294342938925E-025
  6.648291883557428E-025
  6.648281810594143E-025
  6.648279839086658E-025
  6.648266975363551E-025
  6.648268221101572E-025
  6.648255864309332E-025
  6.648260036767969E-025
  6.648250609602177E-025
  6.648254997573793E-025
  6.648246149341450E-025
  6.648239012207697E-025
  6.648231047839258E-025
  6.648227025421688E-025
  6.648224376240784E-025
  6.648224165667724E-025
  6.648209963965534E-025
  6.648204915266206E-025
  6.648207115245421E-025
  6.648197700319668E-025
  6.648191874836368E-025
  6.648192317665173E-025
  6.648185526539125E-025
  6.648174785764485E-025
  6.648170816840702E-025
  6.648164770805457E-025
  6.648156144350865E-025
  6.648162080906142E-025
  6.648149394940128E-025
  6.648148551237664E-025
  6.648132768992835E-025
  6.648132250996828E-025
  6.648130825102990E-025
  6.648116769304321E-025
  6.648115816664247E-025
  6.648106016737319E-025
  6.648104808458283E-025
  6.648092210430636E-025
  6.648096855237585E-025
  6.648088901723232E-025
  6.648072324516220E-025
  6.648078994594601E-025
  6.648073650438472E-025
  6.648068670077200E-025
  6.648056773012828E-025
  6.648052558480397E-025
  6.648050103811127E-025
  6.648043627312564E-025
  6.648036600077879E-025
  6.648025617658135E-025
  6.648025553954754E-025
  6.648026110515739E-025
  6.648011514901397E-025
  6.648007667791746E-025
  6.648000912073431E-025
  6.647993214328059E-025
  6.647990923396191E-025
  6.647989090572270E-025
  6.647974982522583E-025
  6.647972730164956E-025
  6.647960473576618E-025
  6.647958417579511E-025
  6.647953616159325E-025
  6.647946624345045E-025
  6.647948867253720E-025
  6.647931089124461E-025
  6.647930318705163E-025
  6.647923790705369E-025
  6.647918586615911E-025
  6.647918532637546E-025
  6.647912602856496E-025
  6.647904818642632E-025
  6.647895580232886E-025
  6.647885596397049E-025
  6.647886363729852E-025
  6.647867600984515E-025
  6.647868716647648E-025
  6.647857901318084E-025
  6.647855861013352E-025
  6.647849373823713E-025
  6.647845055592544E-025
  6.647830840081933E-025
  6.647834412892387E-025
  6.647822046306658E-025
  6.647814669793244E-025
  6.647806397932919E-025
  6.647805580219819E-025
  6.647795716935340E-025
  6.647795134949762E-025
  6.647792279608809E-025
  6.647783304772442E-025
  6.647771889495427E-025
  6.647772771212809E-025
  6.647762023987361E-025
  6.647747529831565E-025
  6.647744683559098E-025
  6.647744483146646E-025
  6.647738677191768E-025
  6.647726832466635E-025
  6.647722789291156E-025
  6.647715995186898E-025
  6.647702984382481E-025
  6.647697635431238E-025
  6.647691644441561E-025
  6.647682857252198E-025
  6.647674353703040E-025
  6.647672910283580E-025
  6.647663129209180E-025
  6.647656798364982E-025
  6.647649272012545E-025
  6.647643118682409E-025
  6.647640101927666E-025
  6.647630442576473E-025
  6.647628495502465E-025
  6.647616043522938E-025
  6.647608629929728E-025
  6.647602760577801E-025
  6.647604226592973E-025
  6.647591959009331E-025
  6.647576650093552E-025
  6.647573642721051E-025
  6.647565260332953E-025
  6.647563396378772E-025
  6.647554852626303E-025
  6.647543171301209E-025
  6.647538742424127E-025
  6.647533655879191E-025
  6.647528516888886E-025
  6.647519134094988E-025
  6.647510807877455E-025
  6.647507092264581E-025
  6.647497307057807E-025
  6.647487775308348E-025
  6.647486094113514E-025
  6.647468301148789E-025
  6.647466923031846E-025
  6.647458521599681E-025
  6.647450782028664E-025
  6.647449081049408E-025
  6.647437377816343E-025
  6.647428402204454E-025
  6.647418988571153E-025
  6.647416592689048E-025
  6.647405661120801E-025
  6.647394653157867E-025
  6.647391854199457E-025
  6.647380313065758E-025
  6.647378243080392E-025
  6.647369547031881E-025
  6.647356450997653E-025
  6.647355465521282E-025
  6.647343588596827E-025
  6.647337891992635E-025
  6.647330694593232E-025
  6.647322970333319E-025
  6.647310873567221E-025
  6.647304900589443E-025
  6.647294508066943E-025
  6.647287741707416E-025
  6.647284979017573E-025
  6.647274530876023E-025
  6.647264046063712E-025
  6.647258408115983E-025
  6.647250893932336E-025
  6.647242652256619E-025
  6.647234932177043E-025
  6.647223648160017E-025
  6.647216003127605E-025
  6.647211075556808E-025
  6.647202363690758E-025
  6.647192790403196E-025
  6.647183670753544E-025
  6.647177011922290E-025
  6.647168366683248E-025
  6.647156680403600E-025
  6.647153936982028E-025
  6.647147091559421E-025
  6.647134794271241E-025
  6.647126961520392E-025
  6.647118071632296E-025
  6.647109635904507E-025
  6.647097633417279E-025
  6.647094678221582E-025
  6.647082704382531E-025
  6.647075660289559E-025
  6.647069775037119E-025
  6.647059628770443E-025
  6.647054224417607E-025
  6.647043932179953E-025
  6.647037702361762E-025
  6.647022364603937E-025
  6.647013102922616E-025
  6.647009762789441E-025
  6.646997561369561E-025
  6.646990585110866E-025
  6.646982266929232E-025
  6.646971691693206E-025
  6.646963391054136E-025
  6.646952131226776E-025
  6.646946442458463E-025
  6.646935818001315E-025
  6.646928257280826E-025
  6.646919217292895E-025
  6.646908451302525E-025
  6.646898381870480E-025
  6.646892613618352E-025
  6.646881921529795E-025
  6.646870865976234E-025
  6.646863479335482E-025
  6.646856131417705E-025
  6.646846266810332E-025
  6.646837542043133E-025
  6.646829514555290E-025
  6.646817703842237E-025
  6.646808858079153E-025
  6.646799994214999E-025
  6.646787528802236E-025
  6.646783629742358E-025
  6.646770143418313E-025
  6.646760740966871E-025
  6.646753822219146E-025
  6.646745177101810E-025
  6.646732779437792E-025
  6.646726400488034E-025
  6.646715082052910E-025
  6.646708027813209E-025
  6.646694939703265E-025
  6.646686437568012E-025
  6.646679546011575E-025
  6.646665765007603E-025
  6.646653575099322E-025
  6.646647252773122E-025
  6.646637799250649E-025
  6.646626093804277E-025
  6.646618386622677E-025
  6.646609255660546E-025
  6.646599126540182E-025
  6.646587239054620E-025
  6.646578071303635E-025
  6.646569641388139E-025
  6.646558571307463E-025
  6.646547584249296E-025
  6.646538604557428E-025
  6.646526735650042E-025
  6.646518055942507E-025
  6.646506256911026E-025
  6.646495344492833E-025
  6.646488750805887E-025
  6.646477087904882E-025
  6.646465966401979E-025
  6.646457913267094E-025
  6.646447160318181E-025
  6.646437458671195E-025
  6.646424603062854E-025
  6.646416098454542E-025
  6.646405091928313E-025
  6.646394961171367E-025
  6.646383373806012E-025
  6.646369777091882E-025
  6.646361700721921E-025
  6.646351082929277E-025
  6.646342204213778E-025
  6.646330895724516E-025
  6.646318865661578E-025
  6.646310524292655E-025
  6.646297946895760E-025
  6.646289777688453E-025
  6.646277573245135E-025
  6.646266917161089E-025
  6.646258259955337E-025
  6.646246066232546E-025
  6.646234325672855E-025
  6.646223362463788E-025
  6.646210024255843E-025
  6.646201463141773E-025
  6.646188892013418E-025
  6.646176662276474E-025
  6.646167954038322E-025
  6.646157209928588E-025
  6.646145726277437E-025
  6.646134894735940E-025
  6.646123610775406E-025
  6.646112122630938E-025
  6.646099529413474E-025
  6.646088960823196E-025
  6.646077249735907E-025
  6.646065135828611E-025
  6.646053791826011E-025
  6.646041301936999E-025
  6.646030776781093E-025
  6.646020303247000E-025
  6.646008762344115E-025
  6.645998603673475E-025
  6.645983291255532E-025
  6.645972986064989E-025
  6.645962433333165E-025
  6.645948358788572E-025
  6.645939527012153E-025
  6.645925960708394E-025
  6.645916013788620E-025
  6.645901711742104E-025
  6.645889361044242E-025
  6.645879966010256E-025
  6.645867216924468E-025
  6.645855920861917E-025
  6.645841584343227E-025
  6.645830531563662E-025
  6.645816704332574E-025
  6.645805571048842E-025
  6.645792274348852E-025
  6.645780849238870E-025
  6.645768077065879E-025
  6.645755618389919E-025
  6.645745016918472E-025
  6.645733438162997E-025
  6.645720389085248E-025
  6.645707478119378E-025
  6.645694747389698E-025
  6.645683330851480E-025
  6.645670507968549E-025
  6.645656518796242E-025
  6.645644143289662E-025
  6.645631593153549E-025
  6.645619407658431E-025
  6.645607509044087E-025
  6.645593826193126E-025
  6.645580912321130E-025
  6.645569622517441E-025
  6.645554547189237E-025
  6.645540669143761E-025
  6.645529407596989E-025
  6.645517296420162E-025
  6.645501981154576E-025
  6.645487558294522E-025
  6.645477884888144E-025
  6.645463109492441E-025
  6.645450571437797E-025
  6.645436995497873E-025
  6.645423056721130E-025
  6.645408967965479E-025
  6.645398535092897E-025
  6.645384247751727E-025
  6.645370024207369E-025
  6.645356905694857E-025
  6.645343376212447E-025
  6.645330320114544E-025
  6.645316854994813E-025
  6.645303217442659E-025
  6.645290776558071E-025
  6.645276752064358E-025
  6.645261696551267E-025
  6.645246882037276E-025
  6.645234030045551E-025
  6.645220374453074E-025
  6.645206494485626E-025
  6.645192923931541E-025
  6.645179547948486E-025
  6.645165223465649E-025
  6.645150333221296E-025
  6.645136803017713E-025
  6.645123421883431E-025
  6.645109483397123E-025
  6.645093944298413E-025
  6.645079779788351E-025
  6.645065441844943E-025
  6.645051438122725E-025
  6.645036043717402E-025
  6.645023347640837E-025
  6.645008379834067E-025
  6.644994298638224E-025
  6.644978834413644E-025
  6.644965276873428E-025
  6.644949758721064E-025
  6.644935680904671E-025
  6.644919470984474E-025
  6.644906785767474E-025
  6.644892059722324E-025
  6.644876785069785E-025
  6.644861561693825E-025
  6.644846191435073E-025
  6.644832565427722E-025
  6.644818198213145E-025
  6.644802397005107E-025
  6.644786130202478E-025
  6.644772246235098E-025
  6.644756922539081E-025
  6.644740285003010E-025
  6.644726319139740E-025
  6.644710372869803E-025
  6.644695300873845E-025
  6.644678379293400E-025
  6.644663753509805E-025
  6.644648554889649E-025
  6.644633062594139E-025
  6.644617478439375E-025
  6.644601455745087E-025
  6.644586876003506E-025
  6.644569670995562E-025
  6.644555698104422E-025
  6.644539221072218E-025
  6.644522005337375E-025
  6.644506839903506E-025
  6.644490643725952E-025
  6.644474744810774E-025
  6.644459433577406E-025
  6.644444175430394E-025
  6.644427456002609E-025
  6.644411316529603E-025
  6.644393969261499E-025
  6.644379013159833E-025
  6.644362630516711E-025
  6.644345809288207E-025
  6.644328876504352E-025
  6.644313625204995E-025
  6.644297228753425E-025
  6.644279667532593E-025
  6.644264062571210E-025
  6.644246438672627E-025
  6.644230891339709E-025
  6.644213426450459E-025
  6.644196966698564E-025
  6.644178740407979E-025
  6.644163696393586E-025
  6.644145316087959E-025
  6.644128912018600E-025
  6.644112096001504E-025
  6.644094419830507E-025
  6.644078378294602E-025
  6.644060707907730E-025
  6.644042986893365E-025
  6.644026419972145E-025
  6.644008601517665E-025
  6.643991264121366E-025
  6.643973841579298E-025
  6.643956604728980E-025
  6.643940189518386E-025
  6.643920815100603E-025
  6.643904134295460E-025
  6.643886846202516E-025
  6.643868825813046E-025
  6.643850933351647E-025
  6.643833797143818E-025
  6.643815506698177E-025
  6.643797308685185E-025
  6.643779466915551E-025
  6.643760731419664E-025
  6.643742263364168E-025
  6.643724283411160E-025
  6.643707123815814E-025
  6.643689003132358E-025
  6.643670733426162E-025
  6.643651731864922E-025
  6.643633935417845E-025
  6.643614872308302E-025
  6.643596274819034E-025
  6.643578662559330E-025
  6.643559370769209E-025
  6.643541011104631E-025
  6.643522141106439E-025
  6.643503786381225E-025
  6.643485099382332E-025
  6.643466105614846E-025
  6.643447075115004E-025
  6.643428075337995E-025
  6.643409116070033E-025
  6.643389918592234E-025
  6.643370500084102E-025
  6.643351332856184E-025
  6.643332337583662E-025
  6.643312829427803E-025
  6.643293149293605E-025
  6.643273802266507E-025
  6.643255120602188E-025
  6.643235220156988E-025
  6.643214915561383E-025
  6.643195447902747E-025
  6.643176390197752E-025
  6.643156183578942E-025
  6.643135939504204E-025
  6.643116049549704E-025
  6.643096274072760E-025
  6.643077169738011E-025
  6.643056837735173E-025
  6.643036591345469E-025
  6.643016606162578E-025
  6.642996867570020E-025
  6.642976502770077E-025
  6.642956216400539E-025
  6.642935188559790E-025
  6.642914580831785E-025
  6.642894494378509E-025
  6.642874031187820E-025
  6.642852885962695E-025
  6.642832585336897E-025
  6.642811985679236E-025
  6.642791381749890E-025
  6.642770149444211E-025
  6.642749494944674E-025
  6.642728260045349E-025
  6.642707016424110E-025
  6.642685837399605E-025
  6.642664176814499E-025
  6.642643853522017E-025
  6.642622639092679E-025
  6.642601288344526E-025
  6.642579475475281E-025
  6.642557955928371E-025
  6.642536572309164E-025
  6.642514894159890E-025
  6.642493221807512E-025
  6.642471519226535E-025
  6.642449887665819E-025
  6.642427670475237E-025
  6.642406327443229E-025
  6.642384191857164E-025
  6.642361472431394E-025
  6.642339806758824E-025
  6.642317718761808E-025
  6.642295466826699E-025
  6.642273569065006E-025
  6.642251111260366E-025
  6.642228732899807E-025
  6.642206061252654E-025
  6.642183560739832E-025
  6.642160940670472E-025
  6.642138410633810E-025
  6.642115563744420E-025
  6.642092568646906E-025
  6.642069595230839E-025
  6.642046674344710E-025
  6.642024021321965E-025
  6.642000739393383E-025
  6.641978008492902E-025
  6.641954385330232E-025
  6.641931383385689E-025
  6.641908480179505E-025
  6.641884256349726E-025
  6.641860939508470E-025
  6.641837875146234E-025
  6.641814402554292E-025
  6.641790058632050E-025
  6.641766301150276E-025
  6.641743153775525E-025
  6.641719084946235E-025
  6.641695260787991E-025
  6.641671175370376E-025
  6.641646735362973E-025
  6.641622809726600E-025
  6.641598964229465E-025
  6.641574547252250E-025
  6.641549960854042E-025
  6.641525848242690E-025
  6.641500836087757E-025
  6.641476382549745E-025
  6.641451682945123E-025
  6.641427187225009E-025
  6.641402352980099E-025
  6.641377122568454E-025
  6.641352922798347E-025
  6.641327686822544E-025
  6.641302154205930E-025
  6.641277224689220E-025
  6.641252239783308E-025
  6.641226948811398E-025
  6.641201850135475E-025
  6.641176087971858E-025
  6.641150530320086E-025
  6.641125095297831E-025
  6.641099529379453E-025
  6.641073784121945E-025
  6.641047927771700E-025
  6.641022075064970E-025
  6.640996312847201E-025
  6.640970146240699E-025
  6.640944166652468E-025
  6.640918084911044E-025
  6.640891951316315E-025
  6.640865070336088E-025
  6.640839107388296E-025
  6.640812712882931E-025
  6.640785871818830E-025
  6.640759410621106E-025
  6.640732741287244E-025
  6.640705989028350E-025
  6.640679244774566E-025
  6.640651930604993E-025
  6.640625190377871E-025
  6.640597938373923E-025
  6.640571087531433E-025
  6.640543616825206E-025
  6.640516294570228E-025
  6.640488939674937E-025
  6.640461378389205E-025
  6.640434050999123E-025
  6.640406442817841E-025
  6.640378612011876E-025
  6.640351071309306E-025
  6.640323017257825E-025
  6.640295048901367E-025
  6.640266980806861E-025
  6.640239053605890E-025
  6.640210675574040E-025
  6.640182729758972E-025
  6.640154193461282E-025
  6.640125754902410E-025
  6.640097201627704E-025
  6.640068747713188E-025
  6.640040116901696E-025
  6.640011275748185E-025
  6.639982461762350E-025
  6.639953519585841E-025
  6.639924303697841E-025
  6.639895153043800E-025
  6.639866265666003E-025
  6.639837036516673E-025
  6.639807726202741E-025
  6.639778121808538E-025
  6.639748557477572E-025
  6.639719109441245E-025
  6.639689377602443E-025
  6.639659771093433E-025
  6.639629881818723E-025
  6.639599836682741E-025
  6.639569974752189E-025
  6.639539705231476E-025
  6.639509563405436E-025
  6.639479392881866E-025
  6.639448835720435E-025
  6.639418376513156E-025
  6.639388000596727E-025
  6.639357350114296E-025
  6.639326505351373E-025
  6.639295770863910E-025
  6.639264853982875E-025
  6.639234014807089E-025
  6.639202791777764E-025
  6.639171706385486E-025
  6.639140520207637E-025
  6.639109050124658E-025
  6.639077770828294E-025
  6.639046182188670E-025
  6.639014754225371E-025
  6.638982893378128E-025
  6.638951041432973E-025
  6.638919461316508E-025
  6.638887201126656E-025
  6.638855326014783E-025
  6.638822839144706E-025
  6.638790991626678E-025
  6.638758410846073E-025
  6.638726030266661E-025
  6.638693568120947E-025
  6.638660919327758E-025
  6.638628399117136E-025
  6.638595455105910E-025
  6.638562767464279E-025
  6.638529580503918E-025
  6.638496600058133E-025
  6.638463547532136E-025
  6.638430019846440E-025
  6.638396629117035E-025
  6.638363085971969E-025
  6.638329716263475E-025
  6.638296017956844E-025
  6.638262365664197E-025
  6.638228449129096E-025
  6.638194525651640E-025
  6.638160538913285E-025
  6.638126193826137E-025
  6.638092060716897E-025
  6.638057663228754E-025
  6.638023363258199E-025
  6.637988736582499E-025
  6.637954094988249E-025
  6.637919450328272E-025
  6.637884638988830E-025
  6.637849674755167E-025
  6.637814632737528E-025
  6.637779495498471E-025
  6.637744184607214E-025
  6.637708899176011E-025
  6.637673520852060E-025
  6.637637972756022E-025
  6.637602423784887E-025
  6.637566524694971E-025
  6.637530670971483E-025
  6.637494777645203E-025
  6.637458785499710E-025
  6.637422695552238E-025
  6.637386283181921E-025
  6.637350040610517E-025
  6.637313701438084E-025
  6.637277031338273E-025
  6.637240277381142E-025
  6.637203499095113E-025
  6.637166591601918E-025
  6.637129852774198E-025
  6.637092562936692E-025
  6.637055435199520E-025
  6.637018023460365E-025
  6.636980757180779E-025
  6.636943125039809E-025
  6.636905514304926E-025
  6.636867694917516E-025
  6.636829963000062E-025
  6.636792096135549E-025
  6.636753999240644E-025
  6.636715715224432E-025
  6.636677620504272E-025
  6.636639107836519E-025
  6.636600640629331E-025
  6.636562059693912E-025
  6.636523307473435E-025
  6.636484471793987E-025
  6.636445558357461E-025
  6.636406471023092E-025
  6.636367341342683E-025
  6.636328083220178E-025
  6.636288683705609E-025
  6.636249085910049E-025
  6.636209546193028E-025
  6.636169866369468E-025
  6.636130039113781E-025
  6.636090030630296E-025
  6.636049969439555E-025
  6.636009822847783E-025
  6.635969563002368E-025
  6.635929042794584E-025
  6.635888595816776E-025
  6.635847884101009E-025
  6.635807152360524E-025
  6.635766413340853E-025
  6.635725299206937E-025
  6.635684268513729E-025
  6.635643001720547E-025
  6.635601649100667E-025
  6.635560203979427E-025
  6.635518651634663E-025
  6.635476919316908E-025
  6.635435046576639E-025
  6.635393151993927E-025
  6.635351147102643E-025
  6.635308900261004E-025
  6.635266606912721E-025
  6.635224226748593E-025
  6.635181655763247E-025
  6.635139025703572E-025
  6.635096198065512E-025
  6.635053294244384E-025
  6.635010301249677E-025
  6.634967122694751E-025
  6.634923787757558E-025
  6.634880490086397E-025
  6.634836896148745E-025
  6.634793348570693E-025
  6.634749539301267E-025
  6.634705588858648E-025
  6.634661608416574E-025
  6.634617445320419E-025
  6.634573154526477E-025
  6.634528781930442E-025
  6.634484216011031E-025
  6.634439580948853E-025
  6.634394791365169E-025
  6.634349882551422E-025
  6.634304824704928E-025
  6.634259600008471E-025
  6.634214379083212E-025
  6.634168900232191E-025
  6.634123399745818E-025
  6.634077645991202E-025
  6.634031893381534E-025
  6.633985915965212E-025
  6.633939833708101E-025
  6.633893636907881E-025
  6.633847236564052E-025
  6.633800810221083E-025
  6.633754184245491E-025
  6.633707462701441E-025
  6.633660591078894E-025
  6.633613528355707E-025
  6.633566429590129E-025
  6.633519121331019E-025
  6.633471725418521E-025
  6.633424203207468E-025
  6.633376488637225E-025
  6.633328664552395E-025
  6.633280684802777E-025
  6.633232541134011E-025
  6.633184336567563E-025
  6.633136024715105E-025
  6.633087489639361E-025
  6.633038850736616E-025
  6.632990021133300E-025
  6.632941134258087E-025
  6.632892074091052E-025
  6.632842874379096E-025
  6.632793520087667E-025
  6.632744004725935E-025
  6.632694420493019E-025
  6.632644634897834E-025
  6.632594683899413E-025
  6.632544676354371E-025
  6.632494455271352E-025
  6.632444096645547E-025
  6.632393626825327E-025
  6.632343004308076E-025
  6.632292238499333E-025
  6.632241325324723E-025
  6.632190274903206E-025
  6.632139100139206E-025
  6.632087725806501E-025
  6.632036169534541E-025
  6.631984495511835E-025
  6.631932740748087E-025
  6.631880822943819E-025
  6.631828695662925E-025
  6.631776443335682E-025
  6.631724051081170E-025
  6.631671518070305E-025
  6.631618866928212E-025
  6.631566004301377E-025
  6.631513026338866E-025
  6.631459853795484E-025
  6.631406563275679E-025
  6.631353155949399E-025
  6.631299550808853E-025
  6.631245748832181E-025
  6.631191893413279E-025
  6.631137853207202E-025
  6.631083592484030E-025
  6.631029240568065E-025
  6.630974686108320E-025
  6.630920058946481E-025
  6.630865182055108E-025
  6.630810171600417E-025
  6.630755041806550E-025
  6.630699781477450E-025
  6.630644299051998E-025
  6.630588655121313E-025
  6.630532878581971E-025
  6.630476941223418E-025
  6.630420837951035E-025
  6.630364607032274E-025
  6.630308180219568E-025
  6.630251586378337E-025
  6.630194875286032E-025
  6.630137937871207E-025
  6.630080889825578E-025
  6.630023692572664E-025
  6.629966272115093E-025
  6.629908739282378E-025
  6.629850973486783E-025
  6.629793114007492E-025
  6.629735058600966E-025
  6.629676880771402E-025
  6.629618465838979E-025
  6.629559952505772E-025
  6.629501228386271E-025
  6.629442350139462E-025
  6.629383289586603E-025
  6.629324074644293E-025
  6.629264707239233E-025
  6.629205106502189E-025
  6.629145404921204E-025
  6.629085518302021E-025
  6.629025452157492E-025
  6.628965209263072E-025
  6.628904804879510E-025
  6.628844207925512E-025
  6.628783482405725E-025
  6.628722537072455E-025
  6.628661430595115E-025
  6.628600173448168E-025
  6.628538722130395E-025
  6.628477089290660E-025
  6.628415308517966E-025
  6.628353321422349E-025
  6.628291175995072E-025
  6.628228864002375E-025
  6.628166337569166E-025
  6.628103678579941E-025
  6.628040805283503E-025
  6.627977753219824E-025
  6.627914539724765E-025
  6.627851153461213E-025
  6.627787551989821E-025
  6.627723786897236E-025
  6.627659846555285E-025
  6.627595718867506E-025
  6.627531412447278E-025
  6.627466896734785E-025
  6.627402236976149E-025
  6.627337378368572E-025
  6.627272333665280E-025
  6.627207114924075E-025
  6.627141684354630E-025
  6.627076069487969E-025
  6.627010304719670E-025
  6.626944326559367E-025
  6.626878162538864E-025
  6.626811822242920E-025
  6.626745263141650E-025
  6.626678545332706E-025
  6.626611630690754E-025
  6.626544495388194E-025
  6.626477201350733E-025
  6.626409698931944E-025
  6.626342038486032E-025
  6.626274163271599E-025
  6.626206107184991E-025
  6.626137837941352E-025
  6.626069360636051E-025
  6.626000706283214E-025
  6.625931857237052E-025
  6.625862799340121E-025
  6.625793569173479E-025
  6.625724148467705E-025
  6.625654490019312E-025
  6.625584664489749E-025
  6.625514623166449E-025
  6.625444386998964E-025
  6.625373961609831E-025
  6.625303334523196E-025
  6.625232500546398E-025
  6.625161468678310E-025
  6.625090241368773E-025
  6.625018790879763E-025
  6.624947163876015E-025
  6.624875292514467E-025
  6.624803255299587E-025
  6.624730990418731E-025
  6.624658539791593E-025
  6.624585881936970E-025
  6.624513000394224E-025
  6.624439932939434E-025
  6.624366633065609E-025
  6.624293142745434E-025
  6.624219445068912E-025
  6.624145506450875E-025
  6.624071395004166E-025
  6.623997057029898E-025
  6.623922514186173E-025
  6.623847747764201E-025
  6.623772777960606E-025
  6.623697588069667E-025
  6.623622196115193E-025
  6.623546584736064E-025
  6.623470758721013E-025
  6.623394724450955E-025
  6.623318466779918E-025
  6.623241978414372E-025
  6.623165278070938E-025
  6.623088386067823E-025
  6.623011262910145E-025
  6.622933914019934E-025
  6.622856345995315E-025
  6.622778560710545E-025
  6.622700552762004E-025
  6.622622316849777E-025
  6.622543861736070E-025
  6.622465184013487E-025
  6.622386286536004E-025
  6.622307174704273E-025
  6.622227828907033E-025
  6.622148239720208E-025
  6.622068457552788E-025
  6.621988442053679E-025
  6.621908175343987E-025
  6.621827691704999E-025
  6.621746996210754E-025
  6.621666057778064E-025
  6.621584880353613E-025
  6.621503487751367E-025
  6.621421865086956E-025
  6.621339990817786E-025
  6.621257906690030E-025
  6.621175577200681E-025
  6.621093023375167E-025
  6.621010226298449E-025
  6.620927195365076E-025
  6.620843942016947E-025
  6.620760440163036E-025
  6.620676704920387E-025
  6.620592735485111E-025
  6.620508520992129E-025
  6.620424067643422E-025
  6.620339364719193E-025
  6.620254443079854E-025
  6.620169271819801E-025
  6.620083860521391E-025
  6.619998195347119E-025
  6.619912301518451E-025
  6.619826151804737E-025
  6.619739770220887E-025
  6.619653138771317E-025
  6.619566267789746E-025
  6.619479147390017E-025
  6.619391766169637E-025
  6.619304152838183E-025
  6.619216283303540E-025
  6.619128168682106E-025
  6.619039803129824E-025
  6.618951181988345E-025
  6.618862315039480E-025
  6.618773197957125E-025
  6.618683833697884E-025
  6.618594195066821E-025
  6.618504330570045E-025
  6.618414186230873E-025
  6.618323804970636E-025
  6.618233157233731E-025
  6.618142256640328E-025
  6.618051096311517E-025
  6.617959678745915E-025
  6.617868000891511E-025
  6.617776067998830E-025
  6.617683869913269E-025
  6.617591411215146E-025
  6.617498690075296E-025
  6.617405711994971E-025
  6.617312470613319E-025
  6.617218955307919E-025
  6.617125188073815E-025
  6.617031143016289E-025
  6.616936833592318E-025
  6.616842259314921E-025
  6.616747419929973E-025
  6.616652309008108E-025
  6.616556935575652E-025
  6.616461283488100E-025
  6.616365360791565E-025
  6.616269176669794E-025
  6.616172706495828E-025
  6.616075973401694E-025
  6.615978958888769E-025
  6.615881680497227E-025
  6.615784123281937E-025
  6.615686285619274E-025
  6.615588169753138E-025
  6.615489784080760E-025
  6.615391112375092E-025
  6.615292165449526E-025
  6.615192940004663E-025
  6.615093433746885E-025
  6.614993641567159E-025
  6.614893566583483E-025
  6.614793215219840E-025
  6.614692570950064E-025
  6.614591652673084E-025
  6.614490441896475E-025
  6.614388949631847E-025
  6.614287167595360E-025
  6.614185097718847E-025
  6.614082736955260E-025
  6.613980094053851E-025
  6.613877154459372E-025
  6.613773928071976E-025
  6.613670407048490E-025
  6.613566592893278E-025
  6.613462484031865E-025
  6.613358083254948E-025
  6.613253391722521E-025
  6.613148401741546E-025
  6.613043107116741E-025
  6.612937522216150E-025
  6.612831642167402E-025
  6.612725455728859E-025
  6.612618976878990E-025
  6.612512188016423E-025
  6.612405104898318E-025
  6.612297721390830E-025
  6.612190032061956E-025
  6.612082035794652E-025
  6.611973737045979E-025
  6.611865129734933E-025
  6.611756219218560E-025
  6.611646998566367E-025
  6.611537473573260E-025
  6.611427632021295E-025
  6.611317486654249E-025
  6.611207027943838E-025
  6.611096254446292E-025
  6.610985173236996E-025
  6.610873782343223E-025
  6.610762071439585E-025
  6.610650042546979E-025
  6.610537699820253E-025
  6.610425041479374E-025
  6.610312068484360E-025
  6.610198771416084E-025
  6.610085158689178E-025
  6.609971223132643E-025
  6.609856963636390E-025
  6.609742389279715E-025
  6.609627484697108E-025
  6.609512261160093E-025
  6.609396708066549E-025
  6.609280836985845E-025
  6.609164625005940E-025
  6.609048099421527E-025
  6.608931236863812E-025
  6.608814051828619E-025
  6.608696526879160E-025
  6.608578678910699E-025
  6.608460493865707E-025
  6.608341978812740E-025
  6.608223126864431E-025
  6.608103945162947E-025
  6.607984422385652E-025
  6.607864564516672E-025
  6.607744371553922E-025
  6.607623837957928E-025
  6.607502962714501E-025
  6.607381751546757E-025
  6.607260198135713E-025
  6.607138298154329E-025
  6.607016059520563E-025
  6.606893476767834E-025
  6.606770547853946E-025
  6.606647270159933E-025
  6.606523645129973E-025
  6.606399674576806E-025
  6.606275353151729E-025
  6.606150683348923E-025
  6.606025664013486E-025
  6.605900288087713E-025
  6.605774562026627E-025
  6.605648483448320E-025
  6.605522050925644E-025
  6.605395256488600E-025
  6.605268111245362E-025
  6.605140609113954E-025
  6.605012746034354E-025
  6.604884523250626E-025
  6.604755936725036E-025
  6.604626994229905E-025
  6.604497686395428E-025
  6.604368013866214E-025
  6.604237979587446E-025
  6.604107574825111E-025
  6.603976808222608E-025
  6.603845668105625E-025
  6.603714166425525E-025
  6.603582292930839E-025
  6.603450047313756E-025
  6.603317429147842E-025
  6.603184437643123E-025
  6.603051078045673E-025
  6.602917339012835E-025
  6.602783226259847E-025
  6.602648735670154E-025
  6.602513866030954E-025
  6.602378620544029E-025
  6.602242993342544E-025
  6.602106984645232E-025
  6.601970595542378E-025
  6.601833822551660E-025
  6.601696664564260E-025
  6.601559123723809E-025
  6.601421193012704E-025
  6.601282877527579E-025
  6.601144176316342E-025
  6.601005082508116E-025
  6.600865595847631E-025
  6.600725723635971E-025
  6.600585454542148E-025
  6.600444795109837E-025
  6.600303737249684E-025
  6.600162287828875E-025
  6.600020437758409E-025
  6.599878192017067E-025
  6.599735546149664E-025
  6.599592499853252E-025
  6.599449054578197E-025
  6.599305201707722E-025
  6.599160953234258E-025
  6.599016294372698E-025
  6.598871230143989E-025
  6.598725762903148E-025
  6.598579885625388E-025
  6.598433598172424E-025
  6.598286903389580E-025
  6.598139795960324E-025
  6.597992277829157E-025
  6.597844341996341E-025
  6.597695995888454E-025
  6.597547233171714E-025
  6.597398052133450E-025
  6.597248454518504E-025
  6.597098437916969E-025
  6.596948000759543E-025
  6.596797142351571E-025
  6.596645861804783E-025
  6.596494155912357E-025
  6.596342028575486E-025
  6.596189471648654E-025
  6.596036491486532E-025
  6.595883081175978E-025
  6.595729241226139E-025
  6.595574969227760E-025
  6.595420268801641E-025
  6.595265131916251E-025
  6.595109565220010E-025
  6.594953560235421E-025
  6.594797119783636E-025
  6.594640240959572E-025
  6.594482923057248E-025
  6.594325166098095E-025
  6.594166968124402E-025
  6.594008327032176E-025
  6.593849243662440E-025
  6.593689713104297E-025
  6.593529737411398E-025
  6.593369315028719E-025
  6.593208444568950E-025
  6.593047124201826E-025
  6.592885353578879E-025
  6.592723129415171E-025
  6.592560452616661E-025
  6.592397321987918E-025
  6.592233734762123E-025
  6.592069690210991E-025
  6.591905187240376E-025
  6.591740226631038E-025
  6.591574803860422E-025
  6.591408918646056E-025
  6.591242572563579E-025
  6.591075760467353E-025
  6.590908482871397E-025
  6.590740738680696E-025
  6.590572525575954E-025
  6.590403843907625E-025
  6.590234690580776E-025
  6.590065066646246E-025
  6.589894967496276E-025
  6.589724394840623E-025
  6.589553345816999E-025
  6.589381819770094E-025
  6.589209815243552E-025
  6.589037332243270E-025
  6.588864367724238E-025
  6.588690920706775E-025
  6.588516989200920E-025
  6.588342572943190E-025
  6.588167671109259E-025
  6.587992281767905E-025
  6.587816403511687E-025
  6.587640034871815E-025
  6.587463175525629E-025
  6.587285822817812E-025
  6.587107975650533E-025
  6.586929633002263E-025
  6.586750794438726E-025
  6.586571458493066E-025
  6.586391620390960E-025
  6.586211284085010E-025
  6.586030445311117E-025
  6.585849101550073E-025
  6.585667253704821E-025
  6.585484900309454E-025
  6.585302039254317E-025
  6.585118668263373E-025
  6.584934788025949E-025
  6.584750395375500E-025
  6.584565490351109E-025
  6.584380070854333E-025
  6.584194135210000E-025
  6.584007683298182E-025
  6.583820711527995E-025
  6.583633221357577E-025
  6.583445208971593E-025
  6.583256673963866E-025
  6.583067614393590E-025
  6.582878030235778E-025
  6.582687918916022E-025
  6.582497279520212E-025
  6.582306109229209E-025
  6.582114409077973E-025
  6.581922174704527E-025
  6.581729408150999E-025
  6.581536105753195E-025
  6.581342265511979E-025
  6.581147887921531E-025
  6.580952969767894E-025
  6.580757511563251E-025
  6.580561509883890E-025
  6.580364964538061E-025
  6.580167873605624E-025
  6.579970235526573E-025
  6.579772048705970E-025
  6.579573312071194E-025
  6.579374024944408E-025
  6.579174184143773E-025
  6.578973789600108E-025
  6.578772839330548E-025
  6.578571331012346E-025
  6.578369264843578E-025
  6.578166638071377E-025
  6.577963449418722E-025
  6.577759697868822E-025
  6.577555381412205E-025
  6.577350498508130E-025
  6.577145048808845E-025
  6.576939028829376E-025
  6.576732437949544E-025
  6.576525275334762E-025
  6.576317539119266E-025
  6.576109227380353E-025
  6.575900338980340E-025
  6.575690871226920E-025
  6.575480825102787E-025
  6.575270196321292E-025
  6.575058984874047E-025
  6.574847189362418E-025
  6.574634806708152E-025
  6.574421837956094E-025
  6.574208279259624E-025
  6.573994129712523E-025
  6.573779387619047E-025
  6.573564052429523E-025
  6.573348121365374E-025
  6.573131592924903E-025
  6.572914466017780E-025
  6.572696739120981E-025
  6.572478410468369E-025
  6.572259478094729E-025
  6.572039940997894E-025
  6.571819797329922E-025
  6.571599045530632E-025
  6.571377683622272E-025
  6.571155710450073E-025
  6.570933124431345E-025
  6.570709924163133E-025
  6.570486106376050E-025
  6.570261671998673E-025
  6.570036617529092E-025
  6.569810941895178E-025
  6.569584643565327E-025
  6.569357721151628E-025
  6.569130172361402E-025
  6.568901996213886E-025
  6.568673190135091E-025
  6.568443753241326E-025
  6.568213683696974E-025
  6.567982980212144E-025
  6.567751640161303E-025
  6.567519662301945E-025
  6.567287045295870E-025
  6.567053787279912E-025
  6.566819886458414E-025
  6.566585341305145E-025
  6.566350149879853E-025
  6.566114310970377E-025
  6.565877822314865E-025
  6.565640682180331E-025
  6.565402889853338E-025
  6.565164442332156E-025
  6.564925338480231E-025
  6.564685576245222E-025
  6.564445154789441E-025
  6.564204071791528E-025
  6.563962324891675E-025
  6.563719913519842E-025
  6.563476835033721E-025
  6.563233088887600E-025
  6.562988671844043E-025
  6.562743583172304E-025
  6.562497820170868E-025
  6.562251382517144E-025
  6.562004266580941E-025
  6.561756472365634E-025
  6.561507996629485E-025
  6.561258838860990E-025
  6.561008996605814E-025
  6.560758468106846E-025
  6.560507251733229E-025
  6.560255345721951E-025
  6.560002747789621E-025
  6.559749456506344E-025
  6.559495470426541E-025
  6.559240787179372E-025
  6.558985405069358E-025
  6.558729322393908E-025
  6.558472537366150E-025
  6.558215048262879E-025
  6.557956852579071E-025
  6.557697949511981E-025
  6.557438336346298E-025
  6.557178011654307E-025
  6.556916973388571E-025
  6.556655219717595E-025
  6.556392749659608E-025
  6.556129559485803E-025
  6.555865648901104E-025
  6.555601015611965E-025
  6.555335657768467E-025
  6.555069573178702E-025
  6.554802759874381E-025
  6.554535216932911E-025
  6.554266941395040E-025
  6.553997932201933E-025
  6.553728186566236E-025
  6.553457703115307E-025
  6.553186479914993E-025
  6.552914514860652E-025
  6.552641806452337E-025
  6.552368352528812E-025
  6.552094150778963E-025
  6.551819199741943E-025
  6.551543497600677E-025
  6.551267041729733E-025
  6.550989831036639E-025
  6.550711863309237E-025
  6.550433136239923E-025
  6.550153647849139E-025
  6.549873396596520E-025
  6.549592380049529E-025
  6.549310597011042E-025
  6.549028044685836E-025
  6.548744721274994E-025
  6.548460625267941E-025
  6.548175754446110E-025
  6.547890106488069E-025
  6.547603679936817E-025
  6.547316471906200E-025
  6.547028481287376E-025
  6.546739705755901E-025
  6.546450143338558E-025
  6.546159791702108E-025
  6.545868649351442E-025
  6.545576713914813E-025
  6.545283983541848E-025
  6.544990455919479E-025
  6.544696129317760E-025
  6.544401001391422E-025
  6.544105070723229E-025
  6.543808334167305E-025
  6.543510790417705E-025
  6.543212437427961E-025
  6.542913272850414E-025
  6.542613294706722E-025
  6.542312501192216E-025
  6.542010889775742E-025
  6.541708458451025E-025
  6.541405205530317E-025
  6.541101128559438E-025
  6.540796225441348E-025
  6.540490494184804E-025
  6.540183932614253E-025
  6.539876538556146E-025
  6.539568309940506E-025
  6.539259244607448E-025
  6.538949340753201E-025
  6.538638595817925E-025
  6.538327007792849E-025
  6.538014574624232E-025
  6.537701294064936E-025
  6.537387164127535E-025
  6.537072182290527E-025
  6.536756346884313E-025
  6.536439655360438E-025
  6.536122105737470E-025
  6.535803695777302E-025
  6.535484423239660E-025
  6.535164286082148E-025
  6.534843281980839E-025
  6.534521408918400E-025
  6.534198664367650E-025
  6.533875046355393E-025
  6.533550552628504E-025
  6.533225181257638E-025
  6.532898929569512E-025
  6.532571795672082E-025
  6.532243776914254E-025
  6.531914871430370E-025
  6.531585077116677E-025
  6.531254391333811E-025
  6.530922811994766E-025
  6.530590336859247E-025
  6.530256963805444E-025
  6.529922690451040E-025
  6.529587514389301E-025
  6.529251433376907E-025
  6.528914445493823E-025
  6.528576548222240E-025
  6.528237739179030E-025
  6.527898016151127E-025
  6.527557376723497E-025
  6.527215818899822E-025
  6.526873340092375E-025
  6.526529938256298E-025
  6.526185610794145E-025
  6.525840355469896E-025
  6.525494170155220E-025
  6.525147052171232E-025
  6.524798999563110E-025
  6.524450009899603E-025
  6.524100080685156E-025
  6.523749209459679E-025
  6.523397394103183E-025
  6.523044632316699E-025
  6.522690921552734E-025
  6.522336259491636E-025
  6.521980643759592E-025
  6.521624072039314E-025
  6.521266541911284E-025
  6.520908051094154E-025
  6.520548596984960E-025
  6.520188177339932E-025
  6.519826789627401E-025
  6.519464431384668E-025
  6.519101100599695E-025
