  6.649995719958000E-025
  6.649995719957748E-025
  6.649995719957479E-025
  6.649995719957205E-025
  6.649995719956928E-025
  6.649995719956623E-025
  6.649995719956350E-025
  6.649995719956064E-025
  6.649995719955779E-025
  6.649995719955483E-025
  6.649995719955184E-025
  6.649995719954860E-025
  6.649995719954537E-025
  6.649995719954191E-025
  6.649995719953874E-025
  6.649995719953561E-025
  6.649995719953223E-025
  6.649995719952879E-025
  6.649995719952546E-025
  6.649995719952169E-025
  6.649995719951806E-025
  6.649995719951419E-025
  6.649995719951056E-025
  6.649995719950663E-025
  6.649995719950281E-025
  6.649995719949895E-025
  6.649995719949493E-025
  6.649995719949078E-025
  6.649995719948644E-025
  6.649995719948213E-025
  6.649995719947807E-025
  6.649995719947361E-025
  6.649995719946920E-025
  6.649995719946457E-025
  6.649995719946006E-025
  6.649995719945535E-025
  6.649995719945060E-025
  6.649995719944571E-025
  6.649995719944059E-025
  6.649995719943573E-025
  6.649995719943076E-025
  6.649995719942563E-025
  6.649995719942005E-025
  6.649995719941479E-025
  6.649995719940919E-025
  6.649995719940389E-025
  6.649995719939830E-025
  6.649995719939220E-025
  6.649995719938645E-025
  6.649995719938041E-025
  6.649995719937448E-025
  6.649995719936832E-025
  6.649995719936211E-025
  6.649995719935576E-025
  6.649995719934941E-025
  6.649995719934285E-025
  6.649995719933595E-025
  6.649995719932920E-025
  6.649995719932223E-025
  6.649995719931515E-025
  6.649995719930774E-025
  6.649995719930052E-025
  6.649995719929332E-025
  6.649995719928575E-025
  6.649995719927821E-025
  6.649995719927005E-025
  6.649995719926220E-025
  6.649995719925414E-025
  6.649995719924591E-025
  6.649995719923757E-025
  6.649995719922906E-025
  6.649995719922036E-025
  6.649995719921173E-025
  6.649995719920263E-025
  6.649995719919366E-025
  6.649995719918447E-025
  6.649995719917495E-025
  6.649995719916527E-025
  6.649995719915549E-025
  6.649995719914528E-025
  6.649995719913549E-025
  6.649995719912542E-025
  6.649995719911477E-025
  6.649995719910375E-025
  6.649995719909336E-025
  6.649995719908186E-025
  6.649995719907094E-025
  6.649995719905994E-025
  6.649995719904831E-025
  6.649995719903663E-025
  6.649995719902500E-025
  6.649995719901240E-025
  6.649995719900014E-025
  6.649995719898715E-025
  6.649995719897446E-025
  6.649995719896162E-025
  6.649995719894848E-025
  6.649995719893503E-025
  6.649995719892116E-025
  6.649995719890706E-025
  6.649995719889310E-025
  6.649995719887863E-025
  6.649995719886423E-025
  6.649995719884937E-025
  6.649995719883381E-025
  6.649995719881853E-025
  6.649995719880267E-025
  6.649995719878648E-025
  6.649995719877021E-025
  6.649995719875428E-025
  6.649995719873689E-025
  6.649995719872002E-025
  6.649995719870254E-025
  6.649995719868474E-025
  6.649995719866713E-025
  6.649995719864874E-025
  6.649995719863013E-025
  6.649995719861117E-025
  6.649995719859176E-025
  6.649995719857209E-025
  6.649995719855205E-025
  6.649995719853170E-025
  6.649995719851119E-025
  6.649995719849036E-025
  6.649995719846902E-025
  6.649995719844686E-025
  6.649995719842484E-025
  6.649995719840261E-025
  6.649995719837929E-025
  6.649995719835641E-025
  6.649995719833284E-025
  6.649995719830895E-025
  6.649995719828427E-025
  6.649995719825937E-025
  6.649995719823408E-025
  6.649995719820837E-025
  6.649995719818207E-025
  6.649995719815573E-025
  6.649995719812819E-025
  6.649995719810034E-025
  6.649995719807273E-025
  6.649995719804401E-025
  6.649995719801525E-025
  6.649995719798576E-025
  6.649995719795580E-025
  6.649995719792541E-025
  6.649995719789396E-025
  6.649995719786280E-025
  6.649995719783050E-025
  6.649995719779777E-025
  6.649995719776458E-025
  6.649995719773061E-025
  6.649995719769633E-025
  6.649995719766148E-025
  6.649995719762572E-025
  6.649995719758955E-025
  6.649995719755294E-025
  6.649995719751532E-025
  6.649995719747706E-025
  6.649995719743854E-025
  6.649995719739902E-025
  6.649995719735911E-025
  6.649995719731880E-025
  6.649995719727707E-025
  6.649995719723449E-025
  6.649995719719174E-025
  6.649995719714792E-025
  6.649995719710345E-025
  6.649995719705838E-025
  6.649995719701236E-025
  6.649995719696554E-025
  6.649995719691777E-025
  6.649995719686954E-025
  6.649995719682054E-025
  6.649995719677066E-025
  6.649995719671955E-025
  6.649995719666777E-025
  6.649995719661543E-025
  6.649995719656161E-025
  6.649995719650732E-025
  6.649995719645190E-025
  6.649995719639592E-025
  6.649995719633846E-025
  6.649995719628035E-025
  6.649995719622062E-025
  6.649995719616068E-025
  6.649995719609917E-025
  6.649995719603642E-025
  6.649995719597272E-025
  6.649995719590860E-025
  6.649995719584234E-025
  6.649995719577571E-025
  6.649995719570775E-025
  6.649995719563859E-025
  6.649995719556864E-025
  6.649995719549705E-025
  6.649995719542417E-025
  6.649995719535017E-025
  6.649995719527492E-025
  6.649995719519821E-025
  6.649995719512038E-025
  6.649995719504134E-025
  6.649995719496087E-025
  6.649995719487884E-025
  6.649995719479541E-025
  6.649995719471066E-025
  6.649995719462455E-025
  6.649995719453668E-025
  6.649995719444754E-025
  6.649995719435668E-025
  6.649995719426460E-025
  6.649995719417097E-025
  6.649995719407498E-025
  6.649995719397764E-025
  6.649995719387918E-025
  6.649995719377836E-025
  6.649995719367609E-025
  6.649995719357192E-025
  6.649995719346622E-025
  6.649995719335878E-025
  6.649995719324926E-025
  6.649995719313800E-025
  6.649995719302457E-025
  6.649995719290972E-025
  6.649995719279248E-025
  6.649995719267311E-025
  6.649995719255193E-025
  6.649995719242860E-025
  6.649995719230307E-025
  6.649995719217533E-025
  6.649995719204567E-025
  6.649995719191374E-025
  6.649995719177950E-025
  6.649995719164293E-025
  6.649995719150405E-025
  6.649995719136253E-025
  6.649995719121907E-025
  6.649995719107274E-025
  6.649995719092387E-025
  6.649995719077253E-025
  6.649995719061898E-025
  6.649995719046241E-025
  6.649995719030323E-025
  6.649995719014129E-025
  6.649995718997637E-025
  6.649995718980853E-025
  6.649995718963831E-025
  6.649995718946492E-025
  6.649995718928843E-025
  6.649995718910936E-025
  6.649995718892694E-025
  6.649995718874139E-025
  6.649995718855204E-025
  6.649995718836055E-025
  6.649995718816535E-025
  6.649995718796619E-025
  6.649995718776420E-025
  6.649995718755842E-025
  6.649995718734946E-025
  6.649995718713667E-025
  6.649995718692046E-025
  6.649995718670042E-025
  6.649995718647640E-025
  6.649995718624886E-025
  6.649995718601747E-025
  6.649995718578178E-025
  6.649995718554259E-025
  6.649995718529849E-025
  6.649995718505078E-025
  6.649995718479874E-025
  6.649995718454226E-025
  6.649995718428146E-025
  6.649995718401607E-025
  6.649995718374667E-025
  6.649995718347146E-025
  6.649995718319260E-025
  6.649995718290851E-025
  6.649995718261941E-025
  6.649995718232568E-025
  6.649995718202631E-025
  6.649995718172232E-025
  6.649995718141321E-025
  6.649995718109857E-025
  6.649995718077875E-025
  6.649995718045278E-025
  6.649995718012189E-025
  6.649995717978548E-025
  6.649995717944253E-025
  6.649995717909478E-025
  6.649995717873964E-025
  6.649995717837944E-025
  6.649995717801291E-025
  6.649995717763943E-025
  6.649995717725977E-025
  6.649995717687386E-025
  6.649995717648153E-025
  6.649995717608198E-025
  6.649995717567586E-025
  6.649995717526310E-025
  6.649995717484292E-025
  6.649995717441570E-025
  6.649995717398077E-025
  6.649995717353848E-025
  6.649995717308881E-025
  6.649995717263151E-025
  6.649995717216584E-025
  6.649995717169222E-025
  6.649995717121084E-025
  6.649995717072071E-025
  6.649995717022264E-025
  6.649995716971599E-025
  6.649995716920036E-025
  6.649995716867602E-025
  6.649995716814252E-025
  6.649995716760018E-025
  6.649995716704795E-025
  6.649995716648721E-025
  6.649995716591602E-025
  6.649995716533532E-025
  6.649995716474462E-025
  6.649995716414394E-025
  6.649995716353241E-025
  6.649995716291103E-025
  6.649995716227801E-025
  6.649995716163521E-025
  6.649995716098123E-025
  6.649995716031570E-025
  6.649995715963867E-025
  6.649995715895034E-025
  6.649995715824995E-025
  6.649995715753714E-025
  6.649995715681280E-025
  6.649995715607580E-025
  6.649995715532579E-025
  6.649995715456328E-025
  6.649995715378806E-025
  6.649995715299867E-025
  6.649995715219581E-025
  6.649995715137927E-025
  6.649995715054923E-025
  6.649995714970426E-025
  6.649995714884536E-025
  6.649995714797174E-025
  6.649995714708249E-025
  6.649995714617875E-025
  6.649995714525890E-025
  6.649995714432323E-025
  6.649995714337154E-025
  6.649995714240411E-025
  6.649995714141885E-025
  6.649995714041773E-025
  6.649995713939877E-025
  6.649995713836308E-025
  6.649995713730919E-025
  6.649995713623714E-025
  6.649995713514697E-025
  6.649995713403754E-025
  6.649995713290977E-025
  6.649995713176240E-025
  6.649995713059468E-025
  6.649995712940748E-025
  6.649995712819985E-025
  6.649995712697122E-025
  6.649995712572125E-025
  6.649995712445040E-025
  6.649995712315768E-025
  6.649995712184272E-025
  6.649995712050503E-025
  6.649995711914459E-025
  6.649995711776108E-025
  6.649995711635307E-025
  6.649995711492119E-025
  6.649995711346482E-025
  6.649995711198295E-025
  6.649995711047618E-025
  6.649995710894349E-025
  6.649995710738432E-025
  6.649995710579827E-025
  6.649995710418513E-025
  6.649995710254466E-025
  6.649995710087541E-025
  6.649995709917806E-025
  6.649995709745034E-025
  6.649995709569459E-025
  6.649995709390799E-025
  6.649995709209077E-025
  6.649995709024180E-025
  6.649995708836167E-025
  6.649995708644889E-025
  6.649995708450300E-025
  6.649995708252445E-025
  6.649995708051173E-025
  6.649995707846444E-025
  6.649995707638161E-025
  6.649995707426329E-025
  6.649995707210923E-025
  6.649995706991694E-025
  6.649995706768746E-025
  6.649995706541989E-025
  6.649995706311366E-025
  6.649995706076779E-025
  6.649995705838156E-025
  6.649995705595376E-025
  6.649995705348464E-025
  6.649995705097296E-025
  6.649995704841857E-025
  6.649995704581974E-025
  6.649995704317644E-025
  6.649995704048824E-025
  6.649995703775386E-025
  6.649995703497239E-025
  6.649995703214233E-025
  6.649995702926490E-025
  6.649995702633734E-025
  6.649995702335991E-025
  6.649995702033039E-025
  6.649995701725000E-025
  6.649995701411584E-025
  6.649995701092842E-025
  6.649995700768582E-025
  6.649995700438832E-025
  6.649995700103367E-025
  6.649995699762122E-025
  6.649995699415012E-025
  6.649995699061952E-025
  6.649995698702873E-025
  6.649995698337567E-025
  6.649995697965980E-025
  6.649995697588094E-025
  6.649995697203683E-025
  6.649995696812621E-025
  6.649995696414917E-025
  6.649995696010326E-025
  6.649995695598822E-025
  6.649995695180251E-025
  6.649995694754519E-025
  6.649995694321453E-025
  6.649995693880922E-025
  6.649995693432838E-025
  6.649995692977070E-025
  6.649995692513447E-025
  6.649995692041855E-025
  6.649995691562192E-025
  6.649995691074260E-025
  6.649995690577970E-025
  6.649995690073187E-025
  6.649995689559747E-025
  6.649995689037454E-025
  6.649995688506168E-025
  6.649995687965824E-025
  6.649995687416141E-025
  6.649995686857062E-025
  6.649995686288332E-025
  6.649995685709846E-025
  6.649995685121408E-025
  6.649995684522985E-025
  6.649995683914179E-025
  6.649995683294927E-025
  6.649995682665015E-025
  6.649995682024364E-025
  6.649995681372624E-025
  6.649995680709762E-025
  6.649995680035446E-025
  6.649995679349613E-025
  6.649995678651988E-025
  6.649995677942358E-025
  6.649995677220578E-025
  6.649995676486388E-025
  6.649995675739580E-025
  6.649995674979966E-025
  6.649995674207268E-025
  6.649995673421333E-025
  6.649995672621956E-025
  6.649995671808812E-025
  6.649995670981640E-025
  6.649995670140333E-025
  6.649995669284569E-025
  6.649995668414067E-025
  6.649995667528593E-025
  6.649995666628032E-025
  6.649995665711977E-025
  6.649995664780130E-025
  6.649995663832241E-025
  6.649995662868125E-025
  6.649995661887470E-025
  6.649995660889962E-025
  6.649995659875329E-025
  6.649995658843282E-025
  6.649995657793486E-025
  6.649995656725693E-025
  6.649995655639537E-025
  6.649995654534765E-025
  6.649995653410980E-025
  6.649995652267858E-025
  6.649995651105177E-025
  6.649995649922541E-025
  6.649995648719574E-025
  6.649995647495925E-025
  6.649995646251272E-025
  6.649995644985256E-025
  6.649995643697456E-025
  6.649995642387600E-025
  6.649995641055180E-025
  6.649995639699943E-025
  6.649995638321435E-025
  6.649995636919227E-025
  6.649995635492990E-025
  6.649995634042214E-025
  6.649995632566464E-025
  6.649995631065449E-025
  6.649995629538594E-025
  6.649995627985647E-025
  6.649995626405930E-025
  6.649995624799087E-025
  6.649995623164635E-025
  6.649995621502191E-025
  6.649995619811142E-025
  6.649995618091038E-025
  6.649995616341445E-025
  6.649995614561722E-025
  6.649995612751546E-025
  6.649995610910226E-025
  6.649995609037290E-025
  6.649995607132219E-025
  6.649995605194382E-025
  6.649995603223346E-025
  6.649995601218400E-025
  6.649995599179080E-025
  6.649995597104714E-025
  6.649995594994776E-025
  6.649995592848528E-025
  6.649995590665480E-025
  6.649995588444927E-025
  6.649995586186370E-025
  6.649995583888958E-025
  6.649995581552137E-025
  6.649995579175261E-025
  6.649995576757606E-025
  6.649995574298531E-025
  6.649995571797271E-025
  6.649995569253106E-025
  6.649995566665471E-025
  6.649995564033476E-025
  6.649995561356483E-025
  6.649995558633658E-025
  6.649995555864351E-025
  6.649995553047724E-025
  6.649995550183080E-025
  6.649995547269599E-025
  6.649995544306534E-025
  6.649995541293023E-025
  6.649995538228448E-025
  6.649995535111839E-025
  6.649995531942454E-025
  6.649995528719566E-025
  6.649995525442412E-025
  6.649995522109855E-025
  6.649995518721579E-025
  6.649995515276428E-025
  6.649995511773726E-025
  6.649995508212669E-025
  6.649995504592445E-025
  6.649995500912394E-025
  6.649995497171493E-025
  6.649995493369097E-025
  6.649995489504322E-025
  6.649995485576493E-025
  6.649995481584797E-025
  6.649995477528543E-025
  6.649995473406944E-025
  6.649995469218842E-025
  6.649995464963842E-025
  6.649995460641552E-025
  6.649995456250350E-025
  6.649995451789874E-025
  6.649995447260004E-025
  6.649995442658626E-025
  6.649995437986416E-025
  6.649995433241926E-025
  6.649995428423020E-025
  6.649995423532199E-025
  6.649995418565278E-025
  6.649995413522433E-025
  6.649995408404091E-025
  6.649995403209763E-025
  6.649995397935099E-025
  6.649995392582444E-025
  6.649995387151184E-025
  6.649995381636024E-025
  6.649995376042410E-025
  6.649995370362220E-025
  6.649995364602106E-025
  6.649995358755492E-025
  6.649995352820963E-025
  6.649995346800248E-025
  6.649995340688597E-025
  6.649995334492242E-025
  6.649995328202117E-025
  6.649995321816202E-025
  6.649995315337201E-025
  6.649995308763871E-025
  6.649995302094486E-025
  6.649995295327741E-025
  6.649995288455786E-025
  6.649995281482439E-025
  6.649995274405795E-025
  6.649995267224025E-025
  6.649995259927648E-025
  6.649995252529288E-025
  6.649995245011305E-025
  6.649995237378963E-025
  6.649995229638806E-025
  6.649995221770867E-025
  6.649995213781139E-025
  6.649995205667043E-025
  6.649995197436207E-025
  6.649995189065275E-025
  6.649995180561366E-025
  6.649995171933107E-025
  6.649995163154495E-025
  6.649995154245880E-025
  6.649995145179622E-025
  6.649995135977463E-025
  6.649995126623491E-025
  6.649995117114302E-025
  6.649995107446004E-025
  6.649995097615057E-025
  6.649995087632616E-025
  6.649995077480466E-025
  6.649995067154728E-025
  6.649995056651314E-025
  6.649995045966169E-025
  6.649995035111856E-025
  6.649995024068087E-025
  6.649995012830597E-025
  6.649995001412689E-025
  6.649994989792857E-025
  6.649994977966633E-025
  6.649994965948174E-025
  6.649994953695958E-025
  6.649994941261801E-025
  6.649994928584677E-025
  6.649994915698224E-025
  6.649994902598263E-025
  6.649994889240972E-025
  6.649994875660998E-025
  6.649994861854138E-025
  6.649994847795373E-025
  6.649994833479929E-025
  6.649994818923663E-025
  6.649994804100859E-025
  6.649994789027688E-025
  6.649994773678213E-025
  6.649994758068433E-025
  6.649994742172409E-025
  6.649994726006129E-025
  6.649994709543398E-025
  6.649994692800153E-025
  6.649994675750113E-025
  6.649994658409262E-025
  6.649994640751051E-025
  6.649994622791491E-025
  6.649994604503798E-025
  6.649994585903978E-025
  6.649994566986575E-025
  6.649994547724845E-025
  6.649994528113135E-025
  6.649994508188403E-025
  6.649994487881688E-025
  6.649994467249676E-025
  6.649994446245783E-025
  6.649994424863650E-025
  6.649994403138588E-025
  6.649994381024487E-025
  6.649994358514445E-025
  6.649994335622954E-025
  6.649994312343886E-025
  6.649994288670724E-025
  6.649994264577681E-025
  6.649994240058549E-025
  6.649994215146672E-025
  6.649994189794403E-025
  6.649994164016861E-025
  6.649994137787210E-025
  6.649994111117096E-025
  6.649994084001286E-025
  6.649994056428402E-025
  6.649994028379953E-025
  6.649993999859338E-025
  6.649993970863899E-025
  6.649993941365907E-025
  6.649993911378017E-025
  6.649993880892398E-025
  6.649993849876942E-025
  6.649993818367535E-025
  6.649993786315296E-025
  6.649993753711369E-025
  6.649993720583084E-025
  6.649993686890556E-025
  6.649993652634254E-025
  6.649993617810376E-025
  6.649993582409260E-025
  6.649993546407174E-025
  6.649993509801076E-025
  6.649993472587736E-025
  6.649993434748004E-025
  6.649993396274723E-025
  6.649993357152996E-025
  6.649993317380255E-025
  6.649993276944965E-025
  6.649993235835407E-025
  6.649993194027237E-025
  6.649993151520796E-025
  6.649993108303580E-025
  6.649993064349503E-025
  6.649993019659716E-025
  6.649992974216897E-025
  6.649992928012569E-025
  6.649992881030241E-025
  6.649992833239791E-025
  6.649992784657647E-025
  6.649992735243149E-025
  6.649992685001731E-025
  6.649992633879341E-025
  6.649992581924569E-025
  6.649992529066818E-025
  6.649992475307608E-025
  6.649992420641162E-025
  6.649992365028795E-025
  6.649992308475873E-025
  6.649992250953498E-025
  6.649992192443428E-025
  6.649992132950084E-025
  6.649992072432919E-025
  6.649992010864556E-025
  6.649991948241989E-025
  6.649991884529562E-025
  6.649991819740309E-025
  6.649991753837125E-025
  6.649991686810241E-025
  6.649991618613835E-025
  6.649991549241050E-025
  6.649991478662938E-025
  6.649991406878235E-025
  6.649991333851439E-025
  6.649991259574605E-025
  6.649991184004112E-025
  6.649991107116540E-025
  6.649991028917221E-025
  6.649990949353729E-025
  6.649990868431064E-025
  6.649990786089974E-025
  6.649990702317012E-025
  6.649990617105277E-025
  6.649990530410773E-025
  6.649990442226345E-025
  6.649990352531547E-025
  6.649990261269664E-025
  6.649990168413479E-025
  6.649990073965553E-025
  6.649989977867966E-025
  6.649989880122688E-025
  6.649989780696257E-025
  6.649989679538761E-025
  6.649989576611234E-025
  6.649989471923184E-025
  6.649989365434930E-025
  6.649989257094478E-025
  6.649989146891545E-025
  6.649989034769430E-025
  6.649988920724447E-025
  6.649988804724809E-025
  6.649988686706753E-025
  6.649988566666476E-025
  6.649988444540096E-025
  6.649988320322203E-025
  6.649988193973428E-025
  6.649988065436404E-025
  6.649987934699549E-025
  6.649987801720563E-025
  6.649987666443340E-025
  6.649987528849100E-025
  6.649987388878258E-025
  6.649987246513879E-025
  6.649987101714880E-025
  6.649986954447083E-025
  6.649986804631428E-025
  6.649986652262886E-025
  6.649986497289971E-025
  6.649986339648884E-025
  6.649986179317672E-025
  6.649986016250157E-025
  6.649985850379547E-025
  6.649985681708230E-025
  6.649985510111225E-025
  6.649985335611349E-025
  6.649985158139888E-025
  6.649984977615008E-025
  6.649984793997319E-025
  6.649984607277311E-025
  6.649984417347197E-025
  6.649984224208610E-025
  6.649984027730805E-025
  6.649983827937183E-025
  6.649983624714928E-025
  6.649983418040780E-025
  6.649983207840176E-025
  6.649982994027229E-025
  6.649982776592594E-025
  6.649982555423895E-025
  6.649982330498227E-025
  6.649982101740093E-025
  6.649981869069825E-025
  6.649981632412005E-025
  6.649981391718046E-025
  6.649981146917908E-025
  6.649980897942126E-025
  6.649980644713727E-025
  6.649980387160788E-025
  6.649980125191865E-025
  6.649979858746412E-025
  6.649979587746163E-025
  6.649979312111293E-025
  6.649979031745883E-025
  6.649978746597062E-025
  6.649978456576815E-025
  6.649978161564080E-025
  6.649977861523478E-025
  6.649977556312713E-025
  6.649977245896565E-025
  6.649976930143043E-025
  6.649976608971935E-025
  6.649976282300674E-025
  6.649975950038886E-025
  6.649975612069144E-025
  6.649975268282556E-025
  6.649974918599448E-025
  6.649974562938453E-025
  6.649974201113715E-025
  6.649973833137659E-025
  6.649973458794591E-025
  6.649973078045794E-025
  6.649972690741370E-025
  6.649972296769548E-025
  6.649971896051138E-025
  6.649971488419137E-025
  6.649971073775627E-025
  6.649970652017477E-025
  6.649970222989891E-025
  6.649969786609601E-025
  6.649969342706904E-025
  6.649968891150100E-025
  6.649968431850473E-025
  6.649967964629685E-025
  6.649967489387280E-025
  6.649967005955869E-025
  6.649966514180446E-025
  6.649966014009421E-025
  6.649965505174965E-025
  6.649964987601315E-025
  6.649964461142948E-025
  6.649963925605637E-025
  6.649963380831066E-025
  6.649962826698071E-025
  6.649962263060400E-025
  6.649961689701924E-025
  6.649961106494629E-025
  6.649960513237172E-025
  6.649959909789411E-025
  6.649959295937967E-025
  6.649958671555698E-025
  6.649958036447484E-025
  6.649957390393952E-025
  6.649956733251073E-025
  6.649956064785040E-025
  6.649955384846578E-025
  6.649954693195420E-025
  6.649953989674751E-025
  6.649953274075385E-025
  6.649952546201491E-025
  6.649951805795127E-025
  6.649951052642089E-025
  6.649950286610456E-025
  6.649949507393496E-025
  6.649948714776020E-025
  6.649947908596457E-025
  6.649947088554255E-025
  6.649946254443247E-025
  6.649945405991577E-025
  6.649944542986185E-025
  6.649943665185497E-025
  6.649942772301377E-025
  6.649941864106155E-025
  6.649940940345356E-025
  6.649940000737075E-025
  6.649939044993263E-025
  6.649938072863791E-025
  6.649937084074732E-025
  6.649936078308960E-025
  6.649935055333222E-025
  6.649934014749645E-025
  6.649932956372400E-025
  6.649931879859509E-025
  6.649930784855551E-025
  6.649929671090635E-025
  6.649928538241625E-025
  6.649927385935484E-025
  6.649926213902538E-025
  6.649925021753954E-025
  6.649923809191770E-025
  6.649922575832191E-025
  6.649921321323208E-025
  6.649920045308669E-025
  6.649918747384664E-025
  6.649917427235841E-025
  6.649916084443802E-025
  6.649914718650584E-025
  6.649913329419051E-025
  6.649911916293923E-025
  6.649910479058046E-025
  6.649909017061923E-025
  6.649907530013307E-025
  6.649906017477273E-025
  6.649904478962575E-025
  6.649902914067701E-025
  6.649901322363842E-025
  6.649899703388368E-025
  6.649898056499407E-025
  6.649896381401663E-025
  6.649894677272826E-025
  6.649892944666857E-025
  6.649891181864487E-025
  6.649889388539816E-025
  6.649887565239543E-025
  6.649885708874586E-025
  6.649883823189769E-025
  6.649881903338237E-025
  6.649879951479532E-025
  6.649877967348578E-025
  6.649875946947124E-025
  6.649873891022511E-025
  6.649871801302272E-025
  6.649869674071652E-025
  6.649867508996495E-025
  6.649865311562344E-025
  6.649863076266189E-025
  6.649860802899041E-025
  6.649858482685058E-025
  6.649856135422431E-025
  6.649853732092263E-025
  6.649851299958206E-025
  6.649848820037392E-025
  6.649846299602059E-025
  6.649843715689900E-025
  6.649841114624200E-025
  6.649838481951192E-025
  6.649835785460428E-025
  6.649833039930839E-025
  6.649830230661140E-025
  6.649827447473158E-025
  6.649824529516218E-025
  6.649821556635866E-025
  6.649818609036511E-025
  6.649815520465901E-025
  6.649812486050323E-025
  6.649809379517173E-025
  6.649806042863840E-025
  6.649802813888201E-025
  6.649799665680904E-025
  6.649796256642099E-025
  6.649792659548936E-025
  6.649789355554701E-025
  6.649785781832380E-025
  6.649782137192938E-025
  6.649778435187893E-025
  6.649774805797696E-025
  6.649770970185764E-025
  6.649766804730505E-025
  6.649763031402905E-025
  6.649759265315814E-025
  6.649755295056021E-025
  6.649750942992575E-025
  6.649746693171544E-025
  6.649742962907258E-025
  6.649738023503300E-025
  6.649734032504414E-025
  6.649728808899328E-025
  6.649724860721115E-025
  6.649719836280341E-025
  6.649715461453725E-025
  6.649710751755294E-025
  6.649705826562793E-025
  6.649700568033993E-025
  6.649695659078153E-025
  6.649690542968919E-025
  6.649684723348822E-025
  6.649679734233893E-025
  6.649674011704421E-025
  6.649668890752564E-025
  6.649663871385524E-025
  6.649657550165649E-025
  6.649652635719235E-025
  6.649645600251040E-025
  6.649639753951978E-025
  6.649633475043432E-025
  6.649627483788354E-025
  6.649621139385321E-025
  6.649614690256800E-025
  6.649608863427330E-025
  6.649600879308899E-025
  6.649593988536637E-025
  6.649588190560713E-025
  6.649581167521388E-025
  6.649573641854105E-025
  6.649566218679596E-025
  6.649559026425283E-025
  6.649551200413545E-025
  6.649544491340183E-025
  6.649535842947288E-025
  6.649527829440147E-025
  6.649521776016855E-025
  6.649512044792145E-025
  6.649504510494000E-025
  6.649496080739265E-025
  6.649487675635649E-025
  6.649477943768154E-025
  6.649470894081587E-025
  6.649460807089952E-025
  6.649450252856123E-025
  6.649442199194655E-025
  6.649433189326768E-025
  6.649423564042456E-025
  6.649411546598155E-025
  6.649404189793664E-025
  6.649392693274070E-025
  6.649384092071276E-025
  6.649374777412577E-025
  6.649358308649416E-025
  6.649350425543842E-025
  6.649337618227540E-025
  6.649327239153278E-025
  6.649315645865897E-025
  6.649305239856954E-025
  6.649292103436162E-025
  6.649282376175966E-025
  6.649269654530552E-025
  6.649258784146336E-025
  6.649241100688549E-025
  6.649230923359347E-025
  6.649217041270767E-025
  6.649203329063466E-025
  6.649192284554578E-025
  6.649177087924673E-025
  6.649162921575768E-025
  6.649147281270406E-025
  6.649134421161691E-025
  6.649116659932764E-025
  6.649104466574497E-025
  6.649090608286164E-025
  6.649072913513779E-025
  6.649059016283084E-025
  6.649043718292918E-025
  6.649024804016453E-025
  6.649007210936249E-025
  6.648990412379494E-025
  6.648971816777894E-025
  6.648955369980998E-025
  6.648939275271082E-025
  6.648921392979677E-025
  6.648901333692402E-025
  6.648884085621477E-025
  6.648862712628740E-025
  6.648845656520623E-025
  6.648825045862262E-025
  6.648805294926482E-025
  6.648783171191612E-025
  6.648761107744342E-025
  6.648740974362161E-025
  6.648721553094854E-025
  6.648696960652952E-025
  6.648676793711923E-025
  6.648654485465640E-025
  6.648633136040475E-025
  6.648608532939838E-025
  6.648582626611724E-025
  6.648558052575545E-025
  6.648534081587235E-025
  6.648508640774218E-025
  6.648483048408890E-025
  6.648457726029616E-025
  6.648431509501993E-025
  6.648405757375397E-025
  6.648377344455106E-025
  6.648348548514931E-025
  6.648321658581907E-025
  6.648291027174073E-025
  6.648263888798951E-025
  6.648232760724749E-025
  6.648204305477966E-025
  6.648172513470829E-025
  6.648144066377936E-025
  6.648108977448162E-025
  6.648075364823073E-025
  6.648044190205271E-025
  6.648010723501947E-025
  6.647976559484122E-025
  6.647940966160134E-025
  6.647907856424226E-025
  6.647869542861754E-025
  6.647835059190197E-025
  6.647798686981850E-025
  6.647759174911783E-025
  6.647722024581149E-025
  6.647682599236051E-025
  6.647642731770116E-025
  6.647602048212574E-025
  6.647561290178919E-025
  6.647519983210614E-025
  6.647477024888164E-025
  6.647434239317637E-025
  6.647389744859385E-025
  6.647345147687240E-025
  6.647299916072198E-025
  6.647252701164736E-025
  6.647206158332275E-025
  6.647158194610197E-025
  6.647109501706476E-025
  6.647059486722169E-025
  6.647009730865249E-025
  6.646958789934707E-025
  6.646906502739246E-025
  6.646853688784301E-025
  6.646799551988556E-025
  6.646744608098706E-025
  6.646688611308628E-025
  6.646632114800199E-025
  6.646575036517188E-025
  6.646515826004585E-025
  6.646455210982744E-025
  6.646394456639965E-025
  6.646333208267763E-025
  6.646269769934889E-025
  6.646207675607247E-025
  6.646140724840278E-025
  6.646075600366536E-025
  6.646008062887169E-025
  6.645939648014661E-025
  6.645870294823270E-025
  6.645799137794705E-025
  6.645727076571635E-025
  6.645654139784139E-025
  6.645579436924154E-025
  6.645504013335245E-025
  6.645426756214390E-025
  6.645347768352370E-025
  6.645268973718419E-025
  6.645187223262162E-025
  6.645105542351646E-025
  6.645021361947967E-025
  6.644936239525998E-025
  6.644849184096437E-025
  6.644760746602431E-025
  6.644671421109017E-025
  6.644579857803344E-025
  6.644487109316539E-025
  6.644392582993599E-025
  6.644296795620976E-025
  6.644198739619974E-025
  6.644099565265741E-025
  6.643998374781091E-025
  6.643895492048885E-025
  6.643790864758451E-025
  6.643684896669075E-025
  6.643576223526707E-025
  6.643466285805341E-025
  6.643354448962452E-025
  6.643240494871388E-025
  6.643124967275115E-025
  6.643007189219122E-025
  6.642887105123464E-025
  6.642765770334039E-025
  6.642641637513211E-025
  6.642515478356425E-025
  6.642387356195446E-025
  6.642257327229572E-025
  6.642124560966436E-025
  6.641989808932247E-025
  6.641852558645839E-025
  6.641712944895124E-025
  6.641570990288933E-025
  6.641426905509026E-025
  6.641280127622127E-025
  6.641130583636927E-025
  6.640978696758226E-025
  6.640824448839973E-025
  6.640667325163041E-025
  6.640507627451484E-025
  6.640345138688766E-025
  6.640179899675056E-025
  6.640011691694428E-025
  6.639840884063192E-025
  6.639666852642159E-025
  6.639490075604557E-025
  6.639310111483984E-025
  6.639127387470228E-025
  6.638941337059523E-025
  6.638752184640309E-025
  6.638559846206640E-025
  6.638363912258208E-025
  6.638164913938328E-025
  6.637962532918073E-025
  6.637756589768830E-025
  6.637547032174580E-025
  6.637334071052751E-025
  6.637117532636958E-025
  6.636897227501357E-025
  6.636673120014495E-025
  6.636445189490509E-025
  6.636213414142074E-025
  6.635977710927701E-025
  6.635738004905642E-025
  6.635494177990125E-025
  6.635246217419416E-025
  6.634994043380647E-025
  6.634737477761484E-025
  6.634476738574702E-025
  6.634211416054392E-025
  6.633941730269247E-025
  6.633667283530879E-025
  6.633388214783631E-025
  6.633104401636544E-025
  6.632815832963961E-025
  6.632522259317291E-025
  6.632223750394848E-025
  6.631920158205418E-025
  6.631611485660971E-025
  6.631297455349086E-025
  6.630978110265444E-025
  6.630653387002441E-025
  6.630323130959673E-025
  6.629987276787842E-025
  6.629645698382153E-025
  6.629298331828029E-025
  6.628945071400165E-025
  6.628585849727275E-025
  6.628220473066422E-025
  6.627848943037354E-025
  6.627471088800192E-025
  6.627086865432470E-025
  6.626696133181696E-025
  6.626298813836875E-025
  6.625894684019640E-025
  6.625483713417080E-025
  6.625065892278914E-025
  6.624640920824408E-025
  6.624208742856670E-025
  6.623769314069544E-025
  6.623322399268096E-025
  6.622867948916330E-025
  6.622405826753902E-025
  6.621935867488459E-025
  6.621457997987078E-025
  6.620972094680528E-025
  6.620477941845900E-025
  6.619975458288727E-025
  6.619464481236118E-025
  6.618944916343440E-025
  6.618416558287501E-025
  6.617879314035205E-025
  6.617333007528181E-025
  6.616777503025833E-025
  6.616212654167403E-025
  6.615638273384901E-025
  6.615054229076203E-025
  6.614460381615805E-025
  6.613856522850138E-025
  6.613242546009657E-025
  6.612618238192826E-025
  6.611983403398229E-025
  6.611337947747013E-025
  6.610681669436115E-025
  6.610014344034814E-025
  6.609335826522849E-025
  6.608645929488008E-025
  6.607944501270132E-025
  6.607231321496365E-025
  6.606506167870424E-025
  6.605768892818351E-025
  6.605019284127662E-025
  6.604257129372194E-025
  6.603482246956750E-025
  6.602694393576709E-025
  6.601893408998875E-025
  6.601079059815183E-025
  6.600251092522738E-025
  6.599409342182851E-025
  6.598553551425557E-025
  6.597683489998091E-025
  6.596798956856744E-025
  6.595899696792626E-025
  6.594985479892853E-025
  6.594056065217715E-025
  6.593111208578362E-025
  6.592150659270939E-025
  6.591174167342409E-025
  6.590181489200448E-025
  6.589172337820100E-025
  6.588146473016017E-025
  6.587103617321844E-025
  6.586043507055205E-025
  6.584965874432178E-025
  6.583870424802205E-025
  6.582756882097827E-025
  6.581624960440420E-025
  6.580474367489443E-025
  6.579304802203322E-025
  6.578115984562257E-025
  6.576907590981896E-025
  6.575679326610468E-025
  6.574430869705386E-025
  6.573161907915751E-025
  6.571872117212494E-025
  6.570561183489987E-025
  6.569228759453319E-025
  6.567874521053642E-025
  6.566498130918629E-025
  6.565099229595295E-025
  6.563677489667215E-025
  6.562232539196187E-025
  6.560764027195569E-025
  6.559271589279108E-025
  6.557754862862968E-025
  6.556213468467621E-025
  6.554647026046124E-025
  6.553055151925867E-025
  6.551437467890044E-025
  6.549793568253543E-025
  6.548123060329228E-025
  6.546425540983074E-025
  6.544700594851239E-025
  6.542947813334703E-025
  6.541166774068561E-025
  6.539357054622358E-025
  6.537518220340347E-025
  6.535649836522054E-025
  6.533751463638558E-025
  6.531822650672101E-025
  6.529862946769343E-025
  6.527871894912104E-025
  6.525849029362873E-025
  6.523793880757316E-025
  6.521705976097610E-025
  6.519584830587535E-025
  6.517429961562067E-025
  6.515240875009250E-025
  6.513017069565167E-025
  6.510758046593218E-025
  6.508463292189955E-025
  6.506132293488969E-025
  6.503764528059768E-025
  6.501359466797793E-025
  6.498916578130883E-025
  6.496435322271803E-025
  6.493915154455755E-025
  6.491355523495166E-025
  6.488755872134805E-025
  6.486115637215661E-025
  6.483434252082190E-025
  6.480711138978618E-025
  6.477945719504817E-025
  6.475137405448632E-025
  6.472285605830820E-025
  6.469389721741038E-025
  6.466449148291750E-025
  6.463463276735164E-025
  6.460431489340992E-025
  6.457353165478201E-025
  6.454227677920630E-025
  6.451054392861116E-025
  6.447832670755504E-025
  6.444561867976197E-025
  6.441241333056585E-025
  6.437870411063566E-025
  6.434448439849564E-025
  6.430974752546054E-025
  6.427448677070406E-025
  6.423869535196162E-025
  6.420236643702939E-025
  6.416549314329406E-025
  6.412806853675129E-025
  6.409008562324074E-025
  6.405153737397730E-025
  6.401241669122399E-025
  6.397271645305386E-025
  6.393242946620011E-025
  6.389154850126238E-025
  6.385006628625513E-025
  6.380797550106947E-025
  6.376526878010235E-025
  6.372193871974000E-025
  6.367797787420751E-025
  6.363337875638398E-025
  6.358813384184996E-025
  6.354223557217832E-025
  6.349567634610124E-025
  6.344844853613879E-025
  6.340054448002595E-025
  6.335195648376841E-025
  6.330267682403871E-025
  6.325269775217543E-025
  6.320201149248420E-025
  6.315061024639745E-025
  6.309848619278476E-025
  6.304563149118725E-025
  6.299203828313428E-025
  6.293769869754487E-025
  6.288260484492975E-025
  6.282674882663400E-025
  6.277012273734547E-025
  6.271271866297029E-025
  6.265452868488084E-025
  6.259554488201408E-025
  6.253575933855530E-025
  6.247516413652719E-025
  6.241375136776769E-025
  6.235151313227975E-025
  6.228844153964222E-025
  6.222452871590835E-025
  6.215976680441442E-025
  6.209414796696313E-025
  6.202766439009199E-025
  6.196030828735556E-025
  6.189207189955850E-025
  6.182294750148334E-025
  6.175292740406986E-025
  6.168200395701563E-025
  6.161016955222007E-025
  6.153741662887673E-025
  6.146373767451200E-025
  6.138912522955877E-025
  6.131357189141653E-025
  6.123707031673965E-025
  6.115961322779665E-025
  6.108119341179101E-025
  6.100180372926695E-025
  6.092143711499350E-025
  6.084008658170148E-025
  6.075774522604615E-025
  6.067440623048403E-025
  6.059006286814865E-025
  6.050470850618412E-025
  6.041833661132300E-025
  6.033094075084803E-025
  6.024251459999245E-025
  6.015305194374241E-025
  6.006254668132242E-025
  5.997099283181275E-025
  5.987838453550695E-025
  5.978471605992164E-025
  5.968998180395426E-025
  5.959417630127313E-025
  5.949729422369561E-025
  5.939933038787755E-025
  5.930027975639504E-025
  5.920013744336106E-025
  5.909889871897755E-025
  5.899655901207951E-025
  5.889311391509134E-025
  5.878855918813145E-025
  5.868289076270704E-025
  5.857610474538070E-025
  5.846819742187324E-025
  5.835916526157045E-025
  5.824900491969182E-025
  5.813771324290820E-025
  5.802528727155365E-025
  5.791172424474450E-025
  5.779702160179383E-025
  5.768117698828726E-025
  5.756418825749175E-025
  5.744605347455479E-025
  5.732677092015967E-025
  5.720633909287735E-025
  5.708475671283587E-025
  5.696202272445251E-025
  5.683813629962638E-025
  5.671309684082610E-025
  5.658690398273286E-025
  5.645955759638436E-025
  5.633105779016065E-025
  5.620140491369768E-025
  5.607059955879314E-025
  5.593864256275455E-025
  5.580553500970713E-025
  5.567127823237562E-025
  5.553587381489263E-025
  5.539932359313600E-025
  5.526162965754495E-025
  5.512279435337273E-025
  5.498282028285693E-025
  5.484171030522166E-025
  5.469946753913033E-025
  5.455609536233442E-025
  5.441159741243915E-025
  5.426597758806665E-025
  5.411924004863460E-025
  5.397138921463408E-025
  5.382242976779724E-025
  5.367236665086550E-025
  5.352120506758434E-025
  5.336895048163359E-025
  5.321560861697867E-025
  5.306118545611548E-025
  5.290568723988691E-025
  5.274912046597239E-025
  5.259149188779331E-025
  5.243280851302552E-025
  5.227307760219546E-025
  5.211230666666031E-025
  5.195050346706712E-025
  5.178767601086902E-025
  5.162383255052250E-025
  5.145898158099359E-025
  5.129313183698837E-025
  5.112629229048573E-025
  5.095847214790274E-025
  5.078968084681427E-025
  5.061992805377723E-025
  5.044922365953119E-025
  5.027757777671523E-025
  5.010500073624832E-025
  4.993150308439936E-025
  4.975709557594675E-025
  4.958178917293218E-025
  4.940559504011493E-025
  4.922852454052779E-025
  4.905058923128053E-025
  4.887180085862088E-025
  4.869217135435041E-025
  4.851171283027539E-025
  4.833043757383760E-025
  4.814835804344699E-025
  4.796548686308040E-025
  4.778183681774303E-025
  4.759742084809654E-025
  4.741225204533639E-025
  4.722634364575408E-025
  4.703970902599669E-025
  4.685236169696640E-025
  4.666431529879690E-025
  4.647558359475288E-025
  4.628618046926135E-025
  4.609611991529691E-025
  4.590541603476347E-025
  4.571408303026047E-025
  4.552213520062909E-025
  4.532958693458033E-025
  4.513645270514902E-025
  4.494274706408143E-025
  4.474848463615226E-025
  4.455368011318698E-025
  4.435834824884051E-025
  4.416250385233708E-025
  4.396616178425153E-025
  4.376933694963927E-025
  4.357204429148031E-025
  4.337429878687068E-025
  4.317611544103303E-025
  4.297750928179326E-025
  4.277849535406398E-025
  4.257908871466143E-025
  4.237930442643663E-025
  4.217915755417279E-025
  4.197866315958338E-025
  4.177783629301268E-025
  4.157669199188346E-025
  4.137524527466762E-025
  4.117351113560005E-025
  4.097150454040584E-025
  4.076924042107691E-025
  4.056673367400286E-025
  4.036399914977468E-025
  4.016105165320824E-025
  3.995790593819159E-025
  3.975457670301701E-025
  3.955107858576210E-025
  3.934742616401720E-025
  3.914363394406621E-025
  3.893971636287732E-025
  3.873568778188300E-025
  3.853156248443758E-025
  3.832735467236646E-025
  3.812307846291365E-025
  3.791874788332788E-025
  3.771437687013767E-025
  3.750997926520738E-025
  3.730556881422232E-025
  3.710115916226805E-025
  3.689676385098542E-025
  3.669239631769252E-025
  3.648806989220782E-025
  3.628379779535958E-025
  3.607959313469352E-025
  3.587546890426931E-025
  3.567143798265024E-025
  3.546751313177590E-025
  3.526370699246548E-025
  3.506003208511654E-025
  3.485650080949267E-025
  3.465312544011097E-025
  3.444991812662225E-025
  3.424689089313402E-025
  3.404405563756395E-025
  3.384142412808466E-025
  3.363900800475768E-025
  3.343681877976891E-025
  3.323486783244315E-025
  3.303316641246690E-025
  3.283172563990952E-025
  3.263055650089599E-025
  3.242966985078319E-025
  3.222907641381764E-025
  3.202878678053900E-025
  3.182881141005630E-025
  3.162916063008525E-025
  3.142984463457454E-025
  3.123087348697201E-025
  3.103225712001408E-025
  3.083400533324374E-025
  3.063612779667740E-025
  3.043863404806283E-025
  3.024153349703099E-025
  3.004483542286513E-025
  2.984854897577531E-025
  2.965268317877875E-025
  2.945724692575458E-025
  2.926224898566445E-025
  2.906769799941537E-025
  2.887360248391783E-025
  2.867997083132096E-025
  2.848681130965234E-025
  2.829413206530485E-025
  2.810194112140866E-025
  2.791024638163591E-025
  2.771905562856829E-025
  2.752837652707001E-025
  2.733821662238514E-025
  2.714858334472882E-025
  2.695948400662766E-025
  2.677092580718950E-025
  2.658291582950728E-025
  2.639546104799074E-025
  2.620856832166496E-025
  2.602224439947786E-025
  2.583649592049545E-025
  2.565132941621970E-025
  2.546675130949546E-025
  2.528276791719880E-025
  2.509938545051948E-025
  2.491661001608426E-025
  2.473444761707818E-025
  2.455290415403450E-025
  2.437198542654065E-025
  2.419169713244218E-025
  2.401204487143775E-025
  2.383303414307245E-025
  2.365467035274104E-025
  2.347695880463371E-025
  2.329990470887992E-025
  2.312351318088111E-025
  2.294778924125029E-025
  2.277273781848834E-025
  2.259836374720142E-025
  2.242467177162595E-025
  2.225166654431366E-025
  2.207935262778284E-025
  2.190773449647537E-025
  2.173681653577807E-025
  2.156660304205051E-025
  2.139709822447738E-025
  2.122830620661697E-025
  2.106023102563598E-025
  2.089287663322211E-025
  2.072624689719867E-025
  2.056034559931114E-025
  2.039517644189118E-025
  2.023074304024045E-025
  2.006704892795089E-025
  1.990409755758442E-025
  1.974189229894425E-025
  1.958043644203558E-025
  1.941973319511314E-025
  1.925978568658079E-025
  1.910059696789141E-025
  1.894217000630988E-025
  1.878450769274681E-025
  1.862761283874389E-025
  1.847148817771084E-025
  1.831613636513260E-025
  1.816155997903419E-025
  1.800776152146523E-025
  1.785474341427620E-025
  1.770250800456330E-025
  1.755105756244994E-025
  1.740039428124512E-025
  1.725052027974763E-025
  1.710143760210979E-025
  1.695314821383193E-025
  1.680565400580809E-025
  1.665895679515814E-025
  1.651305832304631E-025
  1.636796025770292E-025
  1.622366419253228E-025
  1.608017164482073E-025
  1.593748405998685E-025
  1.579560280812284E-025
  1.565452918716011E-025
  1.551426442227800E-025
  1.537480966339930E-025
  1.523616598815959E-025
  1.509833440180606E-025
  1.496131583672863E-025
  1.482511115488902E-025
  1.468972114371402E-025
  1.455514651853879E-025
  1.442138792485429E-025
  1.428844593433926E-025
  1.415632105187548E-025
  1.402501370607237E-025
  1.389452425764962E-025
  1.376485299528790E-025
  1.363600013961223E-025
  1.350796583988379E-025
  1.338075017566294E-025
  1.325435315598829E-025
  1.312877472239046E-025
  1.300401474745587E-025
  1.288007303520771E-025
  1.275694931858454E-025
  1.263464326887276E-025
  1.251315448254216E-025
  1.239248249497936E-025
  1.227262676991868E-025
  1.215358670620998E-025
  1.203536163725213E-025
  1.191795083005313E-025
  1.180135348790858E-025
  1.168556874594972E-025
  1.157059567745520E-025
  1.145643328902420E-025
  1.134308052899984E-025
  1.123053627632396E-025
  1.111879934969310E-025
  1.100786850574371E-025
  1.089774243911900E-025
  1.078841978519303E-025
  1.067989911456202E-025
  1.057217894050868E-025
  1.046525771437481E-025
  1.035913383612474E-025
  1.025380563659952E-025
  1.014927139309108E-025
  1.004552932583301E-025
  9.942577597140790E-026
  9.840414316756338E-026
  9.739037533893550E-026
  9.638445245347724E-026
  9.538635392523201E-026
  9.439605864754755E-026
  9.341354498398745E-026
  9.243879074851782E-026
  9.147177326226935E-026
  9.051246931466908E-026
  8.956085521383893E-026
  8.861690680761095E-026
  8.768059937096381E-026
  8.675190774412531E-026
  8.583080627087896E-026
  8.491726887077446E-026
  8.401126896610334E-026
  8.311277952556184E-026
  8.222177308922287E-026
  8.133822173936407E-026
  8.046209716733868E-026
  7.959337061106465E-026
  7.873201288834735E-026
  7.787799442385409E-026
  7.703128523097094E-026
  7.619185498227862E-026
  7.535967291401380E-026
  7.453470788647826E-026
  7.371692840493371E-026
  7.290630261187178E-026
  7.210279829966486E-026
  7.130638294644761E-026
  7.051702365201585E-026
  6.973468719974978E-026
  6.895934005996918E-026
  6.819094839135294E-026
  6.742947803280357E-026
  6.667489458657203E-026
  6.592716332313502E-026
  6.518624921282596E-026
  6.445211698290544E-026
  6.372473108297347E-026
  6.300405572597877E-026
  6.229005489023900E-026
  6.158269227216044E-026
  6.088193136597401E-026
  6.018773542787531E-026
  5.950006752257615E-026
  5.881889047171428E-026
  5.814416694769555E-026
  5.747585940488862E-026
  5.681393011077530E-026
  5.615834115421839E-026
  5.550905445400502E-026
  5.486603175943824E-026
  5.422923473082163E-026
  5.359862480072830E-026
  5.297416331014074E-026
  5.235581144681785E-026
  5.174353029038405E-026
  5.113728079944738E-026
  5.053702382374021E-026
  4.994272013942622E-026
  4.935433037453010E-026
  4.877181514186272E-026
  4.819513490641534E-026
  4.762425007846069E-026
  4.705912100920855E-026
  4.649970802275175E-026
  4.594597133637216E-026
  4.539787115252595E-026
  4.485536761902866E-026
  4.431842086581637E-026
  4.378699098608156E-026
  4.326103805311613E-026
  4.274052216711417E-026
  4.222540335188437E-026
  4.171564165147914E-026
  4.121119719253739E-026
  4.071203000056232E-026
  4.021810016846088E-026
  3.972936782019800E-026
  3.924579309222679E-026
  3.876733615897960E-026
  3.829395722305988E-026
  3.782561655141829E-026
  3.736227444450367E-026
  3.690389126587404E-026
  3.645042747451590E-026
  3.600184353199145E-026
  3.555809999675116E-026
  3.511915751189509E-026
  3.468497678398328E-026
  3.425551859934465E-026
  3.383074391417540E-026
  3.341061368426605E-026
  3.299508899236231E-026
  3.258413101563713E-026
  3.217770104818659E-026
  3.177576050200389E-026
  3.137827088966427E-026
  3.098519386779922E-026
  3.059649120586278E-026
  3.021212478127570E-026
  2.983205662233775E-026
  2.945624888364440E-026
  2.908466385742894E-026
  2.871726397890408E-026
  2.835401186322659E-026
  2.799487020897186E-026
  2.763980190799137E-026
  2.728876999149886E-026
  2.694173768160172E-026
  2.659866831500568E-026
  2.625952540279782E-026
  2.592427265512597E-026
  2.559287391619918E-026
  2.526529320299088E-026
  2.494149471225014E-026
  2.462144283574849E-026
  2.430510211541250E-026
  2.399243728534811E-026
  2.368341330264830E-026
  2.337799524369285E-026
  2.307614839929135E-026
  2.277783827432769E-026
  2.248303052971339E-026
  2.219169102390999E-026
  2.190378583963451E-026
  2.161928122907630E-026
  2.133814369130033E-026
  2.106033985552969E-026
  2.078583658404714E-026
  2.051460093589766E-026
  2.024660017885236E-026
  1.998180179884277E-026
  1.972017348929575E-026
  1.946168312079328E-026
  1.920629880558855E-026
  1.895398884509627E-026
  1.870472175412366E-026
  1.845846627409895E-026
  1.821519134281842E-026
  1.797486614957251E-026
  1.773746003959994E-026
  1.750294261717195E-026
  1.727128367604460E-026
  1.704245323145216E-026
  1.681642151872861E-026
  1.659315902506690E-026
  1.637263643577828E-026
  1.615482460361059E-026
  1.593969465779214E-026
  1.572721791240023E-026
  1.551736591655426E-026
  1.531011043082766E-026
  1.510542345060243E-026
  1.490327716896785E-026
  1.470364403600014E-026
  1.450649667299535E-026
  1.431180794678311E-026
  1.411955093621560E-026
  1.392969892900418E-026
  1.374222545196262E-026
  1.355710423768525E-026
  1.337430923746235E-026
  1.319381464238462E-026
  1.301559480817229E-026
  1.283962440263952E-026
  1.266587820305709E-026
  1.249433124627328E-026
  1.232495878685081E-026
  1.215773630306415E-026
  1.199263947537545E-026
  1.182964422214321E-026
  1.166872662456768E-026
  1.150986303626302E-026
  1.135302997446023E-026
  1.119820418253452E-026
  1.104536262895061E-026
  1.089448246865088E-026
  1.074554108327300E-026
  1.059851609988177E-026
  1.045338527729115E-026
  1.031012661304665E-026
  1.016871832526970E-026
  1.002913881604020E-026
  9.891366704673700E-027
  9.755380833607924E-027
  9.621160192106828E-027
  9.488684008697401E-027
  9.357931751216329E-027
  9.228883001844023E-027
  9.101517579438147E-027
  8.975815505795938E-027
  8.851756999474257E-027
  8.729322468624597E-027
  8.608492517431403E-027
  8.489247937396516E-027
  8.371569706552638E-027
  8.255439015821527E-027
  8.140837272499081E-027
  8.027745995767589E-027
  7.916146929176842E-027
  7.806022010667561E-027
  7.697353342149230E-027
  7.590123245824160E-027
  7.484314182775240E-027
  7.379908845378846E-027
  7.276890067772496E-027
  7.175240848865706E-027
  7.074944442176508E-027
  6.975984209262066E-027
  6.878343690674179E-027
  6.782006605274648E-027
  6.686956866373859E-027
  6.593178539227204E-027
  6.500655859787884E-027
  6.409373253264128E-027
  6.319315305438706E-027
  6.230466747741175E-027
  6.142812478260086E-027
  6.056337623982033E-027
  5.971027395345602E-027
  5.886867182468708E-027
  5.803842571703605E-027
  5.721939257543862E-027
  5.641143131337623E-027
  5.561440219004923E-027
  5.482816707294587E-027
  5.405258915568776E-027
  5.328753391413741E-027
  5.253286786981448E-027
  5.178845850842531E-027
  5.105417580665893E-027
  5.032989045302353E-027
  4.961547473873178E-027
  4.891080265626548E-027
