  6.649496362472830E-025
  6.649490448048220E-025
  6.649485973161337E-025
  6.649477835421837E-025
  6.649475165015218E-025
  6.649471207149952E-025
  6.649463959820296E-025
  6.649454625114400E-025
  6.649452491440079E-025
  6.649444652207644E-025
  6.649440469001506E-025
  6.649430551059095E-025
  6.649426216762587E-025
  6.649423634452181E-025
  6.649419822109002E-025
  6.649408381095054E-025
  6.649397744705327E-025
  6.649393614633076E-025
  6.649391904034476E-025
  6.649389070855284E-025
  6.649376425824135E-025
  6.649361781606213E-025
  6.649368911893237E-025
  6.649355471420271E-025
  6.649350198432569E-025
  6.649341222929410E-025
  6.649344391599656E-025
  6.649324401091240E-025
  6.649312950532919E-025
  6.649291157599990E-025
  6.649297449077960E-025
  6.649292440740289E-025
  6.649270732845460E-025
  6.649266677502060E-025
  6.649270836353594E-025
  6.649253183655816E-025
  6.649239490068581E-025
  6.649247364929762E-025
  6.649237560452385E-025
  6.649217730811902E-025
  6.649223728550584E-025
  6.649204690233598E-025
  6.649180213369687E-025
  6.649187927552312E-025
  6.649171502807958E-025
  6.649157749621659E-025
  6.649157063297488E-025
  6.649159745627381E-025
  6.649126317184374E-025
  6.649136009102244E-025
  6.649115810441686E-025
  6.649102255599489E-025
  6.649105298112919E-025
  6.649097579891026E-025
  6.649064735517016E-025
  6.649078754995157E-025
  6.649050841261958E-025
  6.649036591024084E-025
  6.649034174669128E-025
  6.649026542049592E-025
  6.649022540124707E-025
  6.648994782578716E-025
  6.648971610900016E-025
  6.648982988911754E-025
  6.648963520777960E-025
  6.648956772585555E-025
  6.648930299116119E-025
  6.648896491547672E-025
  6.648904604648640E-025
  6.648888998710857E-025
  6.648903775267812E-025
  6.648857243122869E-025
  6.648842783683671E-025
  6.648834310917894E-025
  6.648814861334257E-025
  6.648787431681394E-025
  6.648781485032045E-025
  6.648773347573549E-025
  6.648757250037825E-025
  6.648735894213308E-025
  6.648739226124432E-025
  6.648712386871457E-025
  6.648699213514572E-025
  6.648679345887128E-025
  6.648687052962972E-025
  6.648647833544070E-025
  6.648631458344767E-025
  6.648621060222348E-025
  6.648600126195281E-025
  6.648577339484556E-025
  6.648565014370383E-025
  6.648553396707485E-025
  6.648526939693099E-025
  6.648501474456838E-025
  6.648486082339823E-025
  6.648463144037830E-025
  6.648435611293915E-025
  6.648431244138453E-025
  6.648406014568738E-025
  6.648379061847414E-025
  6.648357941644687E-025
  6.648347034625323E-025
  6.648322334313468E-025
  6.648295265496718E-025
  6.648278283863833E-025
  6.648255879466230E-025
  6.648238571345675E-025
  6.648211214312917E-025
  6.648189630785147E-025
  6.648164318657974E-025
  6.648138895704594E-025
  6.648120353734077E-025
  6.648090705618206E-025
  6.648073750471072E-025
  6.648044580686249E-025
  6.648015775764925E-025
  6.647989074627154E-025
  6.647963988888698E-025
  6.647944810411878E-025
  6.647910414688751E-025
  6.647884000382626E-025
  6.647851670789199E-025
  6.647825716901624E-025
  6.647798899422641E-025
  6.647774540975111E-025
  6.647745970228003E-025
  6.647713087669126E-025
  6.647681060197261E-025
  6.647647351393892E-025
  6.647617145054239E-025
  6.647589516276657E-025
  6.647554569514225E-025
  6.647528022019805E-025
  6.647492996998063E-025
  6.647458066232374E-025
  6.647424456296350E-025
  6.647389835260267E-025
  6.647356397929548E-025
  6.647319855364264E-025
  6.647290622676384E-025
  6.647250284152613E-025
  6.647212761049729E-025
  6.647175114657054E-025
  6.647139452942507E-025
  6.647101269115261E-025
  6.647063554799207E-025
  6.647023749812311E-025
  6.646981584396356E-025
  6.646943079066927E-025
  6.646902403741326E-025
  6.646860168591320E-025
  6.646817997900910E-025
  6.646776124838810E-025
  6.646733847240502E-025
  6.646689944681982E-025
  6.646645227564457E-025
  6.646600853187871E-025
  6.646553554841817E-025
  6.646509505546277E-025
  6.646461557127592E-025
  6.646414846289657E-025
  6.646365699237697E-025
  6.646316957941118E-025
  6.646267015211974E-025
  6.646217303711801E-025
  6.646166534213687E-025
  6.646114897472189E-025
  6.646063219097566E-025
  6.646009853801373E-025
  6.645955868301923E-025
  6.645901298651925E-025
  6.645845980817523E-025
  6.645790579230010E-025
  6.645732952266474E-025
  6.645675785260338E-025
  6.645617771089439E-025
  6.645557856088705E-025
  6.645497966792599E-025
  6.645437275632293E-025
  6.645375076065865E-025
  6.645312835168810E-025
  6.645249650875642E-025
  6.645184969262317E-025
  6.645120190728563E-025
  6.645053998017344E-025
  6.644986874455355E-025
  6.644918934736894E-025
  6.644850214651169E-025
  6.644780274979205E-025
  6.644708736053784E-025
  6.644637308845588E-025
  6.644564786665760E-025
  6.644490533805286E-025
  6.644416095311043E-025
  6.644340293826758E-025
  6.644263309456090E-025
  6.644185209993342E-025
  6.644106060819745E-025
  6.644026074985131E-025
  6.643944669319866E-025
  6.643862189758055E-025
  6.643778840159683E-025
  6.643694029897270E-025
  6.643608105388248E-025
  6.643521022637755E-025
  6.643432868333997E-025
  6.643343199471834E-025
  6.643252435854200E-025
  6.643160329624670E-025
  6.643067112904417E-025
  6.642972564306588E-025
  6.642876699577141E-025
  6.642779475284103E-025
  6.642680744797863E-025
  6.642580945887650E-025
  6.642479648500371E-025
  6.642376896762774E-025
  6.642272765004677E-025
  6.642167147559911E-025
  6.642060081755977E-025
  6.641951454337177E-025
  6.641841485811969E-025
  6.641729964975355E-025
  6.641616741365233E-025
  6.641502131889998E-025
  6.641385871392235E-025
  6.641268009125892E-025
  6.641148470688651E-025
  6.641027263412084E-025
  6.640904395561222E-025
  6.640779830750124E-025
  6.640653556722834E-025
  6.640525506748950E-025
  6.640395773829714E-025
  6.640264115526691E-025
  6.640130635349570E-025
  6.639995406844968E-025
  6.639858239337823E-025
  6.639719210159718E-025
  6.639578226536202E-025
  6.639435316225891E-025
  6.639290436792797E-025
  6.639143530051363E-025
  6.638994575294376E-025
  6.638843565923277E-025
  6.638690439284550E-025
  6.638535249705767E-025
  6.638377863767443E-025
  6.638218322669546E-025
  6.638056555814564E-025
  6.637892587833018E-025
  6.637726331096702E-025
  6.637557777713487E-025
  6.637386885079742E-025
  6.637213640001794E-025
  6.637037988195629E-025
  6.636859927067927E-025
  6.636679370455275E-025
  6.636496347427926E-025
  6.636310760800393E-025
  6.636122655632734E-025
  6.635931901902370E-025
  6.635738549557764E-025
  6.635542486071493E-025
  6.635343752699091E-025
  6.635142256802906E-025
  6.634937960515065E-025
  6.634730852739940E-025
  6.634520891501423E-025
  6.634308022969295E-025
  6.634092207465553E-025
  6.633873434663663E-025
  6.633651612874139E-025
  6.633426733392408E-025
  6.633198748390731E-025
  6.632967636465458E-025
  6.632733306226156E-025
  6.632495754063112E-025
  6.632254929279188E-025
  6.632010775963873E-025
  6.631763240168677E-025
  6.631512304755043E-025
  6.631257904263986E-025
  6.630999991681013E-025
  6.630738531438571E-025
  6.630473453050431E-025
  6.630204724115841E-025
  6.629932288594019E-025
  6.629656100304818E-025
  6.629376100724252E-025
  6.629092246527394E-025
  6.628804478093886E-025
  6.628512748862154E-025
  6.628216995252892E-025
  6.627917172736835E-025
  6.627613222700281E-025
  6.627305079028240E-025
  6.626992696920848E-025
  6.626676012216464E-025
  6.626354967848190E-025
  6.626029508359500E-025
  6.625699567719970E-025
  6.625365088374956E-025
  6.625026005585589E-025
  6.624682261144113E-025
  6.624333787992979E-025
  6.623980523513986E-025
  6.623622405092577E-025
  6.623259362595143E-025
  6.622891328572431E-025
  6.622518236582947E-025
  6.622140020613051E-025
  6.621756611294692E-025
  6.621367931133003E-025
  6.620973917902020E-025
  6.620574492839868E-025
  6.620169585528177E-025
  6.619759123565612E-025
  6.619343027856234E-025
  6.618921222103803E-025
  6.618493631115694E-025
  6.618060177197727E-025
  6.617620780375741E-025
  6.617175360642888E-025
  6.616723834824188E-025
  6.616266121923874E-025
  6.615802139307796E-025
  6.615331800972122E-025
  6.614855023496968E-025
  6.614371716672417E-025
  6.613881795030144E-025
  6.613385168503945E-025
  6.612881747191425E-025
  6.612371439947070E-025
  6.611854153128417E-025
  6.611329796326727E-025
  6.610798271738480E-025
  6.610259481769014E-025
  6.609713332279434E-025
  6.609159722698533E-025
  6.608598552932153E-025
  6.608029723090735E-025
  6.607453129880183E-025
  6.606868668380014E-025
  6.606276233990898E-025
  6.605675721600346E-025
  6.605067022008070E-025
  6.604450024990379E-025
  6.603824623264974E-025
  6.603190701160425E-025
  6.602548144949233E-025
  6.601896842673282E-025
  6.601236677091940E-025
  6.600567528035235E-025
  6.599889277143376E-025
  6.599201805073914E-025
  6.598504989253179E-025
  6.597798703082305E-025
  6.597082822831840E-025
  6.596357221073280E-025
  6.595621770808328E-025
  6.594876338250360E-025
  6.594120793701234E-025
  6.593355003365504E-025
  6.592578832402172E-025
  6.591792142961112E-025
  6.590994795571733E-025
  6.590186651017073E-025
  6.589367567688390E-025
  6.588537401208581E-025
  6.587696004980865E-025
  6.586843233040047E-025
  6.585978933717609E-025
  6.585102958356495E-025
  6.584215154771140E-025
  6.583315364543330E-025
  6.582403433581534E-025
  6.581479202989291E-025
  6.580542510811960E-025
  6.579593196547739E-025
  6.578631094114502E-025
  6.577656037195863E-025
  6.576667858365458E-025
  6.575666386074101E-025
  6.574651448282210E-025
  6.573622869787630E-025
  6.572580475150699E-025
  6.571524082883537E-025
  6.570453515977906E-025
  6.569368587302598E-025
  6.568269114515831E-025
  6.567154907640819E-025
  6.566025780540047E-025
  6.564881536594457E-025
  6.563721985967715E-025
  6.562546929458518E-025
  6.561356170095671E-025
  6.560149504856456E-025
  6.558926732215629E-025
  6.557687646360319E-025
  6.556432037026968E-025
  6.555159696835024E-025
  6.553870409907769E-025
  6.552563963298629E-025
  6.551240137495318E-025
  6.549898712286081E-025
  6.548539466922629E-025
  6.547162173608859E-025
  6.545766605694197E-025
  6.544352532579449E-025
  6.542919720913209E-025
  6.541467936732737E-025
  6.539996939521281E-025
  6.538506489252350E-025
  6.536996344011316E-025
  6.535466255273223E-025
  6.533915975587231E-025
  6.532345253555896E-025
  6.530753833473934E-025
  6.529141459122285E-025
  6.527507871810842E-025
  6.525852807462791E-025
  6.524176000510826E-025
  6.522477183564068E-025
  6.520756085398716E-025
  6.519012431909749E-025
  6.517245946120459E-025
  6.515456348428255E-025
  6.513643355660773E-025
  6.511806683310087E-025
  6.509946042795631E-025
  6.508061142564527E-025
  6.506151687500540E-025
  6.504217380525382E-025
  6.502257921226176E-025
  6.500273006389705E-025
  6.498262329294346E-025
  6.496225581066999E-025
  6.494162448629921E-025
  6.492072616145917E-025
  6.489955765268250E-025
  6.487811574128000E-025
  6.485639717987327E-025
  6.483439868760886E-025
  6.481211695660070E-025
  6.478954863856454E-025
  6.476669036131795E-025
  6.474353872324391E-025
  6.472009028245459E-025
  6.469634157655567E-025
  6.467228910015500E-025
  6.464784017067545E-025
  6.462316956310875E-025
  6.459818449256118E-025
  6.457288134350546E-025
  6.454725645155020E-025
  6.452130612716159E-025
  6.449502665271343E-025
  6.446841426836350E-025
  6.444146519693889E-025
  6.441417561879838E-025
  6.438654167582571E-025
  6.435855949944230E-025
  6.433022517616757E-025
  6.430153475468568E-025
  6.427248427116098E-025
  6.424306971533284E-025
  6.421328704660854E-025
  6.418313220306969E-025
  6.415260108794353E-025
  6.412168956429434E-025
  6.409039346995406E-025
  6.405870862578209E-025
  6.402663080493975E-025
  6.399415575142313E-025
  6.396127919083360E-025
  6.392799681493662E-025
  6.389430427792511E-025
  6.386019721059253E-025
  6.382567122273612E-025
  6.379072188674937E-025
  6.375534474167288E-025
  6.371953530882779E-025
  6.368328908265425E-025
  6.364660152391408E-025
  6.360946806663097E-025
  6.357188412105241E-025
  6.353384507413958E-025
  6.349534628659196E-025
  6.345638308304862E-025
  6.341695077653704E-025
  6.337704465059315E-025
  6.333665997521732E-025
  6.329579197776895E-025
  6.325443587306035E-025
  6.321258685589587E-025
  6.317024010111746E-025
  6.312739076003181E-025
  6.308403396427164E-025
  6.304016481817828E-025
  6.299577841855391E-025
  6.295086983841188E-025
  6.290543414037069E-025
  6.285946636046004E-025
  6.281296151993410E-025
  6.276591463579336E-025
  6.271832069509938E-025
  6.267017468723714E-025
  6.262147158243019E-025
  6.257220633353780E-025
  6.252237388592076E-025
  6.247196918026622E-025
  6.242098714559197E-025
  6.236942270467252E-025
  6.231727077072814E-025
  6.226452625260112E-025
  6.221118405130703E-025
  6.215723906838493E-025
  6.210268620511230E-025
  6.204752035636268E-025
  6.199173642057859E-025
  6.193532929689953E-025
  6.187829388324577E-025
  6.182062508645220E-025
  6.176231781760477E-025
  6.170336699117587E-025
  6.164376753245981E-025
  6.158351437396146E-025
  6.152260246149690E-025
  6.146102674924884E-025
  6.139878220301967E-025
  6.133586381386299E-025
  6.127226657502886E-025
  6.120798551676879E-025
  6.114301566715651E-025
  6.107735209111078E-025
  6.101098987160760E-025
  6.094392411540090E-025
  6.087614995591267E-025
  6.080766255684841E-025
  6.073845710794390E-025
  6.066852883275165E-025
  6.059787298719051E-025
  6.052648486387365E-025
  6.045435978891552E-025
  6.038149313490796E-025
  6.030788030495696E-025
  6.023351675324315E-025
  6.015839797296970E-025
  6.008251950732507E-025
  6.000587694477745E-025
  5.992846592828343E-025
  5.985028215563618E-025
  5.977132136844794E-025
  5.969157937411753E-025
  5.961105203732571E-025
  5.952973528387344E-025
  5.944762510013372E-025
  5.936471753779240E-025
  5.928100871913703E-025
  5.919649483571572E-025
  5.911117214105722E-025
  5.902503697839698E-025
  5.893808575597506E-025
  5.885025111778946E-025
  5.876165739696260E-025
  5.867223732774133E-025
  5.858198765005526E-025
  5.849090518817917E-025
  5.839898685535530E-025
  5.830622965646834E-025
  5.821263069215814E-025
  5.811818715678474E-025
  5.802289634572430E-025
  5.792675565002971E-025
  5.782976256986240E-025
  5.773191470922786E-025
  5.763320977106732E-025
  5.753364558040860E-025
  5.743322006497797E-025
  5.733193126931974E-025
  5.722977735374209E-025
  5.712675659656150E-025
  5.702286739834362E-025
  5.691810827751103E-025
  5.681247788013459E-025
  5.670597497944095E-025
  5.659847389811040E-025
  5.649022302878909E-025
  5.638109675594457E-025
  5.627109437223023E-025
  5.616021531579730E-025
  5.604845916079691E-025
  5.593582561907232E-025
  5.582231454870313E-025
  5.570792594534413E-025
  5.559265995852408E-025
  5.547651687569882E-025
  5.535949713985880E-025
  5.524160134338585E-025
  5.512283022880000E-025
  5.500318469469971E-025
  5.488266578975536E-025
  5.476127472591887E-025
  5.463901286709696E-025
  5.451588173786312E-025
  5.439188302262348E-025
  5.426701857052120E-025
  5.414129038750431E-025
  5.401470064765103E-025
  5.388725168421336E-025
  5.375894600141056E-025
  5.362978626564092E-025
  5.349977531016909E-025
  5.336891613867177E-025
  5.323721191878956E-025
  5.310466598770028E-025
  5.297128184998022E-025
  5.283706318621955E-025
  5.270201383823604E-025
  5.256613782178715E-025
  5.242943931805200E-025
  5.229192268712126E-025
  5.215359244407750E-025
  5.201445328831181E-025
  5.187451007971350E-025
  5.173376784839829E-025
  5.159223179304244E-025
  5.144990727788429E-025
  5.130679984139973E-025
  5.116291518012979E-025
  5.101825916021858E-025
  5.087283781455198E-025
  5.072665733068102E-025
  5.057972407067284E-025
  5.043204454849998E-025
  5.028362544105380E-025
  5.013447358895436E-025
  4.998459597898065E-025
  4.983399976470025E-025
  4.968269224575057E-025
  4.953068087819628E-025
  4.937795515172838E-025
  4.922455909310965E-025
  4.907048244135250E-025
  4.891573324101944E-025
  4.876031967689500E-025
  4.860425006963186E-025
  4.844753288191007E-025
  4.829017671403949E-025
  4.813219028894269E-025
  4.797358246452522E-025
  4.781427313412877E-025
  4.765444983988350E-025
  4.749403246808292E-025
  4.733303036744694E-025
  4.717145299431760E-025
  4.700930992538893E-025
  4.684661084049088E-025
  4.668336552508137E-025
  4.651958386895919E-025
  4.635527585791125E-025
  4.619045157400152E-025
  4.602512118867110E-025
  4.585929496057368E-025
  4.569298324257140E-025
  4.552619645467750E-025
  4.535894510007696E-025
  4.519123975235093E-025
  4.502309106120291E-025
  4.485438534198317E-025
  4.468538258027792E-025
  4.451596878482399E-025
  4.434615483837973E-025
  4.417595167265476E-025
  4.400537026380277E-025
  4.383442163760255E-025
  4.366311684644005E-025
  4.349146697979993E-025
  4.331948315907904E-025
  4.314717653400736E-025
  4.297455826292406E-025
  4.280163953831837E-025
  4.262843155044989E-025
  4.245494550905069E-025
  4.228119263180562E-025
  4.210718412298122E-025
  4.193293119632723E-025
  4.175844505587345E-025
  4.158373688894408E-025
  4.140881787771503E-025
  4.123369918056651E-025
  4.105839193402260E-025
  4.088290724698641E-025
  4.070725620603351E-025
  4.053144985065160E-025
  4.035549919091290E-025
  4.017941519899417E-025
  4.000320879347540E-025
  3.982689085505043E-025
  3.965047220459343E-025
  3.947396360807927E-025
  3.929737578116969E-025
  3.912071937536991E-025
  3.894400496693754E-025
  3.876724308240110E-025
  3.859044415840218E-025
  3.841361857659215E-025
  3.823677662402539E-025
  3.805992852200859E-025
  3.788308440450455E-025
  3.770625432082751E-025
  3.752944823174400E-025
  3.735267601181887E-025
  3.717594744274644E-025
  3.699927220786325E-025
  3.682265989708307E-025
  3.664612000731593E-025
  3.646966192366221E-025
  3.629329493763106E-025
  3.611702823816233E-025
  3.594087089514513E-025
  3.576483188410901E-025
  3.558892007653582E-025
  3.541301984444177E-025
  3.523738915438964E-025
  3.506182248861023E-025
  3.488650685892418E-025
  3.471136106693261E-025
  3.453639329720219E-025
  3.436161160465305E-025
  3.418702395611499E-025
  3.401263817975419E-025
  3.383846198713209E-025
  3.366450297650553E-025
  3.349070457042189E-025
  3.331720255108656E-025
  3.314393978843336E-025
  3.297092340672193E-025
  3.279816040301731E-025
  3.262565766116236E-025
  3.245337543557547E-025
  3.228141361335077E-025
  3.210973199346204E-025
  3.193833696981772E-025
  3.176723483970873E-025
  3.159643178369216E-025
  3.142593385132948E-025
  3.125574699045960E-025
  3.108587702981901E-025
  3.091632968712667E-025
  3.074711056194694E-025
  3.057822514976393E-025
  3.040967883016227E-025
  3.024147687873028E-025
  3.007362445761983E-025
  2.990612662776890E-025
  2.973898833371399E-025
  2.957221443460989E-025
  2.940580966819941E-025
  2.923977868183729E-025
  2.907412602576604E-025
  2.890885613490716E-025
  2.874397336846551E-025
  2.857948197606502E-025
  2.841538612114353E-025
  2.825168986897815E-025
  2.808839720186711E-025
  2.792551200701190E-025
  2.776303809097385E-025
  2.760085461974723E-025
  2.743921501765828E-025
  2.727799760171069E-025
  2.711720583249080E-025
  2.695684311098468E-025
  2.679691275661390E-025
  2.663741800728974E-025
  2.647836203393002E-025
  2.631974793944278E-025
  2.616157874698410E-025
  2.600385742013251E-025
  2.584658685069311E-025
  2.568976988080720E-025
  2.553340925924072E-025
  2.537750771140347E-025
  2.522206787404676E-025
  2.506709234134548E-025
  2.491258364159054E-025
  2.475854426670669E-025
  2.460497662330528E-025
  2.445188311071301E-025
  2.429926603328172E-025
  2.414703876063314E-025
  2.399538188176925E-025
  2.384420814035865E-025
  2.369351967008763E-025
  2.354331858028935E-025
  2.339360692066366E-025
  2.324438670672446E-025
  2.309565992234324E-025
  2.294740318040916E-025
  2.279966919766905E-025
  2.265243435969574E-025
  2.250570050607261E-025
  2.235946943921510E-025
  2.221374293414675E-025
  2.206852272869239E-025
  2.192381053549812E-025
  2.177960804002295E-025
  2.163591689698681E-025
  2.149273873283075E-025
  2.135007514854014E-025
  2.120792773126622E-025
  2.106629801811867E-025
  2.092506305415488E-025
  2.078447412231652E-025
  2.064440742196303E-025
  2.050486440266594E-025
  2.036584650914384E-025
  2.022735515927248E-025
  2.008939175507569E-025
  1.995195766399854E-025
  1.981505425370495E-025
  1.967868285895601E-025
  1.954284479766119E-025
  1.940754137462587E-025
  1.927277387331350E-025
  1.913854355642967E-025
  1.900485166798877E-025
  1.887169944345485E-025
  1.873908809076484E-025
  1.860701880072102E-025
  1.847549275912824E-025
  1.834451111341486E-025
  1.821407501650522E-025
  1.808418558219389E-025
  1.795484392795198E-025
  1.782605113480948E-025
  1.769780828127928E-025
  1.757011641827556E-025
  1.744297658044112E-025
  1.731638979471727E-025
  1.719035705473027E-025
  1.706487934396241E-025
  1.693995762950795E-025
  1.681559285295177E-025
  1.669178594882041E-025
  1.656853781481907E-025
  1.644584934517667E-025
  1.632372140644069E-025
  1.620215485229060E-025
  1.608115050535940E-025
  1.596070917206775E-025
  1.584083164960965E-025
  1.572151869098167E-025
  1.560277105760079E-025
  1.548458945318111E-025
  1.536697459546394E-025
  1.524980273740321E-025
  1.513332426861527E-025
  1.501734933084815E-025
  1.490200934863998E-025
  1.478714953891645E-025
  1.467295055843823E-025
  1.455932256910920E-025
  1.444626607315646E-025
  1.433378156033981E-025
  1.422186948940442E-025
  1.411053029198866E-025
  1.399976437721504E-025
  1.388957212655509E-025
  1.377995388941846E-025
  1.367090999653667E-025
  1.356244074419491E-025
  1.345454640507031E-025
  1.334722721510048E-025
  1.324048339461802E-025
  1.313431512622852E-025
  1.302872256067485E-025
  1.292370582907522E-025
  1.281926502102007E-025
  1.271540021139097E-025
  1.261211142458859E-025
  1.250939867524544E-025
  1.240726192809086E-025
  1.230570113509138E-025
  1.220471619566108E-025
  1.210430700794474E-025
  1.200447340425454E-025
  1.190521521219604E-025
  1.180653220486536E-025
  1.170842415215201E-025
  1.161089075796849E-025
  1.151393172180012E-025
  1.141754669005182E-025
  1.132173529704542E-025
  1.122649712449034E-025
  1.113183173341749E-025
  1.103773864757312E-025
  1.094418196733113E-025
  1.085123222673751E-025
  1.075885317212834E-025
  1.066704418596464E-025
  1.057580464283079E-025
  1.048500913873988E-025
  1.039490745087049E-025
  1.030537307382682E-025
  1.021640524805067E-025
  1.012800315392142E-025
  1.004016597012514E-025
  9.952892822536643E-026
  9.866182809777197E-026
  9.780034995496273E-026
  9.694448425815286E-026
  9.609422087053343E-026
  9.524954962659961E-026
  9.441045988398700E-026
  9.357694062436133E-026
  9.274898079172761E-026
  9.192656863205301E-026
  9.110969245724288E-026
  9.029833999030792E-026
  8.949249880780301E-026
  8.869215613884864E-026
  8.789729879821865E-026
  8.710791361867999E-026
  8.632398670102320E-026
  8.554550424781495E-026
  8.477245196846983E-026
  8.400481531189526E-026
  8.324257947893162E-026
  8.248572931353534E-026
  8.173424950051679E-026
  8.098812431844459E-026
  8.024733792009125E-026
  7.951187403036421E-026
  7.878171636286012E-026
  7.805684803336069E-026
  7.733725210813758E-026
  7.662291141581379E-026
  7.591380832890479E-026
  7.520992540723313E-026
  7.451124442117602E-026
  7.381774732866080E-026
  7.312941559235952E-026
  7.244623058733340E-026
  7.176817347760192E-026
  7.109522502642253E-026
  7.042736602360152E-026
  6.976457681895310E-026
  6.910683769344575E-026
  6.845322294666433E-026
  6.780553228910403E-026
  6.716283124592944E-026
  6.652509919288706E-026
  6.589231543585214E-026
  6.526445901223827E-026
  6.464025584734678E-026
  6.402220223281487E-026
  6.340901210181401E-026
  6.280066362992005E-026
  6.219713526006916E-026
  6.159840482589680E-026
  6.100445038772403E-026
  6.041524954386473E-026
  5.983078004902348E-026
  5.925101915776855E-026
  5.867594445727753E-026
  5.810553282824421E-026
  5.753976160123851E-026
  5.697860752263095E-026
  5.642204741641737E-026
  5.587005812026172E-026
  5.532261601373297E-026
  5.477969771141490E-026
  5.424127946262289E-026
  5.370733768650035E-026
  5.317735192801683E-026
  5.265229608556242E-026
  5.213164492877376E-026
  5.161537411066980E-026
  5.110345978628400E-026
  5.059587746086590E-026
  5.009260292786894E-026
  4.959361178216629E-026
  4.909887952430916E-026
  4.860838171458260E-026
  4.812209374972853E-026
  4.763999100161470E-026
  4.716204880950932E-026
  4.668824245664927E-026
  4.621854728338203E-026
  4.575293841849541E-026
  4.529139097288775E-026
  4.483388024873122E-026
  4.438038124316212E-026
  4.393086908813891E-026
  4.348531892265095E-026
  4.304370568284014E-026
  4.260600459260281E-026
  4.217219057224937E-026
