  6.650107318347540E-025
  6.650107318347539E-025
  6.650107318347539E-025
  6.650107318347539E-025
  6.650107318347539E-025
  6.650107318347538E-025
  6.650107318347538E-025
  6.650107318347538E-025
  6.650107318347538E-025
  6.650107318347538E-025
  6.650107318347538E-025
  6.650107318347538E-025
  6.650107318347538E-025
  6.650107318347537E-025
  6.650107318347536E-025
  6.650107318347536E-025
  6.650107318347536E-025
  6.650107318347535E-025
  6.650107318347535E-025
  6.650107318347535E-025
  6.650107318347535E-025
  6.650107318347535E-025
  6.650107318347534E-025
  6.650107318347534E-025
  6.650107318347533E-025
  6.650107318347533E-025
  6.650107318347533E-025
  6.650107318347533E-025
  6.650107318347533E-025
  6.650107318347533E-025
  6.650107318347533E-025
  6.650107318347533E-025
  6.650107318347533E-025
  6.650107318347531E-025
  6.650107318347531E-025
  6.650107318347531E-025
  6.650107318347531E-025
  6.650107318347531E-025
  6.650107318347531E-025
  6.650107318347530E-025
  6.650107318347530E-025
  6.650107318347530E-025
  6.650107318347527E-025
  6.650107318347527E-025
  6.650107318347527E-025
  6.650107318347526E-025
  6.650107318347526E-025
  6.650107318347524E-025
  6.650107318347524E-025
  6.650107318347524E-025
  6.650107318347524E-025
  6.650107318347522E-025
  6.650107318347522E-025
  6.650107318347520E-025
  6.650107318347520E-025
  6.650107318347519E-025
  6.650107318347519E-025
  6.650107318347519E-025
  6.650107318347519E-025
  6.650107318347519E-025
  6.650107318347519E-025
  6.650107318347519E-025
  6.650107318347519E-025
  6.650107318347518E-025
  6.650107318347517E-025
  6.650107318347517E-025
  6.650107318347517E-025
  6.650107318347516E-025
  6.650107318347514E-025
  6.650107318347514E-025
  6.650107318347513E-025
  6.650107318347513E-025
  6.650107318347513E-025
  6.650107318347512E-025
  6.650107318347509E-025
  6.650107318347509E-025
  6.650107318347508E-025
  6.650107318347507E-025
  6.650107318347507E-025
  6.650107318347507E-025
  6.650107318347505E-025
  6.650107318347505E-025
  6.650107318347505E-025
  6.650107318347504E-025
  6.650107318347504E-025
  6.650107318347503E-025
  6.650107318347502E-025
  6.650107318347500E-025
  6.650107318347499E-025
  6.650107318347499E-025
  6.650107318347498E-025
  6.650107318347497E-025
  6.650107318347496E-025
  6.650107318347496E-025
  6.650107318347494E-025
  6.650107318347492E-025
  6.650107318347492E-025
  6.650107318347491E-025
  6.650107318347489E-025
  6.650107318347487E-025
  6.650107318347487E-025
  6.650107318347486E-025
  6.650107318347485E-025
  6.650107318347484E-025
  6.650107318347484E-025
  6.650107318347483E-025
  6.650107318347481E-025
  6.650107318347478E-025
  6.650107318347477E-025
  6.650107318347476E-025
  6.650107318347475E-025
  6.650107318347474E-025
  6.650107318347473E-025
  6.650107318347473E-025
  6.650107318347471E-025
  6.650107318347469E-025
  6.650107318347465E-025
  6.650107318347464E-025
  6.650107318347461E-025
  6.650107318347460E-025
  6.650107318347459E-025
  6.650107318347457E-025
  6.650107318347455E-025
  6.650107318347455E-025
  6.650107318347454E-025
  6.650107318347452E-025
  6.650107318347451E-025
  6.650107318347449E-025
  6.650107318347444E-025
  6.650107318347442E-025
  6.650107318347440E-025
  6.650107318347438E-025
  6.650107318347438E-025
  6.650107318347436E-025
  6.650107318347432E-025
  6.650107318347429E-025
  6.650107318347429E-025
  6.650107318347427E-025
  6.650107318347424E-025
  6.650107318347421E-025
  6.650107318347418E-025
  6.650107318347416E-025
  6.650107318347414E-025
  6.650107318347411E-025
  6.650107318347409E-025
  6.650107318347405E-025
  6.650107318347402E-025
  6.650107318347398E-025
  6.650107318347396E-025
  6.650107318347395E-025
  6.650107318347393E-025
  6.650107318347389E-025
  6.650107318347386E-025
  6.650107318347384E-025
  6.650107318347377E-025
  6.650107318347375E-025
  6.650107318347372E-025
  6.650107318347366E-025
  6.650107318347363E-025
  6.650107318347361E-025
  6.650107318347357E-025
  6.650107318347354E-025
  6.650107318347349E-025
  6.650107318347345E-025
  6.650107318347342E-025
  6.650107318347338E-025
  6.650107318347335E-025
  6.650107318347331E-025
  6.650107318347327E-025
  6.650107318347322E-025
  6.650107318347316E-025
  6.650107318347313E-025
  6.650107318347307E-025
  6.650107318347303E-025
  6.650107318347299E-025
  6.650107318347294E-025
  6.650107318347287E-025
  6.650107318347284E-025
  6.650107318347277E-025
  6.650107318347272E-025
  6.650107318347268E-025
  6.650107318347263E-025
  6.650107318347255E-025
  6.650107318347250E-025
  6.650107318347246E-025
  6.650107318347239E-025
  6.650107318347233E-025
  6.650107318347227E-025
  6.650107318347221E-025
  6.650107318347215E-025
  6.650107318347209E-025
  6.650107318347201E-025
  6.650107318347192E-025
  6.650107318347187E-025
  6.650107318347182E-025
  6.650107318347171E-025
  6.650107318347165E-025
  6.650107318347157E-025
  6.650107318347151E-025
  6.650107318347144E-025
  6.650107318347137E-025
  6.650107318347128E-025
  6.650107318347122E-025
  6.650107318347113E-025
  6.650107318347104E-025
  6.650107318347095E-025
  6.650107318347087E-025
  6.650107318347077E-025
  6.650107318347068E-025
  6.650107318347059E-025
  6.650107318347049E-025
  6.650107318347040E-025
  6.650107318347028E-025
  6.650107318347019E-025
  6.650107318347009E-025
  6.650107318346998E-025
  6.650107318346988E-025
  6.650107318346979E-025
  6.650107318346967E-025
  6.650107318346955E-025
  6.650107318346944E-025
  6.650107318346931E-025
  6.650107318346916E-025
  6.650107318346904E-025
  6.650107318346894E-025
  6.650107318346879E-025
  6.650107318346867E-025
  6.650107318346853E-025
  6.650107318346841E-025
  6.650107318346827E-025
  6.650107318346810E-025
  6.650107318346797E-025
  6.650107318346783E-025
  6.650107318346768E-025
  6.650107318346752E-025
  6.650107318346735E-025
  6.650107318346720E-025
  6.650107318346706E-025
  6.650107318346689E-025
  6.650107318346673E-025
  6.650107318346654E-025
  6.650107318346635E-025
  6.650107318346618E-025
  6.650107318346599E-025
  6.650107318346580E-025
  6.650107318346562E-025
  6.650107318346544E-025
  6.650107318346523E-025
  6.650107318346502E-025
  6.650107318346482E-025
  6.650107318346462E-025
  6.650107318346440E-025
  6.650107318346419E-025
  6.650107318346398E-025
  6.650107318346380E-025
  6.650107318346355E-025
  6.650107318346334E-025
  6.650107318346309E-025
  6.650107318346284E-025
  6.650107318346258E-025
  6.650107318346235E-025
  6.650107318346209E-025
  6.650107318346181E-025
  6.650107318346155E-025
  6.650107318346127E-025
  6.650107318346097E-025
  6.650107318346068E-025
  6.650107318346040E-025
  6.650107318346014E-025
  6.650107318345983E-025
  6.650107318345954E-025
  6.650107318345921E-025
  6.650107318345888E-025
  6.650107318345857E-025
  6.650107318345829E-025
  6.650107318345793E-025
  6.650107318345757E-025
  6.650107318345723E-025
  6.650107318345687E-025
  6.650107318345650E-025
  6.650107318345612E-025
  6.650107318345574E-025
  6.650107318345536E-025
  6.650107318345498E-025
  6.650107318345460E-025
  6.650107318345416E-025
  6.650107318345372E-025
  6.650107318345331E-025
  6.650107318345289E-025
  6.650107318345241E-025
  6.650107318345196E-025
  6.650107318345152E-025
  6.650107318345105E-025
  6.650107318345059E-025
  6.650107318345009E-025
  6.650107318344956E-025
  6.650107318344909E-025
  6.650107318344859E-025
  6.650107318344808E-025
  6.650107318344753E-025
  6.650107318344696E-025
  6.650107318344644E-025
  6.650107318344586E-025
  6.650107318344527E-025
  6.650107318344470E-025
  6.650107318344411E-025
  6.650107318344348E-025
  6.650107318344284E-025
  6.650107318344218E-025
  6.650107318344155E-025
  6.650107318344090E-025
  6.650107318344021E-025
  6.650107318343952E-025
  6.650107318343885E-025
  6.650107318343809E-025
  6.650107318343739E-025
  6.650107318343665E-025
  6.650107318343586E-025
  6.650107318343510E-025
  6.650107318343433E-025
  6.650107318343349E-025
  6.650107318343267E-025
  6.650107318343183E-025
  6.650107318343098E-025
  6.650107318343015E-025
  6.650107318342924E-025
  6.650107318342834E-025
  6.650107318342743E-025
  6.650107318342651E-025
  6.650107318342555E-025
  6.650107318342457E-025
  6.650107318342356E-025
  6.650107318342253E-025
  6.650107318342152E-025
  6.650107318342046E-025
  6.650107318341940E-025
  6.650107318341828E-025
  6.650107318341718E-025
  6.650107318341603E-025
  6.650107318341487E-025
  6.650107318341368E-025
  6.650107318341245E-025
  6.650107318341121E-025
  6.650107318340997E-025
  6.650107318340871E-025
  6.650107318340742E-025
  6.650107318340611E-025
  6.650107318340471E-025
  6.650107318340333E-025
  6.650107318340192E-025
  6.650107318340047E-025
  6.650107318339903E-025
  6.650107318339755E-025
  6.650107318339602E-025
  6.650107318339443E-025
  6.650107318339288E-025
  6.650107318339123E-025
  6.650107318338961E-025
  6.650107318338791E-025
  6.650107318338622E-025
  6.650107318338446E-025
  6.650107318338272E-025
  6.650107318338089E-025
  6.650107318337902E-025
  6.650107318337714E-025
  6.650107318337521E-025
  6.650107318337329E-025
  6.650107318337130E-025
  6.650107318336925E-025
  6.650107318336718E-025
  6.650107318336507E-025
  6.650107318336289E-025
  6.650107318336068E-025
  6.650107318335845E-025
  6.650107318335615E-025
  6.650107318335382E-025
  6.650107318335146E-025
  6.650107318334902E-025
  6.650107318334658E-025
  6.650107318334404E-025
  6.650107318334148E-025
  6.650107318333886E-025
  6.650107318333619E-025
  6.650107318333348E-025
  6.650107318333073E-025
  6.650107318332790E-025
  6.650107318332497E-025
  6.650107318332203E-025
  6.650107318331905E-025
  6.650107318331598E-025
  6.650107318331288E-025
  6.650107318330971E-025
  6.650107318330646E-025
  6.650107318330319E-025
  6.650107318329980E-025
  6.650107318329638E-025
  6.650107318329289E-025
  6.650107318328931E-025
  6.650107318328567E-025
  6.650107318328195E-025
  6.650107318327817E-025
  6.650107318327433E-025
  6.650107318327041E-025
  6.650107318326638E-025
  6.650107318326230E-025
  6.650107318325814E-025
  6.650107318325388E-025
  6.650107318324955E-025
  6.650107318324513E-025
  6.650107318324064E-025
  6.650107318323610E-025
  6.650107318323134E-025
  6.650107318322661E-025
  6.650107318322180E-025
  6.650107318321680E-025
  6.650107318321175E-025
  6.650107318320658E-025
  6.650107318320137E-025
  6.650107318319600E-025
  6.650107318319055E-025
  6.650107318318497E-025
  6.650107318317932E-025
  6.650107318317348E-025
  6.650107318316760E-025
  6.650107318316156E-025
  6.650107318315544E-025
  6.650107318314918E-025
  6.650107318314282E-025
  6.650107318313629E-025
  6.650107318312967E-025
  6.650107318312297E-025
  6.650107318311607E-025
  6.650107318310907E-025
  6.650107318310186E-025
  6.650107318309459E-025
  6.650107318308714E-025
  6.650107318307958E-025
  6.650107318307187E-025
  6.650107318306395E-025
  6.650107318305593E-025
  6.650107318304772E-025
  6.650107318303934E-025
  6.650107318303081E-025
  6.650107318302213E-025
  6.650107318301328E-025
  6.650107318300427E-025
  6.650107318299508E-025
  6.650107318298565E-025
  6.650107318297617E-025
  6.650107318296636E-025
  6.650107318295641E-025
  6.650107318294627E-025
  6.650107318293596E-025
  6.650107318292539E-025
  6.650107318291465E-025
  6.650107318290373E-025
  6.650107318289254E-025
  6.650107318288115E-025
  6.650107318286953E-025
  6.650107318285769E-025
  6.650107318284563E-025
  6.650107318283333E-025
  6.650107318282078E-025
  6.650107318280799E-025
  6.650107318279495E-025
  6.650107318278167E-025
  6.650107318276814E-025
  6.650107318275431E-025
  6.650107318274020E-025
  6.650107318272584E-025
  6.650107318271118E-025
  6.650107318269627E-025
  6.650107318268106E-025
  6.650107318266555E-025
  6.650107318264971E-025
  6.650107318263360E-025
  6.650107318261713E-025
  6.650107318260033E-025
  6.650107318258327E-025
  6.650107318256584E-025
  6.650107318254808E-025
  6.650107318252995E-025
  6.650107318251151E-025
  6.650107318249267E-025
  6.650107318247346E-025
  6.650107318245388E-025
  6.650107318243393E-025
  6.650107318241358E-025
  6.650107318239287E-025
  6.650107318237172E-025
  6.650107318235014E-025
  6.650107318232817E-025
  6.650107318230576E-025
  6.650107318228289E-025
  6.650107318225965E-025
  6.650107318223589E-025
  6.650107318221163E-025
  6.650107318218694E-025
  6.650107318216176E-025
  6.650107318213612E-025
  6.650107318210995E-025
  6.650107318208331E-025
  6.650107318205609E-025
  6.650107318202837E-025
  6.650107318200011E-025
  6.650107318197127E-025
  6.650107318194188E-025
  6.650107318191195E-025
  6.650107318188140E-025
  6.650107318185022E-025
  6.650107318181853E-025
  6.650107318178614E-025
  6.650107318175315E-025
  6.650107318171955E-025
  6.650107318168519E-025
  6.650107318165019E-025
  6.650107318161459E-025
  6.650107318157826E-025
  6.650107318154121E-025
  6.650107318150336E-025
  6.650107318146486E-025
  6.650107318142557E-025
  6.650107318138555E-025
  6.650107318134473E-025
  6.650107318130308E-025
  6.650107318126070E-025
  6.650107318121739E-025
  6.650107318117332E-025
  6.650107318112833E-025
  6.650107318108248E-025
  6.650107318103576E-025
  6.650107318098809E-025
  6.650107318093950E-025
  6.650107318088994E-025
  6.650107318083951E-025
  6.650107318078801E-025
  6.650107318073548E-025
  6.650107318068195E-025
  6.650107318062739E-025
  6.650107318057175E-025
  6.650107318051504E-025
  6.650107318045720E-025
  6.650107318039826E-025
  6.650107318033816E-025
  6.650107318027682E-025
  6.650107318021435E-025
  6.650107318015063E-025
  6.650107318008573E-025
  6.650107318001951E-025
  6.650107317995199E-025
  6.650107317988315E-025
  6.650107317981302E-025
  6.650107317974148E-025
  6.650107317966852E-025
  6.650107317959419E-025
  6.650107317951837E-025
  6.650107317944109E-025
  6.650107317936225E-025
  6.650107317928186E-025
  6.650107317919997E-025
  6.650107317911645E-025
  6.650107317903135E-025
  6.650107317894453E-025
  6.650107317885600E-025
  6.650107317876579E-025
  6.650107317867377E-025
  6.650107317857996E-025
  6.650107317848431E-025
  6.650107317838687E-025
  6.650107317828744E-025
  6.650107317818612E-025
  6.650107317808281E-025
  6.650107317797746E-025
  6.650107317787006E-025
  6.650107317776057E-025
  6.650107317764895E-025
  6.650107317753518E-025
  6.650107317741912E-025
  6.650107317730079E-025
  6.650107317718020E-025
  6.650107317705723E-025
  6.650107317693184E-025
  6.650107317680401E-025
  6.650107317667369E-025
  6.650107317654082E-025
  6.650107317640541E-025
  6.650107317626733E-025
  6.650107317612648E-025
  6.650107317598293E-025
  6.650107317583662E-025
  6.650107317568737E-025
  6.650107317553522E-025
  6.650107317538013E-025
  6.650107317522204E-025
  6.650107317506079E-025
  6.650107317489642E-025
  6.650107317472886E-025
  6.650107317455797E-025
  6.650107317438381E-025
  6.650107317420620E-025
  6.650107317402515E-025
  6.650107317384057E-025
  6.650107317365235E-025
  6.650107317346049E-025
  6.650107317326485E-025
  6.650107317306540E-025
  6.650107317286204E-025
  6.650107317265478E-025
  6.650107317244336E-025
  6.650107317222789E-025
  6.650107317200822E-025
  6.650107317178419E-025
  6.650107317155579E-025
  6.650107317132297E-025
  6.650107317108559E-025
  6.650107317084360E-025
  6.650107317059686E-025
  6.650107317034526E-025
  6.650107317008879E-025
  6.650107316982729E-025
  6.650107316956072E-025
  6.650107316928888E-025
  6.650107316901180E-025
  6.650107316872925E-025
  6.650107316844123E-025
  6.650107316814754E-025
  6.650107316784812E-025
  6.650107316754287E-025
  6.650107316723164E-025
  6.650107316691436E-025
  6.650107316659083E-025
  6.650107316626107E-025
  6.650107316592480E-025
  6.650107316558197E-025
  6.650107316523245E-025
  6.650107316487606E-025
  6.650107316451277E-025
  6.650107316414239E-025
  6.650107316376474E-025
  6.650107316337971E-025
  6.650107316298717E-025
  6.650107316258694E-025
  6.650107316217897E-025
  6.650107316176299E-025
  6.650107316133882E-025
  6.650107316090643E-025
  6.650107316046558E-025
  6.650107316001615E-025
  6.650107315955785E-025
  6.650107315909068E-025
  6.650107315861437E-025
  6.650107315812874E-025
  6.650107315763363E-025
  6.650107315712889E-025
  6.650107315661423E-025
  6.650107315608952E-025
  6.650107315555462E-025
  6.650107315500918E-025
  6.650107315445319E-025
  6.650107315388623E-025
  6.650107315330827E-025
  6.650107315271900E-025
  6.650107315211820E-025
  6.650107315150571E-025
  6.650107315088123E-025
  6.650107315024453E-025
  6.650107314959542E-025
  6.650107314893365E-025
  6.650107314825889E-025
  6.650107314757103E-025
  6.650107314686969E-025
  6.650107314615464E-025
  6.650107314542564E-025
  6.650107314468238E-025
  6.650107314392463E-025
  6.650107314315208E-025
  6.650107314236442E-025
  6.650107314156139E-025
  6.650107314074266E-025
  6.650107313990796E-025
  6.650107313905693E-025
  6.650107313818923E-025
  6.650107313730467E-025
  6.650107313640275E-025
  6.650107313548330E-025
  6.650107313454586E-025
  6.650107313359009E-025
  6.650107313261567E-025
  6.650107313162222E-025
  6.650107313060932E-025
  6.650107312957668E-025
  6.650107312852386E-025
  6.650107312745045E-025
  6.650107312635607E-025
  6.650107312524033E-025
  6.650107312410280E-025
  6.650107312294309E-025
  6.650107312176067E-025
  6.650107312055515E-025
  6.650107311932609E-025
  6.650107311807307E-025
  6.650107311679554E-025
  6.650107311549303E-025
  6.650107311416512E-025
  6.650107311281122E-025
  6.650107311143088E-025
  6.650107311002363E-025
  6.650107310858887E-025
  6.650107310712606E-025
  6.650107310563470E-025
  6.650107310411421E-025
  6.650107310256399E-025
  6.650107310098355E-025
  6.650107309937220E-025
  6.650107309772937E-025
  6.650107309605447E-025
  6.650107309434684E-025
  6.650107309260583E-025
  6.650107309083082E-025
  6.650107308902118E-025
  6.650107308717615E-025
  6.650107308529510E-025
  6.650107308337727E-025
  6.650107308142204E-025
  6.650107307942856E-025
  6.650107307739617E-025
  6.650107307532411E-025
  6.650107307321149E-025
  6.650107307105771E-025
  6.650107306886179E-025
  6.650107306662300E-025
  6.650107306434048E-025
  6.650107306201337E-025
  6.650107305964078E-025
  6.650107305722183E-025
  6.650107305475567E-025
  6.650107305224135E-025
  6.650107304967788E-025
  6.650107304706441E-025
  6.650107304439984E-025
  6.650107304168318E-025
  6.650107303891348E-025
  6.650107303608972E-025
  6.650107303321077E-025
  6.650107303027552E-025
  6.650107302728304E-025
  6.650107302423206E-025
  6.650107302112152E-025
  6.650107301795015E-025
  6.650107301471689E-025
  6.650107301142047E-025
  6.650107300805963E-025
  6.650107300463316E-025
  6.650107300113976E-025
  6.650107299757813E-025
  6.650107299394692E-025
  6.650107299024480E-025
  6.650107298647032E-025
  6.650107298262214E-025
  6.650107297869879E-025
  6.650107297469878E-025
  6.650107297062068E-025
  6.650107296646287E-025
  6.650107296222391E-025
  6.650107295790206E-025
  6.650107295349588E-025
  6.650107294900357E-025
  6.650107294442354E-025
  6.650107293975404E-025
  6.650107293499331E-025
  6.650107293013963E-025
  6.650107292519111E-025
  6.650107292014591E-025
  6.650107291500218E-025
  6.650107290975801E-025
  6.650107290441136E-025
  6.650107289896026E-025
  6.650107289340270E-025
  6.650107288773659E-025
  6.650107288195981E-025
  6.650107287607013E-025
  6.650107287006543E-025
  6.650107286394352E-025
  6.650107285770195E-025
  6.650107285133848E-025
  6.650107284485069E-025
  6.650107283823620E-025
  6.650107283149250E-025
  6.650107282461706E-025
  6.650107281760727E-025
  6.650107281046064E-025
  6.650107280317434E-025
  6.650107279574580E-025
  6.650107278817216E-025
  6.650107278045054E-025
  6.650107277257802E-025
  6.650107276455177E-025
  6.650107275636880E-025
  6.650107274802596E-025
  6.650107273952012E-025
  6.650107273084816E-025
  6.650107272200680E-025
  6.650107271299276E-025
  6.650107270380258E-025
  6.650107269443295E-025
  6.650107268488026E-025
  6.650107267514096E-025
  6.650107266521145E-025
  6.650107265508802E-025
  6.650107264476678E-025
  6.650107263424400E-025
  6.650107262351559E-025
  6.650107261257769E-025
  6.650107260142605E-025
  6.650107259005664E-025
  6.650107257846519E-025
  6.650107256664718E-025
  6.650107255459845E-025
  6.650107254231434E-025
  6.650107252979027E-025
  6.650107251702156E-025
  6.650107250400341E-025
  6.650107249073102E-025
  6.650107247719934E-025
  6.650107246340335E-025
  6.650107244933787E-025
  6.650107243499762E-025
  6.650107242037728E-025
  6.650107240547138E-025
  6.650107239027432E-025
  6.650107237478039E-025
  6.650107235898375E-025
  6.650107234287863E-025
  6.650107232645890E-025
  6.650107230971842E-025
  6.650107229265097E-025
  6.650107227525014E-025
  6.650107225750934E-025
  6.650107223942206E-025
  6.650107222098149E-025
  6.650107220218070E-025
  6.650107218301262E-025
  6.650107216347015E-025
  6.650107214354592E-025
  6.650107212323257E-025
  6.650107210252239E-025
  6.650107208140766E-025
  6.650107205988053E-025
  6.650107203793291E-025
  6.650107201555650E-025
  6.650107199274302E-025
  6.650107196948396E-025
  6.650107194577056E-025
  6.650107192159392E-025
  6.650107189694502E-025
  6.650107187181475E-025
  6.650107184619352E-025
  6.650107182007182E-025
  6.650107179343987E-025
  6.650107176628768E-025
  6.650107173860513E-025
  6.650107171038192E-025
  6.650107168160733E-025
  6.650107165227072E-025
  6.650107162236101E-025
  6.650107159186711E-025
  6.650107156077755E-025
  6.650107152908071E-025
  6.650107149676472E-025
  6.650107146381747E-025
  6.650107143022667E-025
  6.650107139597971E-025
  6.650107136106379E-025
  6.650107132546585E-025
  6.650107128917257E-025
  6.650107125217034E-025
  6.650107121444532E-025
  6.650107117598344E-025
  6.650107113677029E-025
  6.650107109679110E-025
  6.650107105603101E-025
  6.650107101447472E-025
  6.650107097210672E-025
  6.650107092891109E-025
  6.650107088487173E-025
  6.650107083997214E-025
  6.650107079419552E-025
  6.650107074752465E-025
  6.650107069994223E-025
  6.650107065143030E-025
  6.650107060197083E-025
  6.650107055154517E-025
  6.650107050013456E-025
  6.650107044771971E-025
  6.650107039428105E-025
  6.650107033979851E-025
  6.650107028425172E-025
  6.650107022761999E-025
  6.650107016988198E-025
  6.650107011101620E-025
  6.650107005100057E-025
  6.650106998981256E-025
  6.650106992742941E-025
  6.650106986382767E-025
  6.650106979898355E-025
  6.650106973287289E-025
  6.650106966547080E-025
  6.650106959675212E-025
  6.650106952669116E-025
  6.650106945526159E-025
  6.650106938243688E-025
  6.650106930818948E-025
  6.650106923249188E-025
  6.650106915531568E-025
  6.650106907663189E-025
  6.650106899641122E-025
  6.650106891462348E-025
  6.650106883123819E-025
  6.650106874622409E-025
  6.650106865954937E-025
  6.650106857118159E-025
  6.650106848108770E-025
  6.650106838923400E-025
  6.650106829558605E-025
  6.650106820010882E-025
  6.650106810276661E-025
  6.650106800352295E-025
  6.650106790234073E-025
  6.650106779918208E-025
  6.650106769400835E-025
  6.650106758678031E-025
  6.650106747745769E-025
  6.650106736599963E-025
  6.650106725236437E-025
  6.650106713650951E-025
  6.650106701839155E-025
  6.650106689796632E-025
  6.650106677518881E-025
  6.650106665001300E-025
  6.650106652239213E-025
  6.650106639227834E-025
  6.650106625962300E-025
  6.650106612437645E-025
  6.650106598648814E-025
  6.650106584590628E-025
  6.650106570257843E-025
  6.650106555645092E-025
  6.650106540746901E-025
  6.650106525557692E-025
  6.650106510071793E-025
  6.650106494283396E-025
  6.650106478186603E-025
  6.650106461775380E-025
  6.650106445043596E-025
  6.650106427984977E-025
  6.650106410593152E-025
  6.650106392861594E-025
  6.650106374783688E-025
  6.650106356352654E-025
  6.650106337561598E-025
  6.650106318403489E-025
  6.650106298871160E-025
  6.650106278957295E-025
  6.650106258654443E-025
  6.650106237955011E-025
  6.650106216851241E-025
  6.650106195335245E-025
  6.650106173398966E-025
  6.650106151034205E-025
  6.650106128232576E-025
  6.650106104985556E-025
  6.650106081284442E-025
  6.650106057120360E-025
  6.650106032484273E-025
  6.650106007366962E-025
  6.650105981759022E-025
  6.650105955650874E-025
  6.650105929032738E-025
  6.650105901894665E-025
  6.650105874226487E-025
  6.650105846017859E-025
  6.650105817258219E-025
  6.650105787936803E-025
  6.650105758042639E-025
  6.650105727564541E-025
  6.650105696491100E-025
  6.650105664810693E-025
  6.650105632511454E-025
  6.650105599581299E-025
  6.650105566007909E-025
  6.650105531778715E-025
  6.650105496880910E-025
  6.650105461301427E-025
  6.650105425026960E-025
  6.650105388043922E-025
  6.650105350338487E-025
  6.650105311896526E-025
  6.650105272703666E-025
  6.650105232745240E-025
  6.650105192006281E-025
  6.650105150471558E-025
  6.650105108125509E-025
  6.650105064952304E-025
  6.650105020935785E-025
  6.650104976059462E-025
  6.650104930306552E-025
  6.650104883659935E-025
  6.650104836102149E-025
  6.650104787615393E-025
  6.650104738181529E-025
  6.650104687782053E-025
  6.650104636398099E-025
  6.650104584010444E-025
  6.650104530599475E-025
  6.650104476145208E-025
  6.650104420627259E-025
  6.650104364024862E-025
  6.650104306316824E-025
  6.650104247481549E-025
  6.650104187497019E-025
  6.650104126340788E-025
  6.650104063989961E-025
  6.650104000421213E-025
  6.650103935610751E-025
  6.650103869534318E-025
  6.650103802167185E-025
  6.650103733484138E-025
  6.650103663459482E-025
  6.650103592067004E-025
  6.650103519279981E-025
  6.650103445071181E-025
  6.650103369412829E-025
  6.650103292276613E-025
  6.650103213633663E-025
  6.650103133454541E-025
  6.650103051709248E-025
  6.650102968367194E-025
  6.650102883397180E-025
  6.650102796767412E-025
  6.650102708445467E-025
  6.650102618398298E-025
  6.650102526592183E-025
  6.650102432992796E-025
  6.650102337565090E-025
  6.650102240273348E-025
  6.650102141081169E-025
  6.650102039951431E-025
  6.650101936846278E-025
  6.650101831727128E-025
  6.650101724554641E-025
  6.650101615288710E-025
  6.650101503888445E-025
  6.650101390312142E-025
  6.650101274517312E-025
  6.650101156460608E-025
  6.650101036097860E-025
  6.650100913384005E-025
  6.650100788273133E-025
  6.650100660718422E-025
  6.650100530672123E-025
  6.650100398085583E-025
  6.650100262909163E-025
  6.650100125092289E-025
  6.650099984583377E-025
  6.650099841329849E-025
  6.650099695278090E-025
  6.650099546373436E-025
  6.650099394560172E-025
  6.650099239781466E-025
  6.650099081979401E-025
  6.650098921094929E-025
  6.650098757067831E-025
  6.650098589836720E-025
  6.650098419339010E-025
  6.650098245510900E-025
  6.650098068287332E-025
  6.650097887601974E-025
  6.650097703387218E-025
  6.650097515574118E-025
  6.650097324092378E-025
  6.650097128870353E-025
  6.650096929834968E-025
  6.650096726911747E-025
  6.650096520024733E-025
  6.650096309096507E-025
  6.650096094048134E-025
  6.650095874799126E-025
  6.650095651267437E-025
  6.650095423369410E-025
  6.650095191019749E-025
  6.650094954131508E-025
  6.650094712616027E-025
  6.650094466382926E-025
  6.650094215340042E-025
  6.650093959393433E-025
  6.650093698447312E-025
  6.650093432404021E-025
  6.650093161163991E-025
  6.650092884625715E-025
  6.650092602685698E-025
  6.650092315238423E-025
  6.650092022176328E-025
  6.650091723389723E-025
  6.650091418766791E-025
  6.650091108193530E-025
  6.650090791553709E-025
  6.650090468728828E-025
  6.650090139598073E-025
  6.650089804038267E-025
  6.650089461923827E-025
  6.650089113126725E-025
  6.650088757516416E-025
  6.650088394959825E-025
  6.650088025321256E-025
  6.650087648462387E-025
  6.650087264242171E-025
  6.650086872516815E-025
  6.650086473139725E-025
  6.650086065961430E-025
  6.650085650829549E-025
  6.650085227588721E-025
  6.650084796080551E-025
  6.650084356143549E-025
  6.650083907613072E-025
  6.650083450321257E-025
  6.650082984096962E-025
  6.650082508765719E-025
  6.650082024149624E-025
  6.650081530067318E-025
  6.650081026333892E-025
  6.650080512760827E-025
  6.650079989155923E-025
  6.650079455323223E-025
  6.650078911062939E-025
  6.650078356171389E-025
  6.650077790440906E-025
  6.650077213659771E-025
  6.650076625612120E-025
  6.650076026077890E-025
  6.650075414832703E-025
  6.650074791647806E-025
  6.650074156289973E-025
  6.650073508521423E-025
  6.650072848099737E-025
  6.650072174777751E-025
  6.650071488303483E-025
  6.650070788420021E-025
  6.650070074865441E-025
  6.650069347372697E-025
  6.650068605669523E-025
  6.650067849478346E-025
  6.650067078516172E-025
  6.650066292494461E-025
  6.650065491119060E-025
  6.650064674090048E-025
  6.650063841101658E-025
  6.650062991842161E-025
  6.650062125993708E-025
  6.650061243232280E-025
  6.650060343227493E-025
  6.650059425642535E-025
  6.650058490133994E-025
  6.650057536351769E-025
  6.650056563938910E-025
  6.650055572531501E-025
  6.650054561758512E-025
  6.650053531241658E-025
  6.650052480595289E-025
  6.650051409426191E-025
  6.650050317333497E-025
  6.650049203908491E-025
  6.650048068734479E-025
  6.650046911386637E-025
  6.650045731431827E-025
  6.650044528428455E-025
  6.650043301926311E-025
  6.650042051466377E-025
  6.650040776580678E-025
  6.650039476792098E-025
  6.650038151614193E-025
  6.650036800551026E-025
  6.650035423096974E-025
  6.650034018736522E-025
  6.650032586944105E-025
  6.650031127183873E-025
  6.650029638909530E-025
  6.650028121564088E-025
  6.650026574579697E-025
  6.650024997377405E-025
  6.650023389366951E-025
  6.650021749946541E-025
  6.650020078502638E-025
  6.650018374409711E-025
  6.650016637030017E-025
  6.650014865713338E-025
  6.650013059796792E-025
  6.650011218604504E-025
  6.650009341447425E-025
  6.650007427623044E-025
  6.650005476415112E-025
  6.650003487093412E-025
  6.650001458913443E-025
  6.649999391116181E-025
  6.649997282927755E-025
  6.649995133559187E-025
  6.649992942206093E-025
  6.649990708048368E-025
  6.649988430249887E-025
  6.649986107958202E-025
  6.649983740304213E-025
  6.649981326401831E-025
  6.649978865347673E-025
  6.649976356220691E-025
  6.649973798081870E-025
  6.649971189973835E-025
  6.649968530920526E-025
  6.649965819926794E-025
  6.649963055978074E-025
  6.649960238039968E-025
  6.649957365057881E-025
  6.649954435956613E-025
  6.649951449639972E-025
  6.649948404990338E-025
  6.649945300868267E-025
  6.649942136112066E-025
  6.649938909537336E-025
  6.649935619936553E-025
  6.649932266078603E-025
  6.649928846708313E-025
  6.649925360546023E-025
  6.649921806287038E-025
  6.649918182601206E-025
  6.649914488132385E-025
  6.649910721497932E-025
  6.649906881288208E-025
  6.649902966066035E-025
  6.649898974366169E-025
  6.649894904694736E-025
  6.649890755528681E-025
  6.649886525315204E-025
  6.649882212471169E-025
  6.649877815382526E-025
  6.649873332403679E-025
  6.649868761856910E-025
  6.649864102031702E-025
  6.649859351184150E-025
  6.649854507536282E-025
  6.649849569275379E-025
  6.649844534553337E-025
  6.649839401485931E-025
  6.649834168152132E-025
  6.649828832593400E-025
  6.649823392812945E-025
  6.649817846774886E-025
  6.649812192403806E-025
  6.649806427583564E-025
  6.649800550157290E-025
  6.649794557923732E-025
  6.649788448640611E-025
  6.649782220019749E-025
  6.649775869735059E-025
  6.649769395440647E-025
  6.649762794535866E-025
  6.649756064830588E-025
  6.649749203807853E-025
  6.649742208866280E-025
  6.649735076793778E-025
  6.649727806423169E-025
  6.649720393264452E-025
  6.649712832228838E-025
  6.649705132949283E-025
  6.649697286164452E-025
  6.649689264281744E-025
  6.649681085445838E-025
  6.649672767713380E-025
  6.649664418845337E-025
  6.649655815756098E-025
  6.649646859448505E-025
  6.649637849879149E-025
  6.649628522532154E-025
  6.649619541284032E-025
  6.649608026643366E-025
  6.649599605650965E-025
  6.649590966586024E-025
  6.649578860378184E-025
  6.649573234459576E-025
  6.649557786939925E-025
  6.649548796465390E-025
  6.649532486775921E-025
  6.649522266936885E-025
  6.649522269084735E-025
  6.649495097763795E-025
  6.649484663579551E-025
  6.649484472567285E-025
  6.649465255112972E-025
  6.649467015160453E-025
  6.649443717477550E-025
  6.649424476703069E-025
  6.649420496192396E-025
  6.649408366551565E-025
  6.649412019749644E-025
  6.649361286073106E-025
  6.649347789275844E-025
  6.649341667789686E-025
  6.649351446234278E-025
  6.649299238672049E-025
  6.649299152205001E-025
  6.649258937526181E-025
  6.649270691869032E-025
  6.649275115188300E-025
  6.649244160655691E-025
  6.649214556144099E-025
  6.649202606252143E-025
  6.649180102248552E-025
  6.649160695666752E-025
  6.649156048857211E-025
  6.649130193546341E-025
  6.649101815077251E-025
  6.649085380817235E-025
  6.649076242116710E-025
  6.649044475500219E-025
  6.649026122067218E-025
  6.649009060679578E-025
  6.648986579822913E-025
  6.648964774546845E-025
  6.648944329059981E-025
  6.648914611578437E-025
  6.648898482900745E-025
  6.648875180567180E-025
  6.648848709078631E-025
  6.648823051604833E-025
  6.648794157111141E-025
  6.648765779948730E-025
  6.648746378667004E-025
  6.648716282261371E-025
  6.648690797536827E-025
  6.648664462946270E-025
  6.648635613458628E-025
  6.648610691911935E-025
  6.648578680231511E-025
  6.648549765304504E-025
  6.648519735805493E-025
  6.648489332805248E-025
  6.648457779906618E-025
  6.648422849109669E-025
  6.648390290354173E-025
  6.648358048923783E-025
  6.648324219366956E-025
  6.648288440404967E-025
  6.648254652823416E-025
  6.648219350023325E-025
  6.648180059970633E-025
  6.648143012035035E-025
  6.648104378713667E-025
  6.648067120190051E-025
  6.648025280710400E-025
  6.647984821121342E-025
  6.647943713647653E-025
  6.647900924022375E-025
  6.647859040877118E-025
  6.647814485399445E-025
  6.647769502271887E-025
  6.647723552162618E-025
  6.647677129135401E-025
  6.647629575979751E-025
  6.647582524430442E-025
  6.647533165571754E-025
  6.647482502852355E-025
  6.647431895998736E-025
  6.647378656162465E-025
  6.647326016853631E-025
  6.647271010084899E-025
  6.647215460056388E-025
  6.647159300565084E-025
  6.647101952589511E-025
  6.647043714769816E-025
  6.646983112882237E-025
  6.646922335390538E-025
  6.646860383089471E-025
  6.646796509441107E-025
  6.646731966782125E-025
  6.646666024426138E-025
  6.646599123834817E-025
  6.646530539621605E-025
  6.646460882980581E-025
  6.646389687060700E-025
  6.646316962148810E-025
  6.646243173762750E-025
  6.646167776108510E-025
  6.646090777076789E-025
  6.646012287394153E-025
  6.645932294935245E-025
  6.645851114298776E-025
  6.645767714057170E-025
  6.645683172814626E-025
  6.645596932081508E-025
  6.645508692641981E-025
  6.645419059347587E-025
  6.645327679934843E-025
  6.645234406840340E-025
  6.645139191461165E-025
  6.645042298368700E-025
  6.644943352669198E-025
  6.644842711712174E-025
  6.644739891957750E-025
  6.644635201310921E-025
  6.644528454133918E-025
  6.644419565043313E-025
  6.644308632691765E-025
  6.644195502804514E-025
  6.644080125859062E-025
  6.643962528205316E-025
  6.643842728836710E-025
  6.643720457648079E-025
  6.643595867426050E-025
  6.643468819376226E-025
  6.643339342685908E-025
  6.643207314513607E-025
  6.643072732219414E-025
  6.642935507375235E-025
  6.642795634472277E-025
  6.642653024993644E-025
  6.642507631480939E-025
  6.642359398900538E-025
  6.642208278273376E-025
  6.642054261190586E-025
  6.641897208580257E-025
  6.641737104642316E-025
  6.641573871021522E-025
  6.641407486834612E-025
  6.641237853497296E-025
  6.641064908786907E-025
  6.640888612249095E-025
  6.640708875156800E-025
  6.640525637478680E-025
  6.640338845835069E-025
  6.640148398608859E-025
  6.639954271766351E-025
  6.639756348395291E-025
  6.639554590904291E-025
  6.639348899528678E-025
  6.639139214105644E-025
  6.638925444982630E-025
  6.638707530022450E-025
  6.638485361957254E-025
  6.638258881790413E-025
  6.638027997814788E-025
  6.637792629182869E-025
  6.637552683181743E-025
  6.637308071646521E-025
  6.637058707463875E-025
  6.636804500914758E-025
  6.636545352875801E-025
  6.636281174082536E-025
  6.636011853135138E-025
  6.635737315123874E-025
  6.635457440381728E-025
  6.635172125303812E-025
  6.634881276276339E-025
  6.634584780123729E-025
  6.634282531016595E-025
  6.633974410202967E-025
  6.633660312350996E-025
  6.633340119234744E-025
  6.633013714837846E-025
  6.632680977423414E-025
  6.632341785170485E-025
  6.631996015442859E-025
  6.631643543520541E-025
  6.631284235455977E-025
  6.630917959989786E-025
  6.630544590221472E-025
  6.630163980276874E-025
  6.629775998144226E-025
  6.629380499525304E-025
  6.628977336830286E-025
  6.628566368572031E-025
  6.628147441632692E-025
  6.627720404138355E-025
  6.627285100421894E-025
  6.626841371307611E-025
  6.626389055418552E-025
  6.625927989838022E-025
  6.625458004020024E-025
  6.624978929428193E-025
  6.624490592292588E-025
  6.623992814519973E-025
  6.623485415537065E-025
  6.622968211057447E-025
  6.622441014153742E-025
  6.621903634331397E-025
  6.621355876531391E-025
  6.620797543548839E-025
  6.620228431866584E-025
  6.619648337822023E-025
  6.619057051703027E-025
  6.618454359750787E-025
  6.617840044972675E-025
  6.617213886746464E-025
  6.616575659329595E-025
  6.615925133013251E-025
  6.615262074653876E-025
  6.614586246091843E-025
  6.613897404921806E-025
  6.613195304672176E-025
  6.612479693596088E-025
  6.611750315578870E-025
  6.611006910705769E-025
  6.610249213017235E-025
  6.609476951859839E-025
  6.608689852958271E-025
  6.607887634870027E-025
  6.607070013481867E-025
  6.606236697725655E-025
  6.605387391582908E-025
  6.604521794153200E-025
  6.603639599030538E-025
  6.602740493694037E-025
  6.601824160395812E-025
  6.600890275755705E-025
  6.599938510422013E-025
  6.598968529234767E-025
  6.597979990856007E-025
  6.596972547835313E-025
  6.595945846885077E-025
  6.594899527953403E-025
  6.593833224846328E-025
  6.592746564790069E-025
  6.591639168465519E-025
  6.590510649741357E-025
  6.589360615859425E-025
  6.588188666833232E-025
  6.586994396020253E-025
  6.585777389418616E-025
  6.584537225735421E-025
  6.583273476521146E-025
  6.581985705804170E-025
  6.580673469869829E-025
  6.579336317554712E-025
  6.577973789770904E-025
  6.576585419582016E-025
  6.575170731942344E-025
  6.573729243742677E-025
  6.572260463552808E-025
  6.570763891572799E-025
  6.569239019590305E-025
  6.567685330653446E-025
  6.566102299201833E-025
  6.564489390701293E-025
  6.562846061753102E-025
  6.561171759797725E-025
  6.559465923096374E-025
  6.557727980545256E-025
  6.555957351588335E-025
  6.554153446090133E-025
  6.552315664237588E-025
  6.550443396348340E-025
  6.548536022845948E-025
  6.546592914025372E-025
  6.544613430037280E-025
  6.542596920694579E-025
  6.540542725389415E-025
  6.538450172923185E-025
  6.536318581475751E-025
  6.534147258399489E-025
  6.531935500094610E-025
  6.529682592004139E-025
  6.527387808355451E-025
  6.525050412125625E-025
  6.522669654937462E-025
  6.520244776868664E-025
  6.517775006410963E-025
  6.515259560342420E-025
  6.512697643593877E-025
  6.510088449176801E-025
  6.507431158039737E-025
  6.504724939008214E-025
  6.501968948659273E-025
  6.499162331203726E-025
  6.496304218455582E-025
  6.493393729664720E-025
  6.490429971483068E-025
  6.487412037845740E-025
  6.484339009918003E-025
  6.481209955988084E-025
  6.478023931418440E-025
  6.474779978554956E-025
  6.471477126681889E-025
  6.468114391942497E-025
  6.464690777302842E-025
  6.461205272480646E-025
  6.457656853922710E-025
  6.454044484746840E-025
  6.450367114720275E-025
  6.446623680236327E-025
  6.442813104284348E-025
  6.438934296445310E-025
  6.434986152884939E-025
  6.430967556354148E-025
  6.426877376203480E-025
  6.422714468399333E-025
  6.418477675554679E-025
  6.414165826960249E-025
  6.409777738636322E-025
  6.405312213391493E-025
  6.400768040877383E-025
  6.396143997676866E-025
  6.391438847385978E-025
  6.386651340717534E-025
  6.381780215607113E-025
  6.376824197338553E-025
  6.371781998682020E-025
  6.366652320040578E-025
  6.361433849612069E-025
  6.356125263566656E-025
  6.350725226239725E-025
  6.345232390332806E-025
  6.339645397138687E-025
  6.333962876776053E-025
  6.328183448443426E-025
  6.322305720688687E-025
  6.316328291694147E-025
  6.310249749584447E-025
  6.304068672746529E-025
  6.297783630171008E-025
  6.291393181812582E-025
  6.284895878970331E-025
  6.278290264686765E-025
  6.271574874167102E-025
  6.264748235221986E-025
  6.257808868728100E-025
  6.250755289112700E-025
  6.243586004860391E-025
  6.236299519040762E-025
  6.228894329861742E-025
  6.221368931243632E-025
  6.213721813419038E-025
  6.205951463556141E-025
  6.198056366406132E-025
  6.190035004977058E-025
  6.181885861230622E-025
  6.173607416807110E-025
  6.165198153773643E-025
  6.156656555400315E-025
  6.147981106961742E-025
  6.139170296565051E-025
  6.130222616005212E-025
  6.121136561645956E-025
  6.111910635328785E-025
  6.102543345308106E-025
  6.093033207213524E-025
  6.083378745039309E-025
  6.073578492160265E-025
  6.063630992374792E-025
  6.053534800974135E-025
  6.043288485838475E-025
  6.032890628558769E-025
  6.022339825584728E-025
  6.011634689397905E-025
  6.000773849709966E-025
  5.989755954685703E-025
  5.978579672189619E-025
  5.967243691056242E-025
  5.955746722382879E-025
  5.944087500844289E-025
  5.932264786028594E-025
  5.920277363793235E-025
  5.908124047640220E-025
  5.895803680109442E-025
  5.883315134189010E-025
  5.870657314741585E-025
  5.857829159944851E-025
  5.844829642745482E-025
  5.831657772324536E-025
  5.818312595573124E-025
  5.804793198576413E-025
  5.791098708104559E-025
  5.777228293108532E-025
  5.763181166219037E-025
  5.748956585246547E-025
  5.734553854680396E-025
  5.719972327184812E-025
  5.705211405089636E-025
  5.690270541873417E-025
  5.675149243636554E-025
  5.659847070561919E-025
  5.644363638360640E-025
  5.628698619700179E-025
  5.612851745612190E-025
  5.596822806877454E-025
  5.580611655384927E-025
  5.564218205462283E-025
  5.547642435174831E-025
  5.530884387589937E-025
  5.513944172004140E-025
  5.496821965129562E-025
  5.479518012236922E-025
  5.462032628251963E-025
  5.444366198802138E-025
  5.426519181210508E-025
  5.408492105433889E-025
  5.390285574942011E-025
  5.371900267534668E-025
  5.353336936093972E-025
  5.334596409268534E-025
  5.315679592086778E-025
  5.296587466496471E-025
  5.277321091827567E-025
  5.257881605175830E-025
  5.238270221704386E-025
  5.218488234860831E-025
  5.198537016507332E-025
  5.178418016961500E-025
  5.158132764945877E-025
  5.137682867443852E-025
  5.117070009460365E-025
  5.096295953685487E-025
  5.075362540059423E-025
  5.054271685237620E-025
  5.033025381954728E-025
  5.011625698286603E-025
  4.990074776809460E-025
  4.968374833655801E-025
  4.946528157466756E-025
  4.924537108240880E-025
  4.902404116079481E-025
  4.880131679829085E-025
  4.857722365621673E-025
  4.835178805313687E-025
  4.812503694825072E-025
  4.789699792379856E-025
  4.766769916650072E-025
  4.743716944805068E-025
  4.720543810468593E-025
  4.697253501586219E-025
  4.673849058206026E-025
  4.650333570175668E-025
  4.626710174759268E-025
  4.602982054177827E-025
  4.579152433077006E-025
  4.555224575926584E-025
  4.531201784355843E-025
  4.507087394429683E-025
  4.482884773870205E-025
  4.458597319228821E-025
  4.434228453014265E-025
  4.409781620781749E-025
  4.385260288189009E-025
  4.360667938024856E-025
  4.336008067216191E-025
  4.311284183819399E-025
  4.286499804002178E-025
  4.261658449021993E-025
  4.236763642207316E-025
  4.211818905947896E-025
  4.186827758700264E-025
  4.161793712014796E-025
  4.136720267590407E-025
  4.111610914363178E-025
  4.086469125634890E-025
  4.061298356247530E-025
  4.036102039809617E-025
  4.010883585980109E-025
  3.985646377815453E-025
  3.960393769185286E-025
  3.935129082261923E-025
  3.909855605088668E-025
  3.884576589231774E-025
  3.859295247520585E-025
  3.834014751880120E-025
  3.808738231260051E-025
  3.783468769663938E-025
  3.758209404281970E-025
  3.732963123730435E-025
  3.707732866400552E-025
  3.682521518919229E-025
  3.657331914723815E-025
  3.632166832752547E-025
  3.607028996252132E-025
  3.581921071703495E-025
  3.556845667866482E-025
  3.531805334943637E-025
  3.506802563863303E-025
  3.481839785681512E-025
  3.456919371102038E-025
  3.432043630113496E-025
  3.407214811742186E-025
  3.382435103918994E-025
  3.357706633458211E-025
  3.333031466146135E-025
  3.308411606936688E-025
  3.283849000251315E-025
  3.259345530379923E-025
  3.234903021979491E-025
  3.210523240666800E-025
  3.186207893701367E-025
  3.161958630754596E-025
  3.137777044760971E-025
  3.113664672846855E-025
  3.089622997332473E-025
  3.065653446802342E-025
  3.041757397239545E-025
  3.017936173218932E-025
  2.994191049154416E-025
  2.970523250595389E-025
  2.946933955567362E-025
  2.923424295951848E-025
  2.899995358900470E-025
  2.876648188278446E-025
  2.853383786132509E-025
  2.830203114178480E-025
  2.807107095303667E-025
  2.784096615079510E-025
  2.761172523279856E-025
  2.738335635400460E-025
  2.715586734175351E-025
  2.692926571085957E-025
  2.670355867858908E-025
  2.647875317948732E-025
  2.625485588001677E-025
  2.603187319297230E-025
  2.580981129163939E-025
  2.558867612366524E-025
  2.536847342461161E-025
  2.514920873116412E-025
  2.493088739397114E-025
  2.471351459008996E-025
  2.449709533501838E-025
  2.428163449429308E-025
  2.406713679463791E-025
  2.385360683464603E-025
  2.364104909498422E-025
  2.342946794810754E-025
  2.321886766747578E-025
  2.300925243626399E-025
  2.280062635556263E-025
  2.259299345206333E-025
  2.238635768522919E-025
  2.218072295394881E-025
  2.197609310267667E-025
  2.177247192706255E-025
  2.156986317907523E-025
  2.136827057162563E-025
  2.116769778269821E-025
  2.096814845899858E-025
  2.076962621912724E-025
  2.057213465629067E-025
  2.037567734056219E-025
  2.018025782070456E-025
  1.998587962556922E-025
  1.979254626508600E-025
  1.960026123085880E-025
  1.940902799638335E-025
  1.921885001690287E-025
  1.902973072891896E-025
  1.884167354937473E-025
  1.865468187452780E-025
  1.846875907853036E-025
  1.828390851173504E-025
  1.810013349874405E-025
  1.791743733621941E-025
  1.773582329047285E-025
  1.755529459485279E-025
  1.737585444694658E-025
  1.719750600561488E-025
  1.702025238787661E-025
  1.684409666566046E-025
  1.666904186244050E-025
  1.649509094977171E-025
  1.632224684374179E-025
  1.615051240135482E-025
  1.597989041686171E-025
  1.581038361805209E-025
  1.564199466252195E-025
  1.547472613393083E-025
  1.530858053826086E-025
  1.514356030009120E-025
  1.497966775889919E-025
  1.481690516540002E-025
  1.465527467793511E-025
  1.449477835892037E-025
  1.433541817136319E-025
  1.417719597545780E-025
  1.402011352526688E-025
  1.386417246549801E-025
  1.370937432838179E-025
  1.355572053065871E-025
  1.340321237068048E-025
  1.325185102563213E-025
  1.310163754887962E-025
  1.295257286744715E-025
  1.280465777962919E-025
  1.265789295273973E-025
  1.251227892100261E-025
  1.236781608358496E-025
  1.222450470277610E-025
  1.208234490231376E-025
  1.194133666585855E-025
  1.180147983561742E-025
  1.166277411111728E-025
  1.152521904812788E-025
  1.138881405773451E-025
  1.125355840555917E-025
  1.111945121112993E-025
  1.098649144739683E-025
  1.085467794039283E-025
  1.072400936903807E-025
  1.059448426508532E-025
  1.046610101320468E-025
  1.033885785120409E-025
  1.021275287038438E-025
  1.008778401602452E-025
  9.963949087994698E-026
  9.841245741494409E-026
  9.719671487911276E-026
  9.599223695797512E-026
  9.479899591961024E-026
  9.361696262666246E-026
  9.244610654942160E-026
  9.128639577992825E-026
  9.013779704706528E-026
  8.900027573260516E-026
  8.787379588816006E-026
  8.675832025300165E-026
  8.565381027271306E-026
  8.456022611862510E-026
  8.347752670799864E-026
  8.240566972491989E-026
  8.134461164185438E-026
  8.029430774183532E-026
  7.925471214123405E-026
  7.822577781307829E-026
  7.720745661088439E-026
  7.619969929295469E-026
  7.520245554710986E-026
  7.421567401581982E-026
  7.323930232168938E-026
  7.227328709327205E-026
  7.131757399117054E-026
  7.037210773438994E-026
  6.943683212691666E-026
  6.851169008448174E-026
  6.759662366148084E-026
  6.669157407802340E-026
  6.579648174707463E-026
  6.491128630166273E-026
  6.403592662212965E-026
  6.317034086338643E-026
  6.231446648215920E-026
  6.146824026419051E-026
  6.063159835137565E-026
  5.980447626881316E-026
  5.898680895174083E-026
  5.817853077233870E-026
  5.737957556638113E-026
  5.658987665971173E-026
  5.580936689452623E-026
  5.503797865544721E-026
  5.427564389536658E-026
  5.352229416104805E-026
  5.277786061846738E-026
  5.204227407787776E-026
  5.131546501859091E-026
  5.059736361345349E-026
  4.988789975301129E-026
  4.918700306935209E-026
  4.849460295960837E-026
  4.781062860912085E-026
  4.713500901424477E-026
  4.646767300479366E-026
  4.580854926611690E-026
  4.515756636079709E-026
  4.451465274996429E-026
  4.387973681422479E-026
  4.325274687419222E-026
  4.263361121062115E-026
  4.202225808414104E-026
  4.141861575457961E-026
  4.082261249988278E-026
  4.023417663462037E-026
  3.965323652807947E-026
  3.907972062194612E-026
  3.851355744756980E-026
  3.795467564281282E-026
  3.740300396848639E-026
  3.685847132436986E-026
  3.632100676481568E-026
  3.579053951394404E-026
  3.526699898042225E-026
  3.475031477183813E-026
  3.424041670866386E-026
  3.373723483781431E-026
  3.324069944580579E-026
  3.275074107151303E-026
  3.226729051853042E-026
  3.179027886714295E-026
  3.131963748590513E-026
  3.085529804283819E-026
  3.039719251624477E-026
  2.994525320514689E-026
  2.949941273935431E-026
