  6.548939951777711E-025
  6.547575609704021E-025
  6.546193404352514E-025
  6.544793117498667E-025
  6.543374526574916E-025
  6.541937409150011E-025
  6.540481537831049E-025
  6.539006685121763E-025
  6.537512620381910E-025
  6.535999111204404E-025
  6.534465921604666E-025
  6.532912812941479E-025
  6.531339546845641E-025
  6.529745879268388E-025
  6.528131565658081E-025
  6.526496359370425E-025
  6.524840009445449E-025
  6.523162265213558E-025
  6.521462870592698E-025
  6.519741568251384E-025
  6.517998098903039E-025
  6.516232200519252E-025
  6.514443608528963E-025
  6.512632055058820E-025
  6.510797272034039E-025
  6.508938985383530E-025
  6.507056921076622E-025
  6.505150802025993E-025
  6.503220348041513E-025
  6.501265277259514E-025
  6.499285304524088E-025
  6.497280142067293E-025
  6.495249501373709E-025
  6.493193087693612E-025
  6.491110608008464E-025
  6.489001763548180E-025
  6.486866254755229E-025
  6.484703778116105E-025
  6.482514029129514E-025
  6.480296699240953E-025
  6.478051479205968E-025
  6.475778054125017E-025
  6.473476110199086E-025
  6.471145328123047E-025
  6.468785388495025E-025
  6.466395967538848E-025
  6.463976739659271E-025
  6.461527376691065E-025
  6.459047548398405E-025
  6.456536920678141E-025
  6.453995158416696E-025
  6.451421923428012E-025
  6.448816875418777E-025
  6.446179671735166E-025
  6.443509965371526E-025
  6.440807409338272E-025
  6.438071653503015E-025
  6.435302345088413E-025
  6.432499128658295E-025
  6.429661646544859E-025
  6.426789539488097E-025
  6.423882445729059E-025
  6.420940000099824E-025
  6.417961836923493E-025
  6.414947586506879E-025
  6.411896878047333E-025
  6.408809338624119E-025
  6.405684592073595E-025
  6.402522261806719E-025
  6.399321967415887E-025
  6.396083328036896E-025
  6.392805958862547E-025
  6.389489474983475E-025
  6.386133489369213E-025
  6.382737611377894E-025
  6.379301449600609E-025
  6.375824611641987E-025
  6.372306701730422E-025
  6.368747323494921E-025
  6.365146077762193E-025
  6.361502565678552E-025
  6.357816384410838E-025
  6.354087131038763E-025
  6.350314400942684E-025
  6.346497787998440E-025
  6.342636883865731E-025
  6.338731280069649E-025
  6.334780566791431E-025
  6.330784331713986E-025
  6.326742163198952E-025
  6.322653646858200E-025
  6.318518368254212E-025
  6.314335911412418E-025
  6.310105860159959E-025
  6.305827797495607E-025
  6.301501304229311E-025
  6.297125962595315E-025
  6.292701352455407E-025
  6.288227054839906E-025
  6.283702647922301E-025
  6.279127712597558E-025
  6.274501826458102E-025
  6.269824569885638E-025
  6.265095519659896E-025
  6.260314256115238E-025
  6.255480357605596E-025
  6.250593402390256E-025
  6.245652970115686E-025
  6.240658639895902E-025
  6.235609992563438E-025
  6.230506607665118E-025
  6.225348066891902E-025
  6.220133951608362E-025
  6.214863845395225E-025
  6.209537330991912E-025
  6.204153993598470E-025
  6.198713419275050E-025
  6.193215194419748E-025
  6.187658908181707E-025
  6.182044150682185E-025
  6.176370513584867E-025
  6.170637590082704E-025
  6.164844975092468E-025
  6.158992266236421E-025
  6.153079062367922E-025
  6.147104965954363E-025
  6.141069579724943E-025
  6.134972510533666E-025
  6.128813367227338E-025
  6.122591761374870E-025
  6.116307306922020E-025
  6.109959621790127E-025
  6.103548326306759E-025
  6.097073043819990E-025
  6.090533402285798E-025
  6.083929031354911E-025
  6.077259565258687E-025
  6.070524642929639E-025
  6.063723905219932E-025
  6.056856999200016E-025
  6.049923573298614E-025
  6.042923283595040E-025
  6.035855787893292E-025
  6.028720750810039E-025
  6.021517839520873E-025
  6.014246727210962E-025
  6.006907092999637E-025
  5.999498619319329E-025
  5.992020995215650E-025
  5.984473914953335E-025
  5.976857077592526E-025
  5.969170189697912E-025
  5.961412961640835E-025
  5.953585111212351E-025
  5.945686361521311E-025
  5.937716443503895E-025
  5.929675092348508E-025
  5.921562051594594E-025
  5.913377070908636E-025
  5.905119906286064E-025
  5.896790321887077E-025
  5.888388088373976E-025
  5.879912983841222E-025
  5.871364793721925E-025
  5.862743310622381E-025
  5.854048335774446E-025
  5.845279677773999E-025
  5.836437153262368E-025
  5.827520586414837E-025
  5.818529811112690E-025
  5.809464667713323E-025
  5.800325006485486E-025
  5.791110685395250E-025
  5.781821572552593E-025
  5.772457543018776E-025
  5.763018482295239E-025
  5.753504284498250E-025
  5.743914852434313E-025
  5.734250099289196E-025
  5.724509947684815E-025
  5.714694327737497E-025
  5.704803182287761E-025
  5.694836461818705E-025
  5.684794126846965E-025
  5.674676148663980E-025
  5.664482508237319E-025
  5.654213196122130E-025
  5.643868214564697E-025
  5.633447574208679E-025
  5.622951297525199E-025
  5.612379416966258E-025
  5.601731975569348E-025
  5.591009026448874E-025
  5.580210634429364E-025
  5.569336874577145E-025
  5.558387832772649E-025
  5.547363605270989E-025
  5.536264300742304E-025
  5.525090036826242E-025
  5.513840943683162E-025
  5.502517162022369E-025
  5.491118843158580E-025
  5.479646151030218E-025
  5.468099258718645E-025
  5.456478351990510E-025
  5.444783626830426E-025
  5.433015291926631E-025
  5.421173565178519E-025
  5.409258677236987E-025
  5.397270869486566E-025
  5.385210394543112E-025
  5.373077515762144E-025
  5.360872509190145E-025
  5.348595660108369E-025
  5.336247266461338E-025
  5.323827636344992E-025
  5.311337090501992E-025
  5.298775958758078E-025
  5.286144583494670E-025
  5.273443317606430E-025
  5.260672524950537E-025
  5.247832579800406E-025
  5.234923868796531E-025
  5.221946787352690E-025
  5.208901743125734E-025
  5.195789153449208E-025
  5.182609447689571E-025
  5.169363063768203E-025
  5.156050451508885E-025
  5.142672070563098E-025
  5.129228390830780E-025
  5.115719891858521E-025
  5.102147064723013E-025
  5.088510408450530E-025
  5.074810433398512E-025
  5.061047658630011E-025
  5.047222614306109E-025
  5.033335838075431E-025
  5.019387878426358E-025
  5.005379292574228E-025
  4.991310646827526E-025
  4.977182515943264E-025
  4.962995484487578E-025
  4.948750145205145E-025
  4.934447099361158E-025
  4.920086956585032E-025
  4.905670334240303E-025
  4.891197859236538E-025
  4.876670164401617E-025
  4.862087891795475E-025
  4.847451690055884E-025
  4.832762216718059E-025
  4.818020134573615E-025
  4.803226114964848E-025
  4.788380835623472E-025
  4.773484980492655E-025
  4.758539241544334E-025
  4.743544315103365E-025
  4.728500905158414E-025
  4.713409721172062E-025
  4.698271477907690E-025
  4.683086897223785E-025
  4.667856704392810E-025
  4.652581631415329E-025
  4.637262414311121E-025
  4.621899795438481E-025
  4.606494519793198E-025
  4.591047338321254E-025
  4.575559005707040E-025
  4.560030280692671E-025
  4.544461925374534E-025
  4.528854706996855E-025
  4.513209394271433E-025
  4.497526760661968E-025
  4.481807581704816E-025
  4.466052637288300E-025
  4.450262707978777E-025
  4.434438578308152E-025
  4.418581034584759E-025
  4.402690864692606E-025
  4.386768859900606E-025
  4.370815811168999E-025
  4.354832512451390E-025
  4.338819758508252E-025
  4.322778344712023E-025
  4.306709068361376E-025
  4.290612727485438E-025
  4.274490118675536E-025
  4.258342041873698E-025
  4.242169295215098E-025
  4.225972676831868E-025
  4.209752985676727E-025
  4.193511019847183E-025
  4.177247576412263E-025
  4.160963453234094E-025
  4.144659445304844E-025
  4.128336348067867E-025
  4.111994955263600E-025
  4.095636058757816E-025
  4.079260449883685E-025
  4.062868918281842E-025
  4.046462250252529E-025
  4.030041231091038E-025
  4.013606644944988E-025
  3.997159271668299E-025
  3.980699890173080E-025
  3.964229276291729E-025
  3.947748202639465E-025
  3.931257440473253E-025
  3.914757756069102E-025
  3.898249914087877E-025
  3.881734675449866E-025
  3.865212797216956E-025
  3.848685034464809E-025
  3.832152136679453E-025
  3.815614851133287E-025
  3.799073920284319E-025
  3.782530084162225E-025
  3.765984076777583E-025
  3.749436629509410E-025
  3.732888469019981E-025
  3.716340317654849E-025
  3.699792892861065E-025
  3.683246908593832E-025
  3.666703073739047E-025
  3.650162092532536E-025
  3.633624664483317E-025
  3.617091483805084E-025
  3.600563240839807E-025
  3.584040620498467E-025
  3.567524302693219E-025
  3.551014961783575E-025
  3.534513268011435E-025
  3.518019885955185E-025
  3.501535474977065E-025
  3.485060689173561E-025
  3.468596176837236E-025
  3.452142582404362E-025
  3.435700542932030E-025
  3.419270691049453E-025
  3.402853654930091E-025
  3.386450055265792E-025
  3.370060509231624E-025
  3.353685626470375E-025
  3.337326012066057E-025
  3.320982266521763E-025
  3.304654982751281E-025
  3.288344749558822E-025
  3.272052149628628E-025
  3.255777760017931E-025
  3.239522152147471E-025
  3.223285891299948E-025
  3.207069538111738E-025
  3.190873647079462E-025
  3.174698767055528E-025
  3.158545440759903E-025
  3.142414206275448E-025
  3.126305595561832E-025
  3.110220134965879E-025
  3.094158345228505E-025
  3.078120741001511E-025
  3.062107832856836E-025
  3.046120123809611E-025
  3.030158112829175E-025
  3.014222292361608E-025
  2.998313150846023E-025
  2.982431169244710E-025
  2.966576824553410E-025
  2.950750587837754E-025
  2.934952924750749E-025
  2.919184295060243E-025
  2.903445154176801E-025
  2.887735951681075E-025
  2.872057131854822E-025
  2.856409133708129E-025
  2.840792390513401E-025
  2.825207331829041E-025
  2.809654380042715E-025
  2.794133953894052E-025
  2.778646466012495E-025
  2.763192325446692E-025
  2.747771934206183E-025
  2.732385690786893E-025
  2.717033988209946E-025
  2.701717214558293E-025
  2.686435753008644E-025
  2.671189981369229E-025
  2.655980273611263E-025
  2.640806998410059E-025
  2.625670519677297E-025
  2.610571196596075E-025
  2.595509383161265E-025
  2.580485429708261E-025
  2.565499681453466E-025
  2.550552479027590E-025
  2.535644158511954E-025
  2.520775050974538E-025
  2.505945484499278E-025
  2.491155780729090E-025
  2.476406258392533E-025
  2.461697230843217E-025
  2.447029008586289E-025
  2.432401895821640E-025
  2.417816194468293E-025
  2.403272200203115E-025
  2.388770205985359E-025
  2.374310499597472E-025
  2.359893366165121E-025
  2.345519084701141E-025
  2.331187931622208E-025
  2.316900178788182E-025
  2.302656094026654E-025
  2.288455941162836E-025
  2.274299979548481E-025
  2.260188465585932E-025
  2.246121651257344E-025
  2.232099784652345E-025
  2.218123109991832E-025
  2.204191867653129E-025
  2.190306293696943E-025
  2.176466621386989E-025
  2.162673080215585E-025
  2.148925893932259E-025
  2.135225285553127E-025
  2.121571472394822E-025
  2.107964668091211E-025
  2.094405083610627E-025
  2.080892925780624E-025
  2.067428397804996E-025
  2.054011699283935E-025
  2.040643026230378E-025
  2.027322570591376E-025
  2.014050521759525E-025
  2.000827065593429E-025
  1.987652382438385E-025
  1.974526652129382E-025
  1.961450049019233E-025
  1.948422743987735E-025
  1.935444905952526E-025
  1.922516698391143E-025
  1.909638282846283E-025
  1.896809816942979E-025
  1.884031454401213E-025
  1.871303347043809E-025
  1.858625641314695E-025
  1.845998481783518E-025
  1.833422009161518E-025
  1.820896360808978E-025
  1.808421670746957E-025
  1.795998069666988E-025
  1.783625684441789E-025
  1.771304639631056E-025
  1.759035056491527E-025
  1.746817051492602E-025
  1.734650738815921E-025
  1.722536230364371E-025
  1.710473633277331E-025
  1.698463051433634E-025
  1.686504586458533E-025
  1.674598336731544E-025
  1.662744395400894E-025
  1.650942855377962E-025
  1.639193804355714E-025
  1.627497327312126E-025
  1.615853505517251E-025
  1.604262418037832E-025
  1.592724140248083E-025
  1.581238744335279E-025
  1.569806299305278E-025
  1.558426870992370E-025
  1.547100521565236E-025
  1.535827311530669E-025
  1.524607296245588E-025
  1.513440529421285E-025
  1.502327061130978E-025
  1.491266938317441E-025
  1.480260204800019E-025
  1.469306901283506E-025
  1.458407064865180E-025
  1.447560730538926E-025
  1.436767930207968E-025
  1.426028691192760E-025
  1.415343039235099E-025
  1.404710996012234E-025
  1.394132581637411E-025
  1.383607811677363E-025
  1.373136698658776E-025
  1.362719253073048E-025
  1.352355482388612E-025
  1.342045389565716E-025
  1.331788976057253E-025
  1.321586239326861E-025
  1.311437175351274E-025
  1.301341775640385E-025
  1.291300028743139E-025
  1.281311921257263E-025
  1.271377436344146E-025
  1.261496554239769E-025
  1.251669252265629E-025
  1.241895504843911E-025
  1.232175283507762E-025
  1.222508556415917E-025
  1.212895290363390E-025
  1.203335447300967E-025
  1.193828987841411E-025
  1.184375869280878E-025
  1.174976046110207E-025
  1.165629470029611E-025
  1.156336089965709E-025
  1.147095852086745E-025
  1.137908699318350E-025
  1.128774572858548E-025
  1.119693411195525E-025
  1.110665148627736E-025
  1.101689718274745E-025
  1.092767050101352E-025
  1.083897071429910E-025
  1.075079706465094E-025
  1.066314878303997E-025
  1.057602505464992E-025
  1.048942505897490E-025
  1.040334793009979E-025
  1.031779279183844E-025
  1.023275873795309E-025
  1.014824483737250E-025
  1.006425013438895E-025
  9.980773648878630E-026
  9.897814371504522E-026
  9.815371283928053E-026
  9.733443324057013E-026
  9.652029421233965E-026
  9.571128481477110E-026
  9.490739372744745E-026
  9.410860955082469E-026
  9.331492055957210E-026
  9.252631495374732E-026
  9.174278056241091E-026
  9.096430499543609E-026
  9.019087579555537E-026
  8.942248009188311E-026
  8.865910495118377E-026
  8.790073723108428E-026
  8.714736343285058E-026
  8.639897000308351E-026
  8.565554308709324E-026
  8.491706878056549E-026
  8.418353283338009E-026
  8.345492080120783E-026
  8.273121819847544E-026
  8.201241015132649E-026
  8.129848174977424E-026
  8.058941790054929E-026
  7.988520318031422E-026
  7.918582213731367E-026
  7.849125909515915E-026
  7.780149815510301E-026
  7.711652339825010E-026
  7.643631858945199E-026
  7.576086732950153E-026
  7.509015315735815E-026
  7.442415945368851E-026
  7.376286929370957E-026
  7.310626574927548E-026
  7.245433169227181E-026
  7.180704984729539E-026
  7.116440279425591E-026
  7.052637297154557E-026
  6.989294262863328E-026
  6.926409402863820E-026
  6.863980915158629E-026
  6.802006984740784E-026
  6.740485793797377E-026
  6.679415507042129E-026
  6.618794281998684E-026
  6.558620249299445E-026
  6.498891542910748E-026
  6.439606280461810E-026
  6.380762563518322E-026
  6.322358497814352E-026
  6.264392163622137E-026
  6.206861630971323E-026
  6.149764974909140E-026
  6.093100240852793E-026
  6.036865479779331E-026
  5.981058733540832E-026
  5.925678020209981E-026
  5.870721364201034E-026
  5.816186776681259E-026
  5.762072260777141E-026
  5.708375806865560E-026
  5.655095412808557E-026
  5.602229054280507E-026
  5.549774700017595E-026
  5.497730327015700E-026
  5.446093885918133E-026
  5.394863336163480E-026
  5.344036631306695E-026
  5.293611704288437E-026
  5.243586497650396E-026
  5.193958943816401E-026
  5.144726970351457E-026
  5.095888500199721E-026
  5.047441446979234E-026
  4.999383735142344E-026
  4.951713270316516E-026
  4.904427954525599E-026
  4.857525701371887E-026
  4.811004401385771E-026
  4.764861957164087E-026
  4.719096268655663E-026
  4.673705218433289E-026
  4.628686701847185E-026
  4.584038607313294E-026
  4.539758821522394E-026
  4.495845229682643E-026
  4.452295710738943E-026
  4.409108157549359E-026
  4.366280447208415E-026
  4.323810456179184E-026
  4.281696075510016E-026
  4.239935176136826E-026
  4.198525648955714E-026
  4.157465365183338E-026
  4.116752211433194E-026
  4.076384070000400E-026
  4.036358824034786E-026
  3.996674357740639E-026
  3.957328556588945E-026
  3.918319307477511E-026
  3.879644498976118E-026
  3.841302021471418E-026
  3.803289762377883E-026
  3.765605626280744E-026
  3.728247500202748E-026
  3.691213293680081E-026
  3.654500899032972E-026
  3.618108231462938E-026
  3.582033189296615E-026
  3.546273689098846E-026
  3.510827645857381E-026
  3.475692978155498E-026
  3.440867608328155E-026
  3.406349462609196E-026
  3.372136471326086E-026
  3.338226569005575E-026
  3.304617689562414E-026
  3.271307786413575E-026
  3.238294802660747E-026
  3.205576686229722E-026
  3.173151404962544E-026
  3.141016911854915E-026
  3.109171180067478E-026
  3.077612188153503E-026
  3.046337905187740E-026
  3.015346320833635E-026
  2.984635425513241E-026
  2.954203215527522E-026
  2.924047693179115E-026
  2.894166866877908E-026
  2.864558751270779E-026
  2.835221362365876E-026
  2.806152737589254E-026
  2.777350905960396E-026
  2.748813903201897E-026
  2.720539786750895E-026
  2.692526600998558E-026
  2.664772417236121E-026
  2.637275293924025E-026
  2.610033311623116E-026
  2.583044553198710E-026
  2.556307113855973E-026
  2.529819081274354E-026
  2.503578565620044E-026
  2.477583679731073E-026
  2.451832544095085E-026
  2.426323282003980E-026
  2.401054039574443E-026
  2.376022955893276E-026
  2.351228183013813E-026
  2.326667876102774E-026
  2.302340213405898E-026
  2.278243361453360E-026
  2.254375514971589E-026
  2.230734857088179E-026
  2.207319599271248E-026
  2.184127941495605E-026
  2.161158107203236E-026
  2.138408323415471E-026
  2.115876825764132E-026
  2.093561858566644E-026
  2.071461674838920E-026
  2.049574536361010E-026
  2.027898713729980E-026
  2.006432486381328E-026
  1.985174142648945E-026
  1.964121979799616E-026
  1.943274299080115E-026
  1.922629425698144E-026
  1.902185673945612E-026
  1.881941387154832E-026
  1.861894897792073E-026
  1.842044567409671E-026
  1.822388746760873E-026
  1.802925810755120E-026
  1.783654143506434E-026
  1.764572123381163E-026
  1.745678152988229E-026
  1.726970639190418E-026
  1.708447998148665E-026
  1.690108655334716E-026
  1.671951045534816E-026
  1.653973612855930E-026
  1.636174805789027E-026
  1.618553097107503E-026
  1.601106954014609E-026
  1.583834858064362E-026
  1.566735295198642E-026
  1.549806775702408E-026
  1.533047799306788E-026
  1.516456895082883E-026
  1.500032581533409E-026
  1.483773401534022E-026
  1.467677907320504E-026
  1.451744645580489E-026
  1.435972187342880E-026
  1.420359108008071E-026
  1.404903992378506E-026
  1.389605434615566E-026
  1.374462038226020E-026
  1.359472416085498E-026
  1.344635190392858E-026
  1.329948992677571E-026
  1.315412463805958E-026
  1.301024248924297E-026
  1.286783017463600E-026
  1.272687433138432E-026
  1.258736168948177E-026
  1.244927922074752E-026
  1.231261378974497E-026
  1.217735255269228E-026
  1.204348255802110E-026
  1.191099114535841E-026
  1.177986554628615E-026
  1.165009323314441E-026
  1.152166171941076E-026
  1.139455860935790E-026
  1.126877164749824E-026
  1.114428851910151E-026
  1.102109714888761E-026
  1.089918550161054E-026
  1.077854158138970E-026
  1.065915363137195E-026
  1.054100983368570E-026
  1.042409850905061E-026
  1.030840806662657E-026
  1.019392695344650E-026
  1.008064385380818E-026
  9.968547340161269E-027
  9.857626271376943E-027
  9.747869393456386E-027
  9.639265738165079E-027
  9.531804224206089E-027
  9.425474055084588E-027
  9.320264320329598E-027
  9.216164344046789E-027
  9.113163485213812E-027
  9.011251236933019E-027
  8.910417026327445E-027
  8.810650514152800E-027
  8.711941394208553E-027
  8.614279443228346E-027
  8.517654520142389E-027
  8.422056566201311E-027
  8.327475554160025E-027
  8.233901687933761E-027
  8.141325102320107E-027
  8.049736062885910E-027
  7.959124865139183E-027
  7.869482033826449E-027
  7.780797973692809E-027
  7.693063367478676E-027
  7.606268777365094E-027
  7.520405042501790E-027
  7.435462880670047E-027
  7.351433285995709E-027
  7.268307130046838E-027
  7.186075510397248E-027
  7.104729550452962E-027
  7.024260499399556E-027
  6.944659531465636E-027
  6.865918045331762E-027
  6.788027464102554E-027
  6.710979284603343E-027
  6.634765076928988E-027
  6.559376484247133E-027
  6.484805172371138E-027
  6.411043028603796E-027
  6.338081862551775E-027
  6.265913604442061E-027
  6.194530205796170E-027
  6.123923837845202E-027
  6.054086591968733E-027
  5.985010629334471E-027
  5.916688329439899E-027
  5.849111940803580E-027
  5.782273979631310E-027
  5.716166830454909E-027
  5.650783094281083E-027
  5.586115439280170E-027
  5.522156450012886E-027
  5.458898926727165E-027
  5.396335685395665E-027
  5.334459606614005E-027
  5.273263685841315E-027
  5.212740832669326E-027
  5.152884170502445E-027
  5.093686835648326E-027
  5.035141977651455E-027
  4.977242957752697E-027
  4.919983049703943E-027
  4.863355638643832E-027
  4.807354170738158E-027
  4.751972102825218E-027
  4.697203101725326E-027
  4.643040743913418E-027
  4.589478665410776E-027
  4.536510713648226E-027
  4.484130590144661E-027
  4.432332256043632E-027
  4.381109530841616E-027
  4.330456490380429E-027
  4.280367067929416E-027
  4.230835402551041E-027
  4.181855639508062E-027
  4.133422029265421E-027
  4.085528727724408E-027
  4.038170095150797E-027
  3.991340496049220E-027
  3.945034348679879E-027
  3.899246124723708E-027
  3.853970348792157E-027
  3.809201598039992E-027
  3.764934501760230E-027
  3.721163740975926E-027
  3.677883998166581E-027
  3.635090156339260E-027
  3.592776999300066E-027
  3.550939360893290E-027
  3.509572274454118E-027
  3.468670673038638E-027
  3.428229538417557E-027
  3.388244050496728E-027
  3.348709237823808E-027
  3.309620376205570E-027
  3.270972589242270E-027
  3.232761196925892E-027
  3.194981565960129E-027
  3.157628959545457E-027
  3.120698836242607E-027
  3.084186650168692E-027
  3.048087900242532E-027
  3.012398130367315E-027
  2.977112978285797E-027
  2.942227976096213E-027
  2.907738849007491E-027
  2.873641265845053E-027
  2.839931087381914E-027
  2.806604067534260E-027
  2.773656051669240E-027
  2.741082927163357E-027
  2.708880622824415E-027
  2.677045058390289E-027
  2.645572343824479E-027
  2.614458429749660E-027
  2.583699506234421E-027
  2.553291653319376E-027
  2.523230990300621E-027
  2.493513775003698E-027
  2.464136303700379E-027
  2.435094761365569E-027
  2.406385570113592E-027
  2.378004990193210E-027
  2.349949468530909E-027
  2.322215439039907E-027
  2.294799372211354E-027
  2.267697824319683E-027
  2.240907238111595E-027
  2.214424241447403E-027
  2.188245447270700E-027
  2.162367503767781E-027
  2.136787093389914E-027
  2.111500933026106E-027
  2.086505723500744E-027
  2.061798348832902E-027
  2.037375576785373E-027
  2.013234257967379E-027
  1.989371225738448E-027
  1.965783495516137E-027
  1.942467965241406E-027
  1.919421564825595E-027
  1.896641404984280E-027
  1.874124428322555E-027
  1.851867807953812E-027
  1.829868547929430E-027
  1.808123832308913E-027
  1.786630875152581E-027
  1.765386770776114E-027
  1.744388792515551E-027
  1.723634193068853E-027
  1.703120303875926E-027
  1.682844335516973E-027
  4.956183744234294E-035
  4.914296357543980E-035
  4.872659646784718E-035
  4.831273507609590E-035
  4.790137819176583E-035
  4.749252423712349E-035
  4.708617187820546E-035
  4.668231940946452E-035
  4.628096516497691E-035
  4.588210669585782E-035
  4.548574200301332E-035
  4.509186871600316E-035
  4.470048450389666E-035
  4.431158625399977E-035
  4.392517130334990E-035
  4.354123661900230E-035
  4.315977920884269E-035
  4.278079530092171E-035
  4.240428157469178E-035
  4.203023434202097E-035
  4.165864995829499E-035
  4.128952400159354E-035
  4.092285250475220E-035
  4.055863113634765E-035
  4.019685561244966E-035
  3.983752087480866E-035
  3.948062232491696E-035
  3.912615520965507E-035
  3.877411400653995E-035
  3.842449365511266E-035
  3.807728873918494E-035
  3.773249389899499E-035
  3.739010300891093E-035
  3.705011041295619E-035
  3.671251031072924E-035
  3.637729614124564E-035
  3.604446181724364E-035
  3.571400111210513E-035
  3.538590704397904E-035
  3.506017310949514E-035
  3.473679267136065E-035
  3.441575834239892E-035
  3.409706321933557E-035
  3.378070027072853E-035
  3.346666172053470E-035
  3.315494028267373E-035
  3.284552854892975E-035
  3.253841837163729E-035
  3.223360209977065E-035
  3.193107196643709E-035
  3.163081967458098E-035
  3.133283702143867E-035
  3.103711569282364E-035
  3.074364726524015E-035
  3.045242320801110E-035
  3.016343488541923E-035
  2.987667355885973E-035
  2.959213038900320E-035
  2.930979643796757E-035
  2.902966267149789E-035
  2.875171996115242E-035
  2.847595908649392E-035
  2.820237073728493E-035
  2.793094551568600E-035
  2.766167393845546E-035
  2.739454643914972E-035
  2.712955337032295E-035
  2.686668500572540E-035
  2.660593154249876E-035
  2.634728310336796E-035
  2.609072973882810E-035
  2.583626142932620E-035
  2.558386808743601E-035
  2.533353956002529E-035
  2.508526563041513E-035
  2.483903602052986E-035
  2.459484039303693E-035
  2.435266835347594E-035
  2.411250945237652E-035
  2.387435318736338E-035
  2.363818900524874E-035
  2.340400630411076E-035
  2.317179443535804E-035
  2.294154270577867E-035
  2.271324037957409E-035
  2.248687668037639E-035
  2.226244079324928E-035
  2.203992186667152E-035
  2.181930901450266E-035
  2.160059131793046E-035
