   2715230.97001924     
   2758510.17112184     
   2842822.58997282     
   2919885.54966891     
   2991941.32074839     
   3060610.87582151     
   3126898.48644125     
   3191425.23964270     
   3254587.96204684     
   3316652.28427078     
   3377804.89402281     
   3438183.02321310     
   3497891.51696918     
   3557013.06050989     
   3615614.54668145     
   3673751.20149331     
   3731469.36388139     
   3788808.42912548     
   3845802.25361955     
   3902480.20020924     
   3958867.93542091     
   4014988.05000965     
   4070860.55017817     
   4126503.25184537     
   4181932.10078705     
   4237161.43513646     
   4292204.20245627     
   4347072.14058654     
   4401775.92933472     
   4456325.31849824     
   4510729.23653307     
   4564995.88329960     
   4619132.80963019     
   4673146.98592590     
   4727044.86157339     
   4780832.41665463     
   4834515.20713217     
   4888098.40450855     
   4941586.83073391     
   4994984.98926651     
   5048297.09216120     
   5101527.08506783     
   5154678.66858401     
   5207755.31795254     
   5260760.30100051     
   5313696.69334912     
   5366567.39350730     
   5419375.13524833     
   5472122.49963773     
   5524811.92568526     
   5577445.72001643     
   5630026.06560282     
   5682555.02995334     
   5735034.57243434     
   5787466.55062237     
   5839852.72675237     
   5892194.77276169     
   5944494.27547832     
   5996752.74103595     
   6048971.59878071     
   6101152.20502413     
   6153295.84601981     
   6205403.74104562     
   6257477.04445355     
   6309516.84836309     
   6361524.18409288     
   6413500.02390679     
   6465445.28238847     
   6517360.81719958     
   6569247.43049373     
   6621105.86874630     
   6672936.82420953     
   6724740.93432730     
   6776518.78238936     
   6828270.89722677     
   6879997.75344308     
   6931699.77085273     
   6983377.31441913     
   7035030.69370660     
   7086660.16257039     
   7138265.91876087     
   7189848.10310071     
   7241406.79912559     
   7292942.03279601     
   7344453.77162417     
   7395941.92420165     
   7447406.33993313     
   7498846.80816508     
   7550263.05823789     
   7601654.75865718     
   7653021.51729124     
   7704362.88043606     
   7755678.33329203     
   7806967.29906927     
   7858229.13978424     
   7909463.15568524     
   7960668.58525418     
   8011844.60577419     
   8062990.33342418     
   8114104.82338243     
   8165187.07054882     
