  -314797.689125743     
  -307462.332558812     
  -296979.504327371     
  -288885.990344587     
  -282133.079359400     
  -276193.151435583     
  -270790.721554462     
  -265769.291421753     
  -261032.970961286     
  -256519.476374312     
  -252186.365578263     
  -248003.493138519     
  -243948.649197179     
  -240004.930230199     
  -236159.096818821     
  -232400.515849500     
  -228720.459979976     
  -225111.631543204     
  -221567.830906044     
  -218083.719925125     
  -214654.649384253     
  -211276.530408926     
  -207945.736749590     
  -204659.029180489     
  -201413.496054731     
  -198206.505879811     
  -195035.668988427     
  -191898.806195907     
  -188793.922898359     
  -185719.187459348     
  -182672.913013498     
  -179653.542019156     
  -176659.633042326     
  -173689.849366653     
  -170742.949108787     
  -167817.776585239     
  -164913.254722607     
  -162028.378350855     
  -159162.208242124     
  -156313.865785658     
  -153482.528210679     
  -150667.424280709     
  -147867.830399402     
  -145083.067075184     
  -142312.495702362     
  -139555.515622191     
  -136811.561432947     
  -134080.100523326     
  -131360.630806694     
  -128652.678637288     
  -125955.796891908     
  -123269.563203217     
  -120593.578332315     
  -117927.464670194     
  -115270.864858750     
  -112623.440523369     
  -109984.871110095     
  -107354.852820993     
  -104733.097642213     
  -102119.332459885     
  -99513.2982588667     
  -96914.7494008195     
  -94323.4529771161     
  -91739.1882334434     
  -89161.7460623096     
  -86590.9285603782     
  -84026.5486473530     
  -81468.4297431836     
  -78916.4055006860     
  -76370.3195903565     
  -73830.0255344676     
  -71295.3865873109     
  -68766.2756586024     
  -66242.5752770392     
  -63724.1775910604     
  -61210.9844035808     
  -58702.9072380090     
  -56199.8674323521     
  -53701.7962586670     
  -51208.6350647670     
  -48720.3354356262     
  -46236.8593714150     
  -43758.1794797463     
  -41284.2791793352     
  -38815.1529126590     
  -36350.8063651143     
  -33891.2566884588     
  -31436.5327261717     
  -28986.6752388099     
  -26541.7371272747     
  -24101.7836521962     
  -21666.8926476596     
  -19237.1547277346     
  -16812.6734843045     
  -14393.5656748754     
  -11979.9613990785     
  -9572.00426286077     
  -7169.85152934975     
  -4773.67425558805     
  -2383.65741426049     
  0.000000000000000E+000
