       7.774885E+03      4.766790E+03      1.651332E+03      1.070821E+02
       8.307150E+03      5.101201E+03      1.765765E+03      1.145370E+02
       8.902854E+03      5.454750E+03      1.887755E+03      1.220262E+02
       9.511803E+03      5.836056E+03      2.017125E+03      1.298610E+02
       1.016863E+04      6.238386E+03      2.155936E+03      1.387838E+02
       1.086367E+04      6.671812E+03      2.301693E+03      1.479643E+02
       1.164403E+04      7.133893E+03      2.463050E+03      1.571293E+02
       1.242435E+04      7.617354E+03      2.632076E+03      1.677653E+02
       1.329898E+04      8.156856E+03      2.803676E+03      1.783215E+02
       1.419623E+04      8.704591E+03      3.000678E+03      1.896634E+02
       1.518362E+04      9.322820E+03      3.207929E+03      2.018480E+02
       1.624978E+04      9.953630E+03      3.423432E+03      2.147016E+02
       1.736340E+04      1.064010E+04      3.651545E+03      2.286960E+02
       1.855500E+04      1.136712E+04      3.905172E+03      2.425174E+02
       1.980022E+04      1.214880E+04      4.167856E+03      2.589967E+02
       2.116130E+04      1.297219E+04      4.446029E+03      2.749652E+02
       2.258212E+04      1.386693E+04      4.749575E+03      2.931312E+02
       2.414323E+04      1.479919E+04      5.064071E+03      3.108866E+02
       2.582584E+04      1.580211E+04      5.406709E+03      3.292515E+02
       2.754533E+04      1.689067E+04      5.768477E+03      3.505504E+02
       2.942681E+04      1.802807E+04      6.159402E+03      3.723982E+02
       3.138395E+04      1.924829E+04      6.564728E+03      3.960827E+02
       3.347259E+04      2.054373E+04      6.993171E+03      4.203972E+02
       3.577529E+04      2.191735E+04      7.467063E+03      4.481029E+02
       3.819905E+04      2.338350E+04      7.944720E+03      4.735299E+02
       4.072227E+04      2.495135E+04      8.484654E+03      5.024194E+02
       4.345725E+04      2.663701E+04      9.035501E+03      5.336741E+02
       4.631787E+04      2.839329E+04      9.638378E+03      5.654343E+02
       4.948701E+04      3.030033E+04      1.026398E+04      5.990281E+02
       5.275231E+04      3.230296E+04      1.093434E+04      6.353070E+02
       5.614848E+04      3.441873E+04      1.164546E+04      6.734677E+02
       5.986532E+04      3.667857E+04      1.240199E+04      7.143302E+02
       6.378880E+04      3.910594E+04      1.321289E+04      7.580065E+02
       6.804617E+04      4.168970E+04      1.405513E+04      8.020655E+02
       7.234837E+04      4.437960E+04      1.496128E+04      8.465252E+02
       7.705240E+04      4.723243E+04      1.591230E+04      8.973721E+02
       8.216603E+04      5.034924E+04      1.693225E+04      9.505392E+02
       8.745883E+04      5.358982E+04      1.802651E+04      1.008708E+03
       9.304162E+04      5.708881E+04      1.915789E+04      1.064413E+03
       9.900743E+04      6.068924E+04      2.035900E+04      1.122411E+03
       1.055414E+05      6.459128E+04      2.161701E+04      1.188814E+03
       1.122156E+05      6.858054E+04      2.297306E+04      1.253441E+03
       1.192198E+05      7.291746E+04      2.440162E+04      1.326363E+03
       1.267820E+05      7.749993E+04      2.587604E+04      1.400552E+03
       1.346054E+05      8.236180E+04      2.750803E+04      1.479343E+03
       1.427765E+05      8.755998E+04      2.919816E+04      1.565893E+03
       1.519617E+05      9.296292E+04      3.095734E+04      1.652606E+03
       1.613807E+05      9.858925E+04      3.280864E+04      1.737467E+03
       1.709841E+05      1.047108E+05      3.479273E+04      1.831522E+03
       1.814800E+05      1.109656E+05      3.688729E+04      1.931272E+03
       1.925058E+05      1.177469E+05      3.904754E+04      2.035609E+03
       2.040209E+05      1.249186E+05      4.140151E+04      2.143605E+03
       2.160035E+05      1.321088E+05      4.374289E+04      2.257649E+03
       2.289050E+05      1.400773E+05      4.628397E+04      2.373603E+03
       2.421312E+05      1.482565E+05      4.898755E+04      2.504915E+03
       2.563040E+05      1.566948E+05      5.178790E+04      2.626773E+03
       2.710084E+05      1.656796E+05      5.471602E+04      2.769175E+03
       2.867200E+05      1.751402E+05      5.780285E+04      2.909658E+03
       3.025535E+05      1.851379E+05      6.097097E+04      3.061444E+03
       3.198386E+05      1.954993E+05      6.439583E+04      3.205221E+03
       3.377526E+05      2.060745E+05      6.785841E+04      3.371386E+03
       3.558847E+05      2.177834E+05      7.153863E+04      3.533123E+03
       3.753098E+05      2.294205E+05      7.527810E+04      3.718908E+03
       3.946854E+05      2.416451E+05      7.924281E+04      3.890671E+03
       4.155753E+05      2.542871E+05      8.336390E+04      4.075920E+03
       4.370814E+05      2.676228E+05      8.767554E+04      4.270860E+03
       4.595110E+05      2.809828E+05      9.204213E+04      4.465485E+03
       4.824989E+05      2.953823E+05      9.676371E+04      4.688322E+03
       5.063146E+05      3.100544E+05      1.012571E+05      4.910347E+03
       5.308772E+05      3.247009E+05      1.062202E+05      5.134537E+03
       5.572602E+05      3.401533E+05      1.114230E+05      5.356211E+03
       5.820667E+05      3.562934E+05      1.164224E+05      5.602472E+03
       6.090458E+05      3.721425E+05      1.216830E+05      5.852791E+03
       6.368340E+05      3.889589E+05      1.271500E+05      6.107090E+03
       6.645593E+05      4.060471E+05      1.326870E+05      6.366654E+03
       6.934408E+05      4.232116E+05      1.382156E+05      6.656720E+03
       7.216186E+05      4.412992E+05      1.440118E+05      6.934665E+03
       7.507882E+05      4.583226E+05      1.499365E+05      7.217378E+03
       7.801568E+05      4.768905E+05      1.556357E+05      7.531048E+03
       8.079100E+05      4.943884E+05      1.614991E+05      7.851950E+03
       8.382561E+05      5.117546E+05      1.674915E+05      8.159770E+03
       8.665115E+05      5.296570E+05      1.736057E+05      8.472609E+03
       8.959106E+05      5.475679E+05      1.793546E+05      8.816169E+03
       9.233554E+05      5.646849E+05      1.852141E+05      9.156444E+03
       9.511760E+05      5.811266E+05      1.909753E+05      9.517130E+03
       9.761577E+05      5.977003E+05      1.965423E+05      9.862465E+03
       1.003761E+06      6.138841E+05      2.023573E+05      1.024111E+04
       1.028516E+06      6.288948E+05      2.074174E+05      1.063060E+04
       1.051541E+06      6.441805E+05      2.124670E+05      1.103029E+04
       1.072361E+06      6.572106E+05      2.175641E+05      1.138088E+04
       1.093828E+06      6.686494E+05      2.218778E+05      1.179695E+04
       1.111641E+06      6.790913E+05      2.263884E+05      1.219714E+04
       1.127502E+06      6.886861E+05      2.304692E+05      1.261199E+04
       1.137779E+06      6.976187E+05      2.336606E+05      1.304654E+04
       1.149181E+06      7.039193E+05      2.369275E+05      1.346637E+04
       1.158176E+06      7.076602E+05      2.392508E+05      1.393433E+04
       1.159238E+06      7.117139E+05      2.414609E+05      1.439386E+04
       1.161828E+06      7.111861E+05      2.430892E+05      1.482793E+04
       1.157583E+06      7.105166E+05      2.441800E+05      1.527442E+04
       1.153065E+06      7.069269E+05      2.445695E+05      1.569671E+04
       1.141465E+06      7.021843E+05      2.442546E+05      1.621571E+04
       1.129605E+06      6.937296E+05      2.433870E+05      1.666023E+04
       1.112187E+06      6.846519E+05      2.419959E+05      1.713542E+04
       1.090904E+06      6.712610E+05      2.401397E+05      1.757259E+04
       1.066096E+06      6.569806E+05      2.372765E+05      1.809680E+04
       1.037713E+06      6.401294E+05      2.339448E+05      1.859244E+04
       1.006258E+06      6.213177E+05      2.300497E+05      1.905458E+04
       9.715512E+05      5.995163E+05      2.260383E+05      1.953434E+04
       9.328495E+05      5.775428E+05      2.208050E+05      2.006781E+04
       8.921209E+05      5.525373E+05      2.156016E+05      2.056060E+04
       8.498040E+05      5.276795E+05      2.096282E+05      2.107181E+04
       8.046105E+05      5.007671E+05      2.037985E+05      2.149189E+04
       7.591435E+05      4.725526E+05      1.974975E+05      2.209688E+04
       7.104485E+05      4.445445E+05      1.906750E+05      2.258078E+04
       6.629438E+05      4.155970E+05      1.838479E+05      2.303757E+04
       6.137102E+05      3.863959E+05      1.771972E+05      2.348076E+04
       5.653906E+05      3.570143E+05      1.701627E+05      2.401555E+04
       5.185786E+05      3.282497E+05      1.637552E+05      2.449338E+04
       4.711052E+05      3.002212E+05      1.572758E+05      2.504603E+04
       4.255734E+05      2.732211E+05      1.508610E+05      2.546250E+04
       3.821972E+05      2.467635E+05      1.446935E+05      2.598615E+04
       3.404837E+05      2.219249E+05      1.388332E+05      2.650501E+04
       3.016614E+05      1.986990E+05      1.333688E+05      2.698489E+04
       2.647767E+05      1.769799E+05      1.281239E+05      2.746663E+04
       2.315205E+05      1.562732E+05      1.236547E+05      2.791139E+04
       2.001296E+05      1.379855E+05      1.191989E+05      2.839534E+04
       1.721007E+05      1.209956E+05      1.154274E+05      2.880244E+04
       1.470360E+05      1.058086E+05      1.126122E+05      2.926910E+04
       1.244457E+05      9.260197E+04      1.094151E+05      2.968630E+04
       1.048992E+05      8.093910E+04      1.071004E+05      3.017624E+04
       8.767900E+04      7.057465E+04      1.047757E+05      3.059102E+04
       7.310411E+04      6.172328E+04      1.034286E+05      3.096540E+04
       6.047115E+04      5.430922E+04      1.016560E+05      3.148477E+04
       4.992465E+04      4.788389E+04      1.009887E+05      3.188127E+04
       4.132297E+04      4.276272E+04      1.000113E+05      3.230084E+04
       3.418497E+04      3.862654E+04      9.934636E+04      3.262827E+04
       2.824977E+04      3.513554E+04      9.878399E+04      3.304496E+04
       2.365901E+04      3.227234E+04      9.887141E+04      3.351340E+04
       1.993537E+04      3.013168E+04      9.911855E+04      3.371290E+04
       1.706601E+04      2.868957E+04      9.848105E+04      3.410780E+04
       1.491464E+04      2.736874E+04      9.915077E+04      3.457183E+04
       1.314122E+04      2.637498E+04      9.918619E+04      3.487488E+04
       1.192389E+04      2.556260E+04      9.925694E+04      3.522793E+04
       1.097810E+04      2.498844E+04      9.894136E+04      3.554636E+04
       1.021265E+04      2.474426E+04      1.000144E+05      3.568217E+04
       9.622180E+03      2.424039E+04      9.965034E+04      3.611782E+04
       9.188725E+03      2.388772E+04      1.001901E+05      3.637660E+04
       8.932692E+03      2.386451E+04      1.001414E+05      3.676160E+04
       8.688317E+03      2.393443E+04      1.004092E+05      3.689279E+04
       8.461754E+03      2.384508E+04      9.998371E+04      3.706827E+04
       8.325211E+03      2.341037E+04      1.009476E+05      3.721443E+04
       8.214157E+03      2.350109E+04      1.006038E+05      3.731186E+04
       8.068678E+03      2.335511E+04      1.010078E+05      3.764898E+04
       7.866884E+03      2.322114E+04      1.008304E+05      3.774372E+04
       7.797556E+03      2.315463E+04      1.005572E+05      3.799193E+04
       7.673211E+03      2.313367E+04      1.012385E+05      3.831764E+04
       7.649692E+03      2.302384E+04      1.009461E+05      3.843258E+04
       7.458317E+03      2.272790E+04      1.004285E+05      3.853004E+04
       7.382711E+03      2.284808E+04      1.007283E+05      3.861319E+04
       7.319423E+03      2.278483E+04      1.008788E+05      3.838915E+04
       7.163501E+03      2.252584E+04      1.002222E+05      3.863398E+04
       7.222681E+03      2.243494E+04      9.939619E+04      3.886203E+04
       7.058208E+03      2.232334E+04      9.907280E+04      3.892223E+04
       6.966392E+03      2.210157E+04      9.944770E+04      3.892903E+04
       6.798296E+03      2.203986E+04      9.907290E+04      3.912465E+04
       6.686642E+03      2.177120E+04      9.775142E+04      3.890608E+04
       6.622455E+03      2.173844E+04      9.872234E+04      3.869326E+04
       6.438458E+03      2.143111E+04      9.760853E+04      3.874644E+04
       6.367089E+03      2.117164E+04      9.650453E+04      3.885107E+04
       6.282774E+03      2.102646E+04      9.705891E+04      3.845981E+04
       6.207688E+03      2.086865E+04      9.547431E+04      3.857871E+04
       6.114577E+03      2.063263E+04      9.471152E+04      3.850310E+04
       6.059466E+03      2.048699E+04      9.547982E+04      3.810416E+04
       5.942757E+03      2.041429E+04      9.419278E+04      3.824964E+04
       5.814721E+03      2.013309E+04      9.328494E+04      3.773313E+04
       5.696534E+03      1.997749E+04      9.219653E+04      3.761005E+04
       5.618385E+03      1.980494E+04      9.148743E+04      3.759199E+04
       5.536508E+03      1.940079E+04      9.102136E+04      3.714836E+04
       5.443231E+03      1.925913E+04      8.945958E+04      3.689052E+04
       5.382581E+03      1.905737E+04      8.850370E+04      3.663389E+04
       5.247635E+03      1.885034E+04      8.680359E+04      3.668846E+04
       5.206689E+03      1.856203E+04      8.619205E+04      3.635653E+04
       5.069856E+03      1.841653E+04      8.629215E+04      3.597678E+04
       5.025023E+03      1.805083E+04      8.530282E+04      3.554295E+04
       4.857572E+03      1.777067E+04      8.422453E+04      3.541256E+04
       4.798884E+03      1.767807E+04      8.295160E+04      3.499455E+04
       4.719599E+03      1.730241E+04      8.262115E+04      3.468654E+04
       4.686647E+03      1.708816E+04      8.172832E+04      3.434490E+04
       4.653339E+03      1.682433E+04      7.979047E+04      3.367523E+04
       4.519562E+03      1.677028E+04      7.855041E+04      3.355346E+04
       4.438674E+03      1.617300E+04      7.753031E+04      3.314619E+04
       4.314758E+03      1.578908E+04      7.567171E+04      3.237208E+04
       4.222038E+03      1.560684E+04      7.542575E+04      3.190838E+04
       4.243323E+03      1.527357E+04      7.375859E+04      3.145697E+04
       4.140306E+03      1.497065E+04      7.331792E+04      3.104615E+04
       4.019095E+03      1.484389E+04      7.077825E+04      3.094649E+04
       3.918499E+03      1.451641E+04      7.040116E+04      2.987812E+04
       3.856391E+03      1.414251E+04      6.872453E+04      2.979666E+04
       3.852051E+03      1.386390E+04      6.739325E+04      2.911887E+04
       3.780887E+03      1.356260E+04      6.619190E+04      2.858919E+04
       3.718373E+03      1.363537E+04      6.571821E+04      2.830047E+04
       3.612284E+03      1.304372E+04      6.395252E+04      2.807409E+04
       3.538302E+03      1.302961E+04      6.180667E+04      2.706317E+04
       3.490338E+03      1.257808E+04      6.145296E+04      2.687529E+04
       3.483417E+03      1.242245E+04      6.007343E+04      2.615745E+04
       3.395640E+03      1.220772E+04      5.947853E+04      2.581771E+04
       3.367246E+03      1.186820E+04      5.793492E+04      2.500699E+04
       3.254566E+03      1.177624E+04      5.590037E+04      2.477906E+04
       3.239355E+03      1.142206E+04      5.553448E+04      2.416809E+04
       3.165070E+03      1.101988E+04      5.334796E+04      2.304147E+04
       3.059398E+03      1.093093E+04      5.256981E+04      2.289130E+04
       3.070387E+03      1.036090E+04      5.135288E+04      2.224433E+04
       3.067275E+03      1.057260E+04      5.012184E+04      2.180352E+04
       3.002003E+03      1.015850E+04      4.921148E+04      2.108763E+04
       2.917882E+03      9.651511E+03      4.735427E+04      2.065704E+04
       2.866622E+03      9.678912E+03      4.646380E+04      2.023687E+04
       2.861157E+03      9.298677E+03      4.455016E+04      1.938700E+04
       2.757931E+03      9.054421E+03      4.377106E+04      1.909855E+04
       2.739210E+03      8.838618E+03      4.337079E+04      1.827552E+04
       2.743949E+03      8.735405E+03      4.114085E+04      1.801822E+04
       2.728302E+03      8.543776E+03      4.063883E+04      1.774026E+04
       2.653290E+03      8.236296E+03      3.940069E+04      1.699002E+04
       2.624567E+03      8.237034E+03      3.826432E+04      1.651705E+04
       2.600247E+03      8.020991E+03      3.672431E+04      1.566266E+04
       2.516798E+03      7.573265E+03      3.613366E+04      1.517559E+04
       2.496094E+03      7.600084E+03      3.393881E+04      1.477242E+04
       2.557590E+03      7.599421E+03      3.309047E+04      1.473781E+04
       2.486611E+03      7.206892E+03      3.342150E+04      1.423196E+04
       2.423307E+03      7.089385E+03      3.250575E+04      1.374902E+04
       2.399343E+03      6.911062E+03      3.117533E+04      1.300821E+04
       2.409389E+03      6.604137E+03      2.965835E+04      1.301057E+04
       2.343339E+03      6.379458E+03      2.933059E+04      1.197379E+04
       2.315677E+03      6.334768E+03      2.847528E+04      1.144176E+04
       2.286460E+03      6.142130E+03      2.742910E+04      1.129418E+04
       2.275792E+03      6.010247E+03      2.581175E+04      1.086524E+04
       2.288473E+03      5.919957E+03      2.503308E+04      1.038599E+04
       2.233328E+03      5.505028E+03      2.474004E+04      1.039140E+04
       2.187855E+03      5.536240E+03      2.470835E+04      1.000628E+04
       2.180120E+03      5.492660E+03      2.409228E+04      9.639397E+03
       2.154565E+03      5.369775E+03      2.299588E+04      8.994124E+03
       2.126781E+03      5.423968E+03      2.312505E+04      8.815465E+03
       2.150182E+03      5.128539E+03      2.149129E+04      8.592741E+03
       2.103338E+03      5.008652E+03      2.048133E+04      8.236322E+03
       2.035617E+03      4.936027E+03      2.038267E+04      7.988785E+03
       2.076071E+03      4.831370E+03      2.001853E+04      7.735250E+03
       2.024348E+03      4.634005E+03      1.900787E+04      7.517337E+03
       2.045771E+03      4.605130E+03      1.938334E+04      7.035263E+03
       2.012606E+03      4.488454E+03      1.827892E+04      6.653671E+03
       1.995846E+03      4.386319E+03      1.771230E+04      6.739723E+03
       1.951216E+03      4.303868E+03      1.740791E+04      6.380687E+03
       1.920403E+03      4.335435E+03      1.724292E+04      6.067437E+03
       1.870086E+03      4.176250E+03      1.638933E+04      5.760494E+03
       1.928639E+03      4.101085E+03      1.571256E+04      5.813053E+03
       1.876809E+03      4.105175E+03      1.521946E+04      5.396509E+03
       1.850867E+03      3.957217E+03      1.526975E+04      5.161195E+03
       1.834821E+03      3.914188E+03      1.465284E+04      5.256008E+03
       1.818671E+03      3.811853E+03      1.432100E+04      5.066824E+03
       1.805288E+03      3.730337E+03      1.387525E+04      4.776524E+03
       1.749643E+03      3.598891E+03      1.400635E+04      4.710275E+03
       1.808514E+03      3.559824E+03      1.416549E+04      4.539421E+03
       1.721926E+03      3.528266E+03      1.339960E+04      4.461993E+03
       1.730700E+03      3.459634E+03      1.271642E+04      4.263530E+03
       1.730461E+03      3.461294E+03      1.210441E+04      4.235946E+03
       1.676918E+03      3.327513E+03      1.252289E+04      3.805191E+03
       1.656366E+03      3.321539E+03      1.211858E+04      3.782155E+03
       1.646611E+03      3.259457E+03      1.172452E+04      3.781872E+03
       1.622188E+03      3.172809E+03      1.168263E+04      3.764029E+03
       1.587956E+03      3.201431E+03      1.151836E+04      3.522514E+03
       1.601566E+03      3.126024E+03      1.108585E+04      3.411348E+03
       1.563100E+03      2.962528E+03      1.076487E+04      3.312478E+03
       1.549371E+03      2.981534E+03      1.091691E+04      3.214615E+03
       1.545965E+03      2.901809E+03      1.074794E+04      3.181098E+03
       1.486745E+03      2.885325E+03      1.041445E+04      3.004886E+03
       1.475913E+03      2.878373E+03      1.055864E+04      2.956784E+03
       1.461819E+03      2.784608E+03      1.019982E+04      2.941532E+03
       1.449883E+03      2.759766E+03      9.855665E+03      2.673674E+03
       1.409595E+03      2.745883E+03      9.722846E+03      2.818358E+03
       1.396977E+03      2.713446E+03      9.590750E+03      2.662798E+03
       1.386699E+03      2.663471E+03      9.262755E+03      2.687859E+03
       1.373025E+03      2.614235E+03      9.189475E+03      2.611456E+03
       1.326426E+03      2.581673E+03      8.710380E+03      2.533143E+03
       1.295928E+03      2.607533E+03      8.792689E+03      2.421982E+03
       1.251078E+03      2.435895E+03      8.802369E+03      2.520051E+03
       1.247913E+03      2.378601E+03      8.690503E+03      2.356788E+03
       1.247654E+03      2.383285E+03      8.500584E+03      2.284520E+03
       1.228650E+03      2.317077E+03      8.318792E+03      2.236310E+03
       1.210263E+03      2.312552E+03      8.438217E+03      2.246041E+03
       1.175908E+03      2.274079E+03      8.002401E+03      2.168652E+03
       1.205031E+03      2.242783E+03      7.816166E+03      2.165705E+03
       1.144241E+03      2.217793E+03      7.750625E+03      2.090818E+03
       1.104346E+03      2.157035E+03      7.750314E+03      2.037441E+03
       1.130320E+03      2.188953E+03      7.540536E+03      1.979338E+03
       1.077712E+03      2.109838E+03      7.519070E+03      1.987346E+03
       1.062729E+03      2.113062E+03      7.368506E+03      1.860763E+03
       1.044969E+03      2.018487E+03      7.182455E+03      1.929939E+03
       1.027817E+03      1.973742E+03      7.035709E+03      1.840713E+03
       1.014884E+03      1.942292E+03      6.823505E+03      1.801309E+03
       9.572381E+02      1.954198E+03      6.988309E+03      1.801524E+03
       9.547296E+02      1.872836E+03      6.848230E+03      1.732979E+03
       9.842069E+02      1.841973E+03      6.804441E+03      1.703155E+03
       9.338971E+02      1.851992E+03      6.349006E+03      1.702634E+03
       8.876672E+02      1.814412E+03      6.543097E+03      1.609308E+03
       8.987577E+02      1.801873E+03      6.293919E+03      1.631902E+03
       8.685299E+02      1.658119E+03      6.074712E+03      1.558379E+03
       8.596035E+02      1.705475E+03      6.136081E+03      1.515801E+03
       8.409174E+02      1.648015E+03      6.156478E+03      1.471374E+03
       8.325895E+02      1.566303E+03      5.815330E+03      1.489211E+03
       8.072019E+02      1.596934E+03      5.903964E+03      1.478445E+03
       7.727123E+02      1.502128E+03      5.512262E+03      1.421114E+03
       7.710743E+02      1.509365E+03      5.347155E+03      1.356706E+03
       7.579028E+02      1.495214E+03      5.545757E+03      1.348164E+03
       7.664297E+02      1.424693E+03      5.228152E+03      1.339163E+03
       7.095295E+02      1.382806E+03      5.265678E+03      1.316827E+03
       7.162475E+02      1.409675E+03      4.987795E+03      1.299380E+03
       6.993223E+02      1.392907E+03      4.864718E+03      1.242129E+03
       6.563982E+02      1.308997E+03      4.766605E+03      1.254152E+03
       6.499244E+02      1.292744E+03      5.035125E+03      1.196714E+03
       6.317715E+02      1.316330E+03      4.629693E+03      1.180651E+03
       6.199518E+02      1.212912E+03      4.592433E+03      1.087216E+03
       5.907446E+02      1.233576E+03      4.584507E+03      1.087512E+03
       5.970998E+02      1.201102E+03      4.502475E+03      1.089009E+03
       5.734021E+02      1.115495E+03      4.122707E+03      1.085674E+03
       5.634543E+02      1.103561E+03      4.344215E+03      1.056124E+03
       5.293411E+02      1.106726E+03      4.277966E+03      1.009484E+03
       5.335138E+02      1.022877E+03      4.114850E+03      1.000723E+03
       5.225334E+02      1.012905E+03      3.978143E+03      9.964375E+02
       5.143891E+02      1.040694E+03      4.052000E+03      9.730156E+02
       5.041716E+02      9.978545E+02      3.943321E+03      9.568780E+02
       4.951366E+02      9.689299E+02      3.839195E+03      9.331786E+02
       4.711891E+02      9.636879E+02      3.688362E+03      8.786279E+02
       4.546762E+02      9.063066E+02      3.623065E+03      8.536356E+02
       4.655807E+02      9.046061E+02      3.406386E+03      8.390729E+02
       4.384181E+02      8.898159E+02      3.610419E+03      8.018093E+02
       4.347612E+02      8.576062E+02      3.373125E+03      8.041117E+02
       4.249665E+02      8.275459E+02      3.390827E+03      7.430639E+02
       4.249317E+02      8.078494E+02      3.213605E+03      7.826335E+02
       3.826521E+02      7.847902E+02      3.209739E+03      7.404862E+02
       3.764162E+02      7.725435E+02      3.187436E+03      7.273725E+02
       3.557974E+02      7.748044E+02      2.966671E+03      6.885606E+02
       3.476829E+02      7.486910E+02      2.846804E+03      6.842938E+02
       3.660914E+02      7.152747E+02      2.744912E+03      6.598058E+02
       3.536294E+02      6.929940E+02      2.907452E+03      6.767875E+02
       3.300087E+02      6.693341E+02      2.585064E+03      6.413993E+02
       3.233478E+02      6.367431E+02      2.773461E+03      6.286704E+02
       3.240394E+02      6.214497E+02      2.798250E+03      6.293850E+02
       3.104039E+02      6.074999E+02      2.516511E+03      5.886238E+02
       2.987516E+02      6.223353E+02      2.355004E+03      5.964682E+02
       2.878465E+02      6.051562E+02      2.393494E+03      5.633652E+02
       2.889701E+02      5.779184E+02      2.318566E+03      5.456776E+02
       2.791929E+02      5.583212E+02      2.341857E+03      5.040078E+02
       2.654201E+02      5.516762E+02      2.267012E+03      5.305548E+02
       2.637080E+02      5.433802E+02      2.245505E+03      4.997556E+02
       2.608546E+02      5.249027E+02      2.216839E+03      5.373475E+02
       2.395895E+02      4.901460E+02      2.152190E+03      4.622310E+02
       2.390121E+02      5.101997E+02      2.056174E+03      4.919882E+02
       2.327262E+02      4.693395E+02      2.039008E+03      4.444551E+02
       2.187430E+02      4.615584E+02      2.116095E+03      4.680316E+02
       2.336114E+02      4.403749E+02      1.826163E+03      4.414323E+02
       2.096758E+02      4.374195E+02      1.912376E+03      4.256016E+02
       1.979727E+02      4.020801E+02      1.683311E+03      4.562244E+02
       1.954354E+02      4.244370E+02      1.627224E+03      3.914764E+02
       1.994018E+02      4.066971E+02      1.725284E+03      4.030102E+02
       1.893795E+02      3.898233E+02      1.619773E+03      3.871806E+02
       1.801014E+02      3.891689E+02      1.639458E+03      3.695381E+02
       1.734012E+02      3.687473E+02      1.573318E+03      3.682095E+02
       1.853891E+02      3.709397E+02      1.601533E+03      3.515221E+02
       1.697663E+02      3.403828E+02      1.497798E+03      3.536491E+02
       1.609081E+02      3.419325E+02      1.404272E+03      3.478823E+02
       1.595307E+02      3.343561E+02      1.413718E+03      3.415100E+02
       1.513966E+02      3.239847E+02      1.367735E+03      3.249200E+02
       1.498905E+02      3.280624E+02      1.335116E+03      3.018263E+02
       1.470820E+02      3.104120E+02      1.279374E+03      2.997272E+02
       1.586839E+02      3.046138E+02      1.282177E+03      3.068230E+02
       1.340120E+02      3.026563E+02      1.278011E+03      2.834440E+02
       1.392001E+02      2.919644E+02      1.342630E+03      2.633229E+02
       1.326634E+02      2.818071E+02      1.206491E+03      2.620348E+02
       1.404071E+02      2.688645E+02      1.148808E+03      2.689162E+02
       1.249947E+02      2.505926E+02      1.132349E+03      2.575149E+02
       1.197701E+02      2.535425E+02      1.069426E+03      2.589364E+02
       1.113859E+02      2.374122E+02      1.100127E+03      2.336613E+02
       1.104476E+02      2.428051E+02      1.055383E+03      2.233669E+02
       1.096545E+02      2.272924E+02      1.063758E+03      2.283650E+02
       1.029510E+02      2.412730E+02      9.279603E+02      2.176504E+02
       1.029637E+02      2.241448E+02      1.017140E+03      2.114334E+02
       1.017429E+02      2.111306E+02      9.144177E+02      2.126574E+02
       9.574042E+01      2.134332E+02      9.266581E+02      2.150070E+02
       8.987087E+01      1.988293E+02      9.112744E+02      2.120900E+02
       8.820895E+01      1.942597E+02      8.590513E+02      1.839461E+02
       8.535367E+01      1.915887E+02      8.615257E+02      1.940418E+02
       8.881785E+01      1.774118E+02      7.991244E+02      1.805123E+02
       8.002502E+01      1.639610E+02      7.803351E+02      1.782087E+02
       8.937510E+01      1.727361E+02      7.745801E+02      1.651016E+02
       7.546322E+01      1.699464E+02      7.450220E+02      1.656869E+02
       7.965337E+01      1.649274E+02      7.000326E+02      1.533530E+02
       6.854034E+01      1.625268E+02      7.241405E+02      1.502346E+02
       7.222182E+01      1.429104E+02      7.151524E+02      1.434358E+02
       6.744794E+01      1.365392E+02      6.891765E+02      1.375323E+02
       6.211011E+01      1.450631E+02      6.607973E+02      1.362671E+02
       6.155654E+01      1.315224E+02      6.795456E+02      1.330667E+02
       6.132303E+01      1.300413E+02      5.810291E+02      1.377431E+02
       5.898434E+01      1.207745E+02      6.154237E+02      1.189469E+02
