   164.370116132149     
   177.976796557004     
   198.927981770263     
   215.365325303583     
   239.723355614454     
   263.369668785057     
   291.638728787950     
   324.631816660045     
   352.668112083092     
   395.490813189136     
   425.328582739083     
   484.573923421983     
   523.659060751854     
   577.878086799785     
   642.170447406652     
   692.222132647140     
   778.710625279105     
   848.336781768651     
   927.412009349992     
   1014.76736380744     
   1136.41182935924     
   1262.57000396631     
   1370.90354164754     
   1521.50719862214     
   1637.87620887960     
   1833.65390548319     
   1987.55925593354     
   2202.53743510594     
   2434.90386116907     
   2658.15998359238     
   2871.33918412361     
   3204.53997420959     
   3487.67159724131     
   3830.16460703289     
   4183.19852514618     
   4511.86671817362     
   5018.16175616340     
   5396.12847509159     
   5931.07168790231     
   6525.30586513043     
   7001.30948382208     
   7632.68545622593     
   8196.56349298181     
   8972.12370805059     
   9673.75658698794     
   10497.5814597348     
   11340.8733885506     
   12350.3548507677     
   13155.5615785334     
   14186.5406500482     
   15289.4776131442     
   16453.1789084481     
   17710.4805206039     
   18993.4014272897     
   20286.8317308373     
   21476.8619788757     
   22838.0267145772     
   23711.3067114292     
   25809.6562397689     
   26842.5836048701     
   27732.4448992955     
   29329.0101618782     
   30604.5615380895     
   31687.4287856585     
   33191.3792076509     
   34007.0318489943     
   34813.9491110026     
   35601.9406498912     
   36411.8937200264     
   36402.5402457756     
   36944.0649488996     
   36598.9451711054     
   35884.3469000014     
   36008.7495283042     
   34764.0078118989     
   33730.0163900996     
   32320.4625025621     
   30978.4025735838     
   28952.2921449495     
   27203.6799619253     
   24985.3312976441     
   22343.5568519489     
   20178.7883102099     
   17808.9548395816     
   15917.5178880546     
   13848.9514281165     
   11455.2583984032     
   9768.45664478689     
   8194.85350746445     
   6516.54141659093     
   5205.97477670761     
   4062.70444938948     
   3102.27924483874     
   2344.75146632207     
   1728.71567254995     
   1183.25535579085     
   840.814927430896     
   557.343024737854     
   377.088762013384     
   234.723023770603     
   146.188873970964     
   86.3471566772456     
   51.1303252344521     
   28.9579479396402     
   15.5246396300153     
   8.30519021009187     
   4.34083084361367     
   2.33740882945493     
   1.36151900046957     
  0.903720468416293     
  0.710852696264617     
  0.662362705412573     
  0.625947639517809     
  0.625646078045730     
  0.659799152872219     
  0.658808373689752     
  0.677265167923953     
  0.709067741560312     
  0.711255436538148     
  0.727178620442284     
  0.745774535491124     
  0.772336810889049     
  0.795186216789670     
  0.817422422422285     
  0.825027968406351     
  0.848672976298088     
  0.899074914866503     
  0.869959363734576     
  0.887806515124197     
  0.937807600152815     
  0.972080647364597     
  0.936972564383720     
  0.998222881720011     
  0.997320597457185     
   1.03595482442589     
   1.00996822614913     
   1.03497214990283     
   1.10248916938132     
   1.10992764237957     
   1.11992004739362     
   1.11146705708674     
   1.14184028693880     
   1.19670089964009     
   1.19832930554618     
   1.21551316672774     
   1.21108985466816     
   1.21559786618133     
   1.21133571807609     
   1.23253790887786     
   1.26859475067096     
   1.27244149535795     
   1.26568609915689     
   1.33265481510808     
   1.32917083732286     
   1.33106292334046     
   1.35505259517249     
   1.38187162028086     
   1.36316385327357     
   1.36589457478235     
   1.36172477458899     
   1.35432873846123     
   1.36803636152249     
   1.37962300466650     
   1.39345956483880     
   1.36826135378103     
   1.36758032974128     
   1.34187753541948     
   1.36797749409611     
   1.37422416158629     
   1.35574492534276     
   1.33888101225155     
   1.31723068462219     
   1.31015906781153     
   1.30551644241697     
   1.26967589356653     
   1.28034670135661     
   1.29925912483434     
   1.26680136288678     
   1.24721480347123     
   1.23696416357580     
   1.20337468674007     
   1.19369783027799     
   1.17456810574659     
   1.13553495189855     
   1.14235320618984     
   1.08232319460503     
   1.07683436543197     
   1.06877248766465     
   1.00863551645365     
  0.995589999273291     
  0.985944887287234     
  0.915709501435863     
  0.879539391421698     
  0.881432415193121     
  0.839610205578761     
  0.811060133974119     
  0.787815609379131     
  0.769744075303002     
  0.724079841855889     
  0.702026915456221     
  0.668995838310161     
  0.647027694662640     
  0.607231863299890     
  0.590424279228991     
  0.553829995346914     
  0.543682644779088     
  0.501759673282242     
  0.478706215060110     
  0.470601342221753     
  0.429586387345236     
  0.383892636954631     
  0.373470764611725     
  0.357141434572652     
  0.325186905470204     
  0.310862766775631     
  0.294757363091068     
  0.266763305524037     
  0.246719866353967     
  0.237510923399936     
  0.212349076256730     
  0.198483927652403     
  0.178408958014389     
  0.170248673960427     
  0.160677117164395     
  0.137055212324363     
  0.120255382578355     
  0.112761920416198     
  9.957569683339962E-002
  9.064885234744120E-002
  8.789046966568577E-002
  7.046407166592179E-002
  6.841220557690302E-002
  6.222629711864354E-002
  6.098870584587445E-002
  4.687695339740744E-002
  4.597988698940821E-002
  3.506273275785923E-002
  3.894877484022218E-002
  3.186304885010401E-002
  2.319526216459804E-002
  2.381775728613980E-002
  1.984162672885662E-002
  1.307141362930399E-002
  1.228167406121550E-002
  1.298832058445210E-002
  1.185407994803489E-002
  8.024216097330452E-003
  6.814648542398093E-003
  7.677402904390031E-003
  7.105226616330073E-003
  6.090711728639240E-003
  4.051168564010868E-003
  3.037543968850025E-003
  3.287918510992402E-003
  2.663385371523816E-003
  2.803255951322958E-003
  1.611969403187882E-003
  1.281829681446674E-003
  7.435614310170140E-004
  6.254280830953606E-004
  7.170259161051952E-004
  4.335237340676279E-004
  3.039059304087944E-004
  2.541742400006753E-004
  4.075796883777204E-004
  4.048373117302601E-004
  3.623062786483290E-004
  4.930699436539145E-004
  1.662464636723134E-004
  1.049904368281635E-004
  2.274968795036477E-004
  1.263757021782822E-004
  1.338801727976858E-004
  9.725354986667259E-005
  1.041912775681514E-004
  1.059786583641471E-004
  9.481111677046280E-005
  1.014859064191141E-004
  9.180725859979096E-005
  8.787797661835839E-005
  9.208108541765440E-005
  8.681092392695567E-005
  8.635332637424332E-005
  8.407127695483384E-005
  8.507735662578203E-005
  8.188273133666634E-005
  8.038901386005445E-005
  7.937758948949823E-005
  7.895459971476154E-005
  7.949541361223428E-005
  7.563605750190182E-005
  7.445605503978499E-005
  7.247299089331658E-005
  7.121287933587101E-005
  6.785625505910906E-005
  6.830144591169222E-005
  6.553022284929462E-005
  6.640237158498506E-005
  6.140637530960235E-005
  6.110960272693699E-005
  5.993504500885653E-005
  5.999946793020791E-005
  5.855263536673988E-005
  5.446011994388894E-005
  5.248789807287288E-005
  5.569250809145443E-005
  5.237524578855731E-005
  4.915898869647110E-005
  4.920520188796181E-005
  4.618891257870942E-005
  4.456653870441035E-005
  4.626110157111827E-005
  4.487061171441466E-005
  4.201631504482963E-005
  4.018145353853264E-005
  3.805117248567602E-005
  3.890365737267942E-005
  3.510023742105483E-005
  3.410650729682663E-005
  3.431313476307730E-005
  3.158427898708859E-005
  3.094226298921424E-005
  2.833389632217995E-005
  2.850780559113772E-005
  2.423395718279361E-005
  2.634869073354711E-005
  2.497143221088664E-005
  2.366275720511074E-005
  2.267831417103711E-005
  2.143759563392575E-005
  2.083858097609900E-005
  1.884329606919198E-005
  1.751724417098929E-005
  1.749650579970316E-005
  1.845675661996936E-005
  1.550643932976895E-005
  1.503894192148213E-005
  1.503155201070988E-005
  1.277301450309749E-005
  1.283019473027133E-005
  1.220379827577619E-005
  1.215555010176578E-005
  9.963123300968478E-006
  1.017281594669007E-005
  1.050848612329250E-005
  8.234044649921980E-006
  8.108581595252265E-006
  7.530074252185508E-006
  7.292070927727064E-006
  7.181031711354465E-006
  6.262004949803924E-006
  6.035622492192282E-006
  5.561943879706251E-006
  5.123599453769972E-006
  4.918415860183619E-006
  4.316607966631102E-006
  4.655511511662708E-006
  4.014282473926896E-006
  3.641036208785853E-006
  3.281757427074146E-006
  3.167097880895739E-006
  3.403525848882533E-006
  2.638731488741743E-006
  2.248392270767979E-006
  2.403853110564842E-006
  1.888267242652736E-006
  1.324321047075848E-006
  1.532037090056848E-006
  1.222959557132742E-006
  1.246716260302853E-006
  1.072347222335557E-006
  1.006024903882732E-006
  1.122843720638102E-006
  6.290718780928047E-007
  5.994774324131566E-007
  1.043943274636841E-006
  5.159647692985071E-007
  6.397176672450071E-007
  5.157163890891490E-007
  3.122607587028543E-007
  4.268703883618012E-007
  3.923296232630398E-007
  3.177150675595110E-007
  3.900973440857450E-007
  2.611871396073263E-007
  1.935265405583190E-007
  1.269120322905969E-007
  2.631954091348537E-007
  1.354407990451515E-007
  8.252731702904727E-008
  1.308318018010995E-007
  9.747890975859501E-008
  6.064253024318137E-008
  7.182936175661436E-008
  1.983804712944363E-007
  1.401370964718554E-007
  4.459271781516187E-008
  1.576885257964565E-008
  7.953158420456364E-008
  2.587399349983741E-008
  3.740654468118530E-008
  4.544808127851694E-008
  1.768788019260185E-008
  3.256461652939076E-008
  1.299828646097724E-008
  6.132770106825428E-009
  3.795942089455918E-008
  1.045227370777971E-008
  2.690515766167490E-008
  5.962108859030872E-009
  8.461574528395772E-009
  2.444060411725749E-008
  3.837889184460378E-009
  3.455770298068080E-009
  3.606496951617574E-009
  3.050895270349385E-009
  3.022337382546323E-009
  2.914097108040758E-009
  2.959758968688545E-009
  4.336156365828653E-009
  2.430385500064772E-009
  3.503970979377678E-009
  3.331477281505894E-009
  2.318036478256393E-009
  2.960660312281341E-009
  2.126708262811142E-009
  1.982603137368234E-009
  1.923463298847597E-009
  1.871717554288355E-009
  1.708200307845888E-009
  1.718864556837225E-009
  1.679194327674788E-009
  1.694922869127357E-009
  1.427920523491718E-009
  1.498076326468065E-009
  1.301361963569743E-009
  1.150027530715077E-009
  1.283260647884377E-009
  1.150455688785489E-009
  1.153820386421347E-009
  1.031136696585862E-009
  9.221441182227050E-010
  9.196208201703930E-010
  8.440495509794681E-010
  8.146337320577952E-010
  7.894515558684653E-010
  7.158926925968384E-010
  6.720792305903542E-010
  6.568626022523746E-010
  5.188534867508286E-010
  5.217563826141230E-010
  5.600399272818946E-010
  4.389538484218082E-010
  3.960374166124688E-010
  3.743810225897331E-010
  3.573667737455756E-010
  3.370311780016902E-010
  2.695038384636968E-010
  3.110641796651202E-010
  2.695255915749555E-010
  2.101848607827983E-010
  2.157986296742031E-010
  1.866937420165965E-010
  1.515716769873958E-010
  1.194583126377890E-010
  1.128767930295344E-010
  1.042092015513899E-010
  8.553261127802699E-011
  8.370511918025617E-011
  7.425685529117541E-011
  6.025001444553051E-011
  5.034323198845944E-011
  3.237203783216834E-011
  1.862480795892701E-011
  2.544593347384359E-011
  1.774999151806752E-011
  1.590899467466192E-011
  2.226712242269892E-011
  8.396991875799246E-012
  6.945001419815664E-012
  1.941598316577267E-012
  1.732375618815761E-012
  3.255613298218317E-012
  8.745564962493914E-013
  1.878616780529681E-012
  4.812444810815645E-014
  1.158910211138280E-013
  9.227470636348132E-013
  0.000000000000000E+000
  3.519169961698403E-014
  0.000000000000000E+000
  0.000000000000000E+000
  0.000000000000000E+000
  0.000000000000000E+000
  0.000000000000000E+000
  0.000000000000000E+000
  0.000000000000000E+000
  6.049720504664189E-017
  0.000000000000000E+000
  0.000000000000000E+000
  0.000000000000000E+000
