  0.000000000000000E+000
   26484.6692984501     
   11442.9792260784     
   29260.0039017418     
   37869.2901577917     
   19856.9021606065     
   38457.8742729340     
   43341.9903729572     
   105012.726039483     
   52458.5516500081     
   69293.8612821549     
   41140.5195418614     
   44664.7737527444     
   116752.517977776     
   70928.4797335784     
   70058.5019605570     
   163315.423022882     
   126430.268604448     
   57689.5627196500     
   268775.017407668     
   207863.327331589     
   162861.018999056     
   267112.636112465     
   200461.327491429     
   274586.956185217     
   273000.625074115     
   321143.151711924     
   379250.785866429     
   631775.662377515     
   668888.540727264     
   631249.589129170     
   366210.718571456     
   406151.121254699     
   728627.997989486     
   792867.696243182     
   944775.141189309     
   674366.733599533     
   561615.498574802     
   935744.101881734     
   1372895.76520533     
   1223216.19246952     
   1400894.63404663     
   1253996.75840409     
   1271833.55145867     
   1930446.34211820     
   1941385.01570572     
   2895388.81469937     
   2191998.89015777     
   2931333.69979067     
   2951289.51155242     
   2831900.77692900     
   3019946.89413565     
   3476883.85741161     
   4901933.49250653     
   3316271.82074682     
   6558201.84791903     
   7054012.31468236     
   6034782.67374670     
   6684041.95880513     
   8723741.70925161     
   9336998.70850642     
   9395981.35860683     
   10459009.6151213     
   13416992.9785348     
   11980089.1495032     
   13674467.2259988     
   14334740.9181543     
   18098315.8105162     
   19971220.3907563     
   18367056.3200777     
   24910094.7976873     
   27888843.5713063     
   25642445.9625118     
   25061732.7497969     
   33769590.2518211     
   39868387.7619466     
   43311381.9199434     
   47038414.7867784     
   51134314.7266710     
   53967084.2469310     
   55291518.9350118     
   68265095.8583618     
   76033723.9848084     
   94087596.6393268     
   77289539.2399907     
   91912122.5287523     
   100857895.131219     
   117347850.695681     
   127318497.730537     
   135503967.793096     
   177222946.910932     
   175977311.132012     
   198997694.407201     
   190534960.506763     
   228594946.928383     
   263254776.715440     
   263654242.286420     
   327079954.603157     
   346594291.450726     
   394983766.373580     
   419557108.076624     
   477893451.918099     
   521968127.996484     
   530325995.856412     
   582649567.256431     
   688720702.175673     
   757433012.504782     
   802645779.778585     
   930784545.563550     
   1037085051.90452     
   1103022959.18382     
   1224487011.12049     
   1360602368.29863     
   1427895049.03958     
   1653361186.77641     
   1739152966.95727     
   1923559085.93702     
   2105435828.53139     
   2445246143.05552     
   2641244409.97419     
   2896490561.76740     
   3143947326.42709     
   3661553909.12197     
   3826706758.73985     
   4268729030.98219     
   4586227950.46353     
   5045697745.34568     
   5661777026.92115     
   6410767711.44463     
   6703257993.46164     
   7564138407.96752     
   8272440909.61685     
   9331359096.99215     
   10217401534.3782     
   10804803316.0550     
   12353857929.8549     
   13301918597.2710     
   14953172596.7019     
   16507047631.9648     
   17846098993.2040     
   19871539245.5550     
   21758526415.3394     
   24080105996.7510     
   26530990467.4382     
   28716370837.9315     
   31789933599.7018     
   35464822537.0900     
   38891358570.8481     
   42916961339.9060     
   47651190541.0888     
   52052187179.5787     
   58505999025.1373     
   62997665100.9872     
   70174759978.2016     
   76249635126.4474     
   83585494373.1497     
   92560739814.3876     
   102483109307.153     
   112305429138.993     
   123208657005.019     
   136191722908.347     
   149719526146.414     
   163949069431.963     
   181461425224.900     
   201481319461.579     
   218762880505.433     
   244094580947.357     
   265913457565.637     
   294655854382.314     
   322311580031.174     
   354945548115.799     
   391477410352.302     
   428451102875.204     
   472156894491.380     
   522417417363.428     
   571563921856.852     
   632413740216.846     
   695463986756.038     
   755254354794.801     
   839563430310.222     
   914282477188.886     
   996591212105.843     
   1104112740109.80     
   1199450485617.59     
   1316399356492.45     
   1432794869098.89     
   1575179125989.57     
   1704728495980.98     
   1867091175276.02     
   2025803635146.56     
   2198740615910.60     
   2382172766810.74     
   2576183051696.90     
   2780734839790.03     
   2989702088287.25     
   3223424604156.72     
   3453388387980.92     
   3719563764455.31     
   3964963237960.86     
   4246103681832.64     
   4506110249798.02     
   4811408282150.36     
   5123101376856.92     
   5426684604785.46     
   5723558046544.00     
   6049644103074.94     
   6396379477022.00     
   6714109594222.51     
   7091613562394.33     
   7407909930906.59     
   7773236315486.88     
   8119460601356.27     
   8529535956597.80     
   8879340145219.14     
   9216205405074.13     
   9584329621271.23     
   9937325011053.66     
   10340704428633.7     
   10700462850423.2     
   11040941757584.8     
   11465254097225.2     
   11819598109885.9     
   12175418449020.2     
   12549220170830.6     
   12931830198190.4     
   13277792447172.6     
   13640560674838.3     
   13965856711820.8     
   14334151610526.0     
   14715828882952.7     
   15089851394457.9     
   15472784535623.4     
   15771092447875.6     
   16056852468896.2     
   16489135158715.6     
   16781154891605.2     
   17121880094872.5     
   17382539621960.0     
   17711408198543.0     
   17983129710361.9     
   18210079813097.6     
   18535087890079.3     
   18813797656161.4     
   19106341677568.9     
   19318092935342.1     
   19592710039259.3     
   19776845722598.3     
   20049563367863.9     
   20293571675938.7     
   20503046371770.5     
   20699444788693.3     
   20882905384178.3     
   21161352040713.2     
   21290741060313.7     
   21488007684933.3     
   21603175363995.7     
   21684401250385.1     
   21797478288460.1     
   21918842236632.7     
   22014642666941.8     
   22119688962865.6     
   22315999770772.2     
   22355614707521.4     
   22383636811415.5     
   22363529763539.2     
   22380994638832.3     
   22361949475140.5     
   22470228543752.2     
   22350028075470.2     
   22391655352514.8     
   22408371545799.9     
   22255216231459.1     
   22203571359621.3     
   22103794288859.5     
   21946956567463.0     
   21893118485403.2     
   21722692577121.5     
   21594620766485.4     
   21452698751164.8     
   21224589328895.1     
   21033118945884.4     
   20871703970641.5     
   20648245954393.6     
   20402806518917.8     
   20197777041341.7     
   19848845373580.2     
   19763946825695.0     
   19503360284029.4     
   19149979892296.6     
   18775291256046.4     
   18448391896404.4     
   18133078258230.2     
   17981879117210.6     
   17547337451560.3     
   17213686642287.5     
   16855983342967.9     
   16580198628085.0     
   16160198629763.3     
   15804535469319.3     
   15361170426100.5     
   15017223748581.3     
   14681240715298.4     
   14299213674076.9     
   13876519656485.9     
   13510823992116.8     
   13042132647766.5     
   12754518094095.2     
   12365114299845.2     
   11968788382495.9     
   11590417883473.7     
   11238742217849.4     
   10813327989973.5     
   10417793233436.0     
   10047432688897.5     
   9688179611995.95     
   9313902597750.84     
   8948203429134.40     
   8603468369787.63     
   8242299535526.81     
   7876772057281.77     
   7567288398291.11     
   7216429938249.79     
   6884393671198.77     
   6576149731539.86     
   6267970983938.45     
   5958889293125.00     
   5675756114292.09     
   5347750874173.79     
   5076674490832.96     
   4814587785127.31     
   4569899048362.23     
   4308793754737.74     
   4052327556560.79     
   3815727173763.07     
   3592734941078.44     
   3379473971701.68     
   3165786447445.21     
   2962251058088.67     
   2779985142893.28     
   2610484140329.76     
   2430656934163.66     
   2251317547092.08     
   2104579901325.69     
   1952589560076.68     
   1818222289725.32     
   1683621453244.21     
   1558191225243.30     
   1443113874782.08     
   1329114220854.03     
   1221258574798.58     
   1123920605420.45     
   1034550670371.10     
   946809593250.952     
   868492807315.784     
   794598910571.923     
   727204387030.755     
   658128805357.789     
   600004839087.351     
   546326069499.107     
   493574223379.983     
   446880973455.789     
   405589181731.119     
   364535994938.818     
   328657824914.525     
   295089324378.249     
   264193186582.203     
   237469221233.178     
   212871984736.145     
   188947186835.203     
   168017540396.483     
   149694530617.489     
   132905887166.740     
   117229235669.422     
   104025880751.084     
   91875446924.1547     
   80565824201.5403     
   71037122144.4382     
   62073226665.0618     
   54431060149.6068     
   47433607967.5296     
   41427640477.7331     
   35916544306.8918     
   31143106056.0944     
   26843745339.6581     
   23246429267.6239     
   20120944302.6453     
   17206853832.6061     
   14799233687.2662     
   12657089763.5787     
   10813778014.6980     
   9197190613.08005     
   7814775654.87845     
   6626005837.86952     
   5592514105.56829     
   4730040837.10762     
   3963317179.06248     
   3327139992.12041     
   2784295701.24981     
   2328150395.36480     
   1935647754.74226     
   1613791109.41387     
   1334513974.89947     
   1103414103.70873     
   911812643.391756     
   744785628.701551     
   612592476.697639     
   498724579.691347     
   405167041.675576     
   330012978.990493     
   267906579.277451     
   215487420.965070     
   173353572.720348     
   139428062.421143     
   111611710.016702     
   88849239.0301010     
   70656269.1206367     
   56255983.6330335     
   44377293.0106349     
   34875381.4547147     
   27353799.1230952     
   21500752.1958063     
   16781502.6407332     
   13056623.6007048     
   10099112.7525948     
   7796680.80992725     
   5989021.30704111     
   4608900.50162566     
   3517524.55483134     
   2676344.02337471     
   2028664.05574657     
   1530333.66597767     
   1152157.36112459     
   866131.683655105     
   647036.001644012     
   481802.060523422     
   356391.862043636     
   264374.972491671     
   194351.385272446     
   142367.760825303     
   103931.701322867     
   75663.8112186357     
   54629.1358652623     
   39470.2591862029     
   28402.2262658124     
   20254.0968374983     
   14408.7602624032     
   10236.3045761373     
   7244.20369100524     
   5097.35514245283     
   3536.06984633800     
   2465.68914236336     
   1712.90542722292     
   1180.74784059007     
   810.484870984921     
   555.989195616364     
   377.959591458502     
   256.562699970780     
   171.885694328067     
   115.754295430528     
   77.1855013327396     
   51.1090501584534     
   33.7591347783746     
   22.0983419384039     
   14.4737135396275     
   9.39792342963964     
   6.09165368897799     
   3.92802993243865     
   2.51119388291982     
   1.58704846835403     
   1.00587779004038     
  0.631941785496607     
  0.395459434983139     
  0.246114510322126     
  0.151913790253350     
  9.362724337805159E-002
  5.741036295382321E-002
  3.465323357517534E-002
  2.094286812812940E-002
  1.255237800763789E-002
  7.511999735239350E-003
  4.439654178837473E-003
  2.616449545217157E-003
  1.521458526805960E-003
  8.879437145034003E-004
  5.120654541594005E-004
  2.951324206321500E-004
  1.673626119286963E-004
  9.489667116960926E-005
  5.341802240912163E-005
  2.972461017679651E-005
  1.653592812523981E-005
  9.064999064194814E-006
  4.956162635230225E-006
  2.696405763555991E-006
  1.444826113419997E-006
  7.730051834662562E-007
  4.111717155786992E-007
  2.179470287857533E-007
  1.134062751908779E-007
  5.905118783310630E-008
