   16656.9971756242     
   17952.1147770467     
   19899.1536698982     
   22071.8746752197     
   24497.1384192944     
   26572.3985279821     
   29542.4518512580     
   32147.0689110291     
   35793.2682258544     
   39057.3823138950     
   43544.0889563617     
   47631.6766665598     
   52180.1655992450     
   58282.2787068849     
   63977.0715706769     
   70314.8737337675     
   77369.4265341290     
   85223.3621193470     
   93969.2706862863     
   103710.901694045     
   114564.515326224     
   124901.230346277     
   138250.749089390     
   151150.117003203     
   167599.269576865     
   183689.935003450     
   203995.189757755     
   224068.063216099     
   246409.077843149     
   271279.055253623     
   298970.253599392     
   329810.150928142     
   364165.702518663     
   398651.449566369     
   441034.653720113     
   483972.593903308     
   536341.279404338     
   589817.924830203     
   649348.030603494     
   715631.161432859     
   789451.186263100     
   865323.793881594     
   956489.265122067     
   1050863.61924975     
   1155905.32803247     
   1281054.22961749     
   1403050.60972913     
   1548071.89024038     
   1709633.82793115     
   1878996.39340700     
   2067512.40096910     
   2277389.99664501     
   2511103.43139177     
   2771425.16075216     
   3046743.39221860     
   3353210.00234902     
   3694419.75972937     
   4074400.63195633     
   4497666.08937649     
   4948908.07019557     
   5451282.28884712     
   6010711.24452524     
   6609170.15218030     
   7275358.80996768     
   8017100.28432021     
   8843160.38683646     
   9731455.17157468     
   10720428.1448861     
   11821745.6968565     
   13009760.8115599     
   14332434.6062842     
   15805373.5397032     
   17399040.6692807     
   19173457.6659224     
   21096189.9380745     
   23236777.7872069     
   25620450.4979719     
   28210626.0160992     
   31094723.4822517     
   34233102.4630796     
   37727495.4580120     
   41535317.6698044     
   45775094.7468987     
   50401509.1854557     
   55451319.7054837     
   61073212.5301312     
   67333417.5797628     
   74182714.6003582     
   81678702.1222603     
   90025218.6408876     
   99171226.5136557     
   109196480.620601     
   120359340.411592     
   132428614.661094     
   145865391.249053     
   160828034.791095     
   177053017.376948     
   195118383.395946     
   214986864.146803     
   236578673.864254     
   260617598.862164     
   287083396.971461     
   316231151.273001     
   348343769.107770     
   383735071.950429     
   422753236.887861     
   465784630.404766     
   513258079.953913     
   565172292.571770     
   622469096.525203     
   685728403.827586     
   755594348.946301     
   832164760.109045     
   916769122.714990     
   1009579042.95598     
   1112174054.12160     
   1224824467.12835     
   1349410346.07662     
   1486332292.58828     
   1637832796.41561     
   1803448652.10911     
   1986755510.35103     
   2188531690.74365     
   2410714774.45637     
   2655453505.72635     
   2925131211.32415     
   3222391882.50622     
   3550169227.47938     
   3909986656.37464     
   4306958298.42108     
   4745071165.71198     
   5226650106.36356     
   5756189840.02513     
   6341061464.70146     
   6984714355.03108     
   7696021376.87105     
   8476547521.40988     
   9336411331.49886     
   10284008091.8072     
   11328651949.6985     
   12480678426.8757     
   13747552934.7199     
   15141205861.0989     
   16679415972.1857     
   18372896459.1415     
   20237966182.6393     
   22292723669.2698     
   24557244553.2903     
   27053801400.1754     
   29800399790.3979     
   32823123017.4312     
   36158516104.9261     
   39832027826.6706     
   43870636124.5737     
   48330669481.1242     
   53237982347.7982     
   58639264892.4025     
   64597503154.9894     
   71148358529.3224     
   78378757866.4277     
   86334550532.9497     
   95091427793.0111     
   104748764612.191     
   115386089806.673     
   127089027265.590     
   139987303259.648     
   154187503530.898     
   169826005628.197     
   187053886400.995     
   206038505804.816     
   226939357543.837     
   249929038805.843     
   275253111016.178     
   303156457927.062     
   333843191444.809     
   367635487543.051     
   404856916206.383     
   445784104778.887     
   490839036607.339     
   540402034039.146     
   594982715916.635     
   654941795241.427     
   720927936675.086     
   793434831806.361     
   873172348877.350     
   960726430672.487     
   1056855460414.02     
   1162382411610.92     
   1278196736594.29     
   1405086939282.08     
   1544135850579.83     
   1696226432972.55     
   1862457166196.10     
   2043977011091.67     
   2241867029496.78     
   2457217703184.05     
   2691236251346.86     
   2944881453158.93     
   3219450214449.44     
   3515958731827.06     
   3835216255979.52     
   4178366686215.47     
   4546045884847.88     
   4938917056006.68     
   5357679976667.53     
   5802760631467.37     
   6274450320124.09     
   6772902846026.69     
   7297972835402.69     
   7849864011703.91     
   8428165684873.08     
   9032503745382.26     
   9662388063867.91     
   10317221945460.3     
   10996158677440.4     
   11698580178464.2     
   12423488411582.8     
   13169981324450.2     
   13937106929247.2     
   14723738695214.6     
   15528868535023.1     
   16351342767205.0     
   17190134929490.6     
   18044212907469.4     
   18912434679639.4     
   19793683616866.6     
   20686872327156.5     
   21591039444999.9     
   22505147268963.4     
   23428192137491.3     
   24359204132694.1     
   25297246039963.4     
   26241411707120.1     
   27190889662881.8     
   28144693509615.1     
   29102009013889.8     
   30062095359154.7     
   31024064200781.6     
   31987209355527.9     
   32950692084898.5     
   33913786750283.0     
   34875771032099.8     
   35835855177739.0     
   36793300505047.6     
   37747401747379.3     
   38697391917365.0     
   39642511519316.3     
   40582072177218.7     
   41515279724324.0     
   42441383617185.8     
   43359586984713.0     
   44269139766961.1     
   45169227589733.9     
   46059057601135.0     
   46937783925119.2     
   47804589861815.0     
   48658630529305.6     
   49499028940051.4     
   50324917410726.3     
   51135406342466.5     
   51929595194700.8     
   52706566678451.4     
   53465406931694.3     
   54205175568791.6     
   54924941761478.1     
   55623749688228.3     
   56300650688889.5     
   56954700346869.6     
   57584936327124.0     
   58190409776975.6     
   58770173039847.3     
   59323283321872.8     
   59848811840542.2     
   60345837309237.8     
   60813452151590.5     
   61250769973106.9     
   61656920661259.5     
   62031060745215.1     
   62372372043205.7     
   62680066094167.3     
   62953386404026.4     
   63191612577504.2     
   63394062713782.6     
   63560098302588.5     
   63689123814564.0     
   63780593656251.5     
   63834012091519.6     
   63848938649918.6     
   63824988045449.2     
   63761835902286.1     
   63659219105115.0     
   63516939013475.4     
   63334864429353.7     
   63112932202615.5     
   62851150724537.2     
   62549600398812.6     
   62208435908513.7     
   61827887228636.4     
   61408260776026.5     
   60949940121141.3     
   60453386601697.4     
   59919139479151.4     
   59347816130507.4     
   58740111470814.3     
   58096797624620.9     
   57418722871478.1     
   56706810503379.2     
   55962057367123.2     
   55185531991434.5     
   54378372514341.3     
   53541784279843.8     
   52677037147366.3     
   51785462494463.6     
   50868449919789.4     
   49927443730651.2     
   48963939128915.8     
   47979478160739.5     
   46975645438023.4     
   45954063632172.9     
   44916388780020.1     
   43864305430278.4     
   42799521585904.3     
   41723763566498.8     
   40638770720488.0     
   39546290076022.0     
   38448070912842.2     
   37345859316625.8     
   36241392715319.1     
   35136394439999.4     
   34032568331770.4     
   32931593426328.1     
   31835118738877.3     
   30744758180301.1     
   29662085629905.9     
   28588630190319.5     
   27525871650727.9     
   26475236180693.0     
   25438092278603.5     
   24415746995655.2     
   23409442453741.5     
   22420352676582.3     
   21449580748854.4     
   20498156317102.7     
   19567033444237.9     
   18657088826865.0     
   17769120381776.4     
   16903846206605.1     
   16061903916524.7     
   15243850355857.8     
   14450161682612.2     
   13681233819393.9     
   12937383263791.3     
   12218848247142.2     
   11525790230031.9     
   10858295719017.6     
   10216378388858.5     
   9599981491187.10     
   9008980529356.60     
   8443186178515.04     
   7902347426381.94     
   7386154912693.87     
   6894244440231.25     
   6426200632529.66     
   5981560712228.71     
   5559818373652.11     
   5160427721917.49     
   4782807254609.07     
   4426343857078.49     
   4090396789773.26     
   3774301639916.55     
   3477374216368.79     
   3198914364083.20     
   2938209680072.32     
   2694539106037.84     
   2467176387793.43     
   2255393378450.40     
   2058463175588.49     
   1875663077256.38     
   1706277352107.17     
   1549599804492.03     
   1404936142782.88     
   1271606130162.36     
   1148945531614.28     
   1036307842562.62     
   933065807258.100     
   838612728389.478     
   752363571253.140     
   673755870114.814     
   602250437991.309     
   537331897153.783     
   478509023309.673     
   425314940794.335     
   377307147901.653     
   334067404335.692     
   295201487922.972     
   260338827374.841     
   229132034276.079     
   201256316304.570     
   176408854245.196     
   154308043884.866     
   134692728073.262     
   117321366680.965     
   101971157677.297     
   88437117945.5784     
   76531192307.2928     
   66081300478.8794     
   56930410510.3432     
   48935609003.2001     
   41967184008.8453     
   35907725493.0631     
   30651248492.2160     
   26102343362.4142     
   22175356819.0429     
   18793606789.7906     
   15888633464.3049     
   13399488322.6081     
   11272062366.4470     
   9458454265.45115     
   7916378665.32998     
   6608614488.97998     
   5502492694.05623     
   4569422631.40965     
   3784455876.52865     
   3125886179.47579     
   2574883994.94152     
   2115163910.91842     
   1732683188.72730     
   1415369555.91089     
   1152876353.24093     
   936363124.668740     
   758299750.851501     
   612292259.718681     
   492928498.113494     
   395641913.725035     
   316591773.455733     
   252558230.280244     
   200850743.103054     
   159228450.826775     
   125831200.856116     
   99120031.7917232     
   77826008.6515784     
   60906405.3149405     
   47507321.9909473     
   36931914.5476564     
   28613496.8723727     
   22092856.6190048     
   16999198.4468419     
   13034197.0082921     
   9958704.47136308     
   7581714.32942499     
   5751234.80466886     
   4346771.50656343     
   3273160.42596776     
   2455529.13018040     
   1835196.49833349     
   1366349.83864798     
   1013363.10196944     
   748641.489658870     
   550896.379322177     
   403770.476270836     
   294746.741941118     
   214286.232863624     
   155149.763864098     
   111866.523467128     
   80319.6320923055     
   57424.3367121099     
   40879.2501287898     
   28974.9197903663     
   20447.1822021395     
   14365.3392980312     
   10047.2816548354     
   6995.36499036083     
   4848.19314050869     
   3344.53361733098     
   2296.44206187532     
   1569.34206044604     
   1067.33220324957     
   722.401984313800     
   486.555924723052     
   326.090443681885     
   217.456079962553     
   144.281174575820     
   95.2420239138558     
   62.5466910440798     
   40.8613324096941     
   26.5539170853825     
   17.1643637644603     
   11.0353156618514     
   7.05625662716330     
   4.48715298850398     
   2.83758160887021     
   1.78435231926048     
   1.11568381482952     
  0.693590527987713     
  0.428686302199250     
  0.263404466824563     
  0.160888902099742     
  9.768334318728229E-002
  5.894923379372978E-002
  3.535659891952629E-002
  2.107504950637985E-002
