  0.000000000000000E+000
   366757.414270319     
   244314.183060172     
   249555.584838697     
   406536.565653355     
   247383.004666183     
   539692.238389240     
   468178.018676218     
   516627.237062801     
   778067.730071198     
   276036.097691420     
   985145.464528964     
   940975.778087560     
   1119722.59182085     
   1199689.01220462     
   847698.606258129     
   1034603.69308885     
   1757914.30626538     
   1163414.76211164     
   1667385.22347471     
   2312032.96146128     
   1733653.35892929     
   1817297.20481628     
   2554557.95882947     
   2967405.10151780     
   2930727.96032345     
   3340950.42685750     
   4336089.55148512     
   3847301.16110324     
   5835635.80093087     
   4839280.85062972     
   6608882.03083870     
   5422980.01717581     
   6514215.39260711     
   7459132.82409076     
   8455319.99853868     
   9501020.56149989     
   8770129.24338238     
   9885409.51562134     
   10260519.0751317     
   16316724.7688250     
   16081461.6418815     
   13282958.0648961     
   16322922.7972431     
   19074268.7089359     
   20671301.5204166     
   20770571.9024113     
   26569987.6336487     
   33178442.2946674     
   30235407.8166328     
   29178112.5444658     
   31114270.7117761     
   41307271.7896500     
   46941997.3328797     
   45745404.0952643     
   51225221.6402658     
   59670965.2329974     
   66414670.8571437     
   65038695.5173056     
   77091582.3723409     
   73615865.0417722     
   84413097.0944667     
   91151573.1697065     
   119794805.234884     
   115643453.168970     
   132831731.632024     
   156661883.035926     
   171550046.513652     
   198307325.242632     
   208893056.680423     
   209732943.777378     
   239516676.755396     
   264174289.555346     
   305324074.023776     
   320701860.058102     
   338330549.482865     
   402456628.655501     
   428323056.227333     
   471977926.867645     
   499871706.780564     
   605672972.347801     
   607406463.369149     
   709495789.389414     
   802879019.812648     
   888276922.699764     
   947006688.806505     
   1095626931.64405     
   1173281098.44714     
   1346741297.62336     
   1481012860.00739     
   1629806417.81452     
   1738843253.78655     
   1976296239.79923     
   2111959699.58161     
   2179048886.71450     
   2560484431.21351     
   2738049409.82842     
   3127150807.25853     
   3454281720.54607     
   3741992900.39651     
   4141632627.81018     
   4451215080.62930     
   5190307156.04190     
   5597992186.60267     
   6248278992.70530     
   6535677499.19526     
   7201793670.58884     
   8330990600.65940     
   9120353225.11052     
   9980702636.05061     
   10570119752.5383     
   12628789233.1924     
   13150531691.5935     
   14117616965.5732     
   15981738263.0592     
   17233752532.1259     
   19038318559.6101     
   21136232416.5881     
   24008982827.8754     
   25424470525.6245     
   27665281478.7426     
   31609897815.3851     
   34696928002.6270     
   38401488101.8923     
   41788925247.1760     
   45217394401.6099     
   50973016431.0225     
   56314861185.7524     
   60002877309.7189     
   68072049066.9945     
   74223103006.2569     
   82469325442.0813     
   91568574108.1879     
   100407504682.573     
   110561755063.488     
   121727725622.465     
   135392403495.293     
   148609906688.656     
   162512053303.691     
   177533345768.910     
   197351825433.398     
   217673315982.395     
   236801096258.804     
   265824659816.958     
   293478405689.663     
   321778583402.664     
   350679574302.045     
   387511792239.614     
   425367612181.913     
   473351796260.029     
   520499453720.765     
   571279468105.592     
   627592195107.198     
   693511657574.698     
   768174445390.459     
   844398788299.407     
   937876701830.048     
   1029935793369.37     
   1122207717628.49     
   1239255890680.53     
   1368588937005.90     
   1497743488039.92     
   1650439504976.14     
   1829460081910.16     
   2003578642127.40     
   2216549372646.73     
   2449279076097.71     
   2687531556283.92     
   2962863050660.88     
   3242223805654.55     
   3571777667608.91     
   3959092025496.18     
   4361139406532.64     
   4795942672564.12     
   5273058164908.10     
   5787367893284.52     
   6373759582507.46     
   7033005444130.04     
   7741043682940.69     
   8531485767214.49     
   9346374042946.53     
   10273923288367.1     
   11317904639210.1     
   12497564326613.9     
   13703159723657.5     
   15077755343087.0     
   16581522015499.2     
   18216436759865.5     
   19980380564727.6     
   21971151165680.3     
   24068409315664.9     
   26383553620776.7     
   28916909008240.4     
   31666606154524.3     
   34713623296977.1     
   37893933587603.8     
   41436381458619.2     
   45285806308489.3     
   49237512214689.4     
   53748788270186.1     
   58419907001627.4     
   63447940581127.1     
   68630159608133.8     
   74314412222716.7     
   80427375077695.0     
   86794015949186.7     
   93802604072112.9     
   100874261355250.     
   108239264644618.     
   115971607458435.     
   124190358646886.     
   132593937301445.     
   141585905856289.     
   150657994396610.     
   160009747359944.     
   169667312594326.     
   180372111211096.     
   190493585016189.     
   200825471793035.     
   211805893994423.     
   223049483992784.     
   233827875632723.     
   245777075136488.     
   257327984141329.     
   270117627047989.     
   281879801394130.     
   294199325682447.     
   306500893931216.     
   318460337905338.     
   332351026632873.     
   344845913794687.     
   357594621317724.     
   370534679498039.     
   383337687482528.     
   396337995421810.     
   409758231432710.     
   424084550423948.     
   436778510733075.     
   449838323320642.     
   462934798113673.     
   476180993587357.     
   489565618584180.     
   503943203592982.     
   516130161247114.     
   529367405489087.     
   542838465659083.     
   555223262693701.     
   567603911427587.     
   581143708138361.     
   593746619722231.     
   606912969374598.     
   619069944407995.     
   633333116809242.     
   644501927570705.     
   657902766569148.     
   669695076989712.     
   681450368760725.     
   693783122064902.     
   705242419102419.     
   717150380770046.     
   726750383922010.     
   738916105833300.     
   747723805947061.     
   758073314289445.     
   769412480288874.     
   779351247599001.     
   786700304613479.     
   798317233591549.     
   806369216987511.     
   816852180042012.     
   823266939835465.     
   832331470746420.     
   839392707089604.     
   844871047100836.     
   853395321964684.     
   859366787939472.     
   865996159583490.     
   871171102571882.     
   877087607878443.     
   879969184552256.     
   883832709265932.     
   887807495382708.     
   892213817904059.     
   892616220957895.     
   896028218424230.     
   898176453050149.     
   898700123085694.     
   896559810384840.     
   896752867925459.     
   898126745325930.     
   897481783005288.     
   894404290724793.     
   892548227713160.     
   888910474632965.     
   886333579305238.     
   882885992771327.     
   876973962504662.     
   872240842395842.     
   866438616889806.     
   862206879314562.     
   853594339715502.     
   847152206552815.     
   839121793678818.     
   830916678052674.     
   822806717176364.     
   811580726453510.     
   802553188917160.     
   792327642623955.     
   782544761410831.     
   771258799098419.     
   757419682100516.     
   747586479350103.     
   736106703018247.     
   723526107191148.     
   709785766286382.     
   695975078124771.     
   682825485661023.     
   669486963939972.     
   654582598393954.     
   639797352158286.     
   624011976799068.     
   610569069353421.     
   594113608412069.     
   578216863899997.     
   564237566258680.     
   548671351860622.     
   533376350291430.     
   516725836573440.     
   502705783607650.     
   487179517201506.     
   470893988484431.     
   455064780868917.     
   439902735533203.     
   425303160420484.     
   410125023604896.     
   394774309039814.     
   379599491151236.     
   365364766091140.     
   350861815055882.     
   336010785532674.     
   322539100414717.     
   308044507258224.     
   295382915280990.     
   281470168495512.     
   268407736855524.     
   256157468032692.     
   243961056860223.     
   231582137321648.     
   220478819187883.     
   209388332124163.     
   197898738533006.     
   187510649520587.     
   177025907367536.     
   167117064336132.     
   157419747117132.     
   148214142964625.     
   139392677116734.     
   130915662941899.     
   122596072792434.     
   114891471812085.     
   107698717638759.     
   100303182778376.     
   93719028402027.1     
   87320799101055.9     
   81261157704081.2     
   75414357769860.5     
   70037237854400.7     
   64768963201619.1     
   59734518746225.5     
   55236216486937.4     
   50945031664350.9     
   46894910875013.0     
   43165832718797.9     
   39611116674218.7     
   36202279686032.7     
   33222338020714.3     
   30336199610491.9     
   27652346040987.7     
   25211786465500.5     
   22834070798590.1     
   20749275295315.3     
   18800225455020.8     
   17021262922900.3     
   15354124117492.9     
   13851795782164.0     
   12460545817766.3     
   11178253414656.4     
   10024685060285.1     
   8968207622659.86     
   8019294609883.90     
   7137475944232.67     
   6349180427630.21     
   5643157367016.32     
   5007081693344.40     
   4420565603861.14     
   3902464292781.80     
   3445036575802.88     
   3026799990916.83     
   2654067179632.89     
   2322916260376.11     
   2029065276991.75     
   1766754648572.10     
   1541856070964.67     
   1338734625016.92     
   1158677381142.64     
   1001711621351.90     
   865289039007.164     
   742998372888.802     
   637618361828.620     
   546089218795.095     
   467586491520.657     
   398066042676.565     
   339111555135.596     
   287629553636.702     
   243837163831.438     
   205140530476.130     
   173290593244.957     
   145398611210.144     
   121934795842.660     
   102097479231.185     
   85034608902.9066     
   70666336236.7732     
   58660212353.0401     
   48515656583.2814     
   39981011914.5930     
   32902547565.6003     
   27040875924.0100     
   22077653886.0854     
   18033945961.6342     
   14654809961.5315     
   11882458375.9965     
   9626390678.46478     
   7744612292.95545     
   6224161100.10788     
   4991097826.08620     
   3983857552.41993     
   3173866008.66834     
   2524348535.32851     
   2004216164.45728     
   1575480884.23846     
   1237365501.10846     
   971527620.569877     
   759712121.294315     
   589497451.889127     
   459106833.310003     
   355373096.463844     
   274048788.906982     
   209986119.612711     
   160945957.500462     
   122554494.728159     
   93121352.3360575     
   70667164.8319197     
   53319460.7716672     
   39959058.2839865     
   29990782.0839512     
   22362004.7914749     
   16640141.0736791     
   12288954.2638099     
   9069657.43827586     
   6659129.40122532     
   4868155.68368842     
   3555668.75131861     
   2580164.59989984     
   1861333.97787839     
   1335452.25062551     
   960017.145808812     
   685994.436152912     
   487700.252838064     
   344847.924482272     
   242090.140282941     
   169730.016723351     
   118589.411833251     
   82415.1890124847     
   56989.2662298626     
   39166.5728174268     
   26876.6088184002     
   18310.8109293902     
   12432.7184505520     
   8417.42316385278     
   5643.64665729253     
   3772.23189340571     
   2512.48625868869     
   1663.92763961862     
   1096.41939835436     
   717.312938207641     
   466.810967929396     
   303.603220472831     
   195.712356884838     
   125.478726759075     
   79.8139507598375     
   50.5847188296086     
   31.9712423299281     
   20.0419235913923     
   12.5167906707648     
   7.75118338915967     
   4.77830968049686     
   2.93068428308116     
   1.78108179773227     
   1.07855976814596     
  0.651837450986368     
