   3.29660911892517     
   3.53262421746829     
   3.88950252967981     
   4.25881978977274     
   5.24165759476778     
   5.04407802937019     
   5.79000920200976     
   6.51071800417558     
   7.17686780754417     
   7.77957812830324     
   8.37504985406267     
   9.61478763035565     
   10.4543406838344     
   11.5532159793968     
   12.7582889346181     
   14.2918349663325     
   15.3868232409776     
   17.1519607556214     
   18.9890965736801     
   19.8418966509847     
   21.9711219081690     
   24.2755589477558     
   26.6571577541442     
   29.2758200904276     
   32.3906322291193     
   35.4025224032046     
   39.3589529048411     
   42.5748326915717     
   49.2268060004040     
   52.7940052054178     
   60.2120795736915     
   62.2239976787067     
   68.6521917738260     
   74.1943204226000     
   81.5294179074698     
   89.8419429495723     
   96.9890891394913     
   108.294731772719     
   114.032327944258     
   126.789438997203     
   137.374276328933     
   146.586755606152     
   165.369202342282     
   175.903483368453     
   192.823587106468     
   208.610291533012     
   225.179423862296     
   239.615708805517     
   257.565773858782     
   271.380706341635     
   288.833590254104     
   314.475132500408     
   340.817300783403     
   362.428890588533     
   387.601378409133     
   412.828464401473     
   437.947434812524     
   465.598543726552     
   490.050467758265     
   526.979458421310     
   548.130997623999     
   565.948282727132     
   600.384409021314     
   598.150655905497     
   638.351357233307     
   669.128015155188     
   669.570863882688     
   693.905165913320     
   708.506116366062     
   719.043433412314     
   715.406217341691     
   712.589411183620     
   707.146019426326     
   716.054349011542     
   688.444183904187     
   669.940289700281     
   653.286761124375     
   628.658081299404     
   613.431065697227     
   556.723437911589     
   531.974358946440     
   495.353187640987     
   450.673766040286     
   404.743678098410     
   371.846545998493     
   329.072854560305     
   309.366329468932     
   261.656623721685     
   243.164444130866     
   220.119896617977     
   191.456836521627     
   173.460297070655     
   163.167865029440     
   153.990828613304     
   131.829724310721     
   138.604979528614     
   135.868699301449     
   143.821267167291     
   137.681495700938     
   125.813432781467     
   127.831637051790     
   150.632891705921     
   144.209992672980     
   149.769883166234     
   145.133834493212     
   136.269815377600     
   143.431525599370     
   147.096821632519     
   166.752479379390     
   154.531292843894     
   160.269284761206     
   166.279362875326     
   174.209248799181     
   168.769084680621     
   185.430787510214     
   178.952692137291     
   197.772630947217     
   187.846635831185     
   206.492980857218     
   212.073549428351     
   221.205580353714     
   236.046609074337     
   228.294375050413     
   243.928397570608     
   244.534192216991     
   255.216936185030     
   242.113627894714     
   247.330942486360     
   246.694464173194     
   248.973197697624     
   278.060310243948     
   258.436143928504     
   275.203855437171     
   277.047513729720     
   282.562289507749     
   288.355821479467     
   298.061484443615     
   286.683339430231     
   299.333734771954     
   305.524141788283     
   316.755776675481     
   300.080737080972     
   312.404349174104     
   304.494394314222     
   351.341883749821     
   331.803037515191     
   333.492668990705     
   342.903446385150     
   332.727002920732     
   357.965145551650     
   351.445008552422     
   384.104570126337     
   361.436630910554     
   374.046487731914     
   369.931848309586     
   376.496970582126     
   367.186979429530     
   375.562919603790     
   367.180638603622     
   377.447644032091     
   412.506206306751     
   378.184169090193     
   396.233132236851     
   366.635308923851     
   400.054093822712     
   381.416692557657     
   410.570250648160     
   396.618713193562     
   391.938092422699     
   409.819592384402     
   394.001970439501     
   390.168573165804     
   391.303767706737     
   420.057337991704     
   391.177519489740     
   378.048422905579     
   415.865709574753     
   392.387220020045     
   386.936672669712     
   419.939637022495     
   401.192798355410     
   394.827558444359     
   371.115461694428     
   391.387270085011     
   374.451564402307     
   386.267946233621     
   393.258548434416     
   370.176330660736     
   381.651849961015     
   395.830489284712     
   372.445632817959     
   376.132666369955     
   377.166187104868     
   367.631675016420     
   368.026454849910     
   380.366536448610     
   365.218133862469     
   366.964770728396     
   377.631552045570     
   362.716611929245     
   367.838433753454     
   358.773208812544     
   388.540331191061     
   360.008992168288     
   368.048756905279     
   340.892398481541     
   370.627398123883     
   342.991217477337     
   354.382828095854     
   338.601479599059     
   368.587716365758     
   365.726950515965     
   340.089994371847     
   369.236252774337     
   341.751569888771     
   374.099845138973     
   352.949022551136     
   388.198841555690     
   406.054840394192     
   370.547757687148     
   381.442219953677     
   381.463626487264     
   405.306593844973     
   392.736292665711     
   373.916567562189     
   369.728661095898     
   394.496095221555     
   406.674580303809     
   409.106226782183     
   376.808558602123     
   402.312852366675     
   410.230755410501     
   430.912634098579     
   443.831701384199     
   449.940951541060     
   428.192527196233     
   437.393504934795     
   430.943991544240     
   430.556731189790     
   463.924257772440     
   469.117606824223     
   443.923715433772     
   470.018763944196     
   445.572026636883     
   475.409709730578     
   451.220114821713     
   455.446969556949     
   464.245573880834     
   465.810562764534     
   485.023682930712     
   486.417159346652     
   472.945408468001     
   450.481603375274     
   499.244181339810     
   503.140450835969     
   479.408467330153     
   480.026887527971     
   512.267772544230     
   489.528460137210     
   522.765376578420     
   533.452782033721     
   509.870352719857     
   514.075680379575     
   513.141671770938     
   525.712859294393     
   563.974912547066     
   521.611649374774     
   567.199301308490     
   503.373797070733     
   543.172000595077     
   572.839802986951     
   525.451193236707     
   537.392536454421     
   560.912074793916     
   545.353503089253     
   570.760050338991     
   563.361507564239     
   535.399958053193     
   552.722691000478     
   572.739029246255     
   594.364809829720     
   577.275255275068     
   570.446367936241     
   583.029228022307     
   586.876699155353     
   596.327685919287     
   615.314637755059     
   606.540994105444     
   627.721493481661     
   610.263476547772     
   598.809834064420     
   638.655529908321     
   616.967239337265     
   627.405686675849     
   632.718173044620     
   643.059919988084     
   644.031408894401     
   643.011068234204     
   630.722552047387     
   654.149017229910     
   624.494742195683     
   656.838553130385     
   664.932363298007     
   670.362829422072     
   702.963083765855     
   672.051483223262     
   659.283825444014     
   731.879320307928     
   676.649022799881     
   722.318446182879     
   729.508006033500     
   737.541913528254     
   759.160704704007     
   784.674967183134     
   799.116367014241     
   770.301513567774     
   800.615763687218     
   797.189412093384     
   833.904111912918     
   838.928655777100     
   853.826943120415     
   863.125130154124     
   926.667213401744     
   937.963933315375     
   919.526916762645     
   918.377563216155     
   974.317544042728     
   979.353103969659     
   1016.00475224422     
   1056.62275994195     
   1097.13063365369     
   1088.36257842645     
   1108.79749261227     
   1161.10550308097     
   1216.14007934464     
   1257.36212233885     
   1275.46370932485     
   1292.15924838315     
   1292.15900545370     
   1336.33563194971     
   1370.11310367987     
   1424.38947766723     
   1426.17339618271     
   1453.14165531289     
   1536.73013263073     
   1593.50151496410     
   1596.85767251688     
   1717.18996039680     
   1757.95689853870     
   1790.95467288756     
   1886.07003178952     
   1812.69614334336     
   1907.89727399960     
   1998.41556641010     
   2051.99444231659     
   2058.51289553223     
   2181.43127220443     
   2314.10076340312     
   2327.98234164124     
   2393.24396629103     
   2468.54115577144     
   2524.34822044255     
   2681.68309431297     
   2768.87945882977     
   2826.87919037437     
   2926.26123128454     
   2949.96117715542     
   2994.37088100132     
   3188.39054849564     
   3211.46813979795     
   3384.62788296583     
   3507.01801000744     
   3591.56774537426     
   3622.79135935026     
   3781.62542698018     
   3928.26030846558     
   3905.21443793214     
   4063.83233128139     
   4230.23506382383     
   4328.27164904649     
   4477.57667273736     
   4531.96772141259     
   4661.50712530298     
   4871.45765475739     
   4967.85423736391     
   5149.96893518566     
   5218.69962727846     
   5268.13974619741     
   5691.04043374610     
   5619.97515388944     
   5832.46508638447     
   6028.41015539790     
   6209.79554052309     
   6153.96998626606     
   6300.18368568199     
   6549.89592787190     
   6836.49296274927     
   6869.92150768117     
   6893.59518839785     
   6912.99973797759     
   7352.50722306247     
   7612.24152368535     
   7512.59803694625     
   7719.57242619874     
   7858.81387805396     
   8057.36846920371     
   8134.04939723805     
   8610.96870827507     
   8534.31839115881     
   8687.50804990061     
   8886.10204166944     
   8875.63261876426     
   9159.09794540004     
   9268.22680234149     
   9637.55021076735     
   9711.13453505832     
   9831.76164378294     
   10318.7710615501     
   10234.0605665157     
   10343.3856167520     
   10804.9760405775     
   10632.0923945605     
   10833.7548095412     
   11255.7575591999     
   11003.1333677359     
   11328.3159367997     
   11629.4608845224     
   11816.2475833282     
   11926.0148129111     
   12146.3758084802     
   12265.1628328219     
   12434.2029462410     
   12988.4214016791     
   12527.6480172476     
   13011.5498049935     
   13052.6591532280     
   13317.3290384112     
   13550.1915566048     
   13298.8640161780     
   13743.4006197689     
   13689.3469304623     
   14226.2574134723     
   14161.1166430755     
   14289.5057254113     
   14584.1051087376     
   14126.8337175493     
   14504.0104928382     
   15034.8250739175     
   14846.0375427845     
   14888.0194126878     
   14865.9052735997     
   14714.5866717617     
   14872.0374444905     
   14700.2749845200     
   14411.5637792814     
   14457.1479362666     
   14201.8190168100     
   14033.1312847206     
   13869.7783138616     
   13486.9126476949     
   13072.1769851530     
   12768.1321915941     
   12279.5496755777     
   11552.5658029945     
   11094.4613512363     
   10436.5656475200     
   9750.33247644573     
   8836.49861024867     
   8364.60572283324     
   7658.65144251198     
   6999.03550346315     
   6249.88895621831     
   5415.34290497591     
   4752.60113015913     
   4099.39429625434     
   3480.24981936697     
   2990.38102633386     
   2433.19991103480     
   2040.78305473091     
   1658.17084333717     
   1380.95709813689     
   982.140570663256     
   789.839990386357     
   576.157401699493     
   432.093036079235     
   294.544303600853     
   171.669805571025     
   139.391879733670     
   96.8933240209331     
   72.1597818097199     
   37.3668085060749     
   33.4823683681813     
   13.0841099723568     
   6.54672236905547     
   2.48225609356984     
   2.14676651495964     
   2.51833396199728     
  0.109933161146321     
  0.175438142188178     
  0.170151188895328     
  6.531207871451819E-003
