   1.17736302971709     
   1.32216470988164     
   1.43503096437360     
   1.59268568220307     
   1.76000065050743     
   1.93657056774673     
   2.12726709816468     
   2.31322609532056     
   2.58716672537714     
   2.85645228599932     
   3.17658215425659     
   3.49589207184028     
   3.77053163522896     
   4.25637287304817     
   4.66142008999128     
   5.03764064721214     
   5.81098907283915     
   6.31382827246924     
   6.81797067459049     
   7.68110281946111     
   8.40215933943828     
   8.95645626760704     
   9.91103397549858     
   11.1920830509117     
   12.0371525306048     
   13.1934786005172     
   14.2584331266563     
   15.5252810929954     
   17.1737896296031     
   19.7959507531470     
   20.9048259233093     
   23.1387583893641     
   25.4462124521325     
   27.4510716628095     
   29.4388114819284     
   33.2714336019496     
   36.0696010669635     
   38.8578590807040     
   42.6519498009015     
   45.9056152120392     
   51.3154617668930     
   55.1068007955494     
   60.0650306312145     
   63.2647023116085     
   70.0025936251989     
   75.9772502340092     
   84.7730870556573     
   90.7673119407956     
   96.2713645029027     
   101.726944113167     
   109.040405759175     
   117.283691799753     
   126.176988597304     
   135.215596473901     
   144.677923193219     
   153.740272463970     
   166.326778265994     
   171.280777823327     
   180.652101433810     
   197.738904454629     
   201.609871300785     
   211.232666099804     
   218.043614048349     
   228.337919482642     
   237.737523913941     
   244.977619673547     
   250.578544306988     
   250.851080380843     
   264.602841611003     
   269.903233187244     
   269.031252663510     
   271.528531902013     
   266.108108691537     
   264.399190391370     
   254.310705642221     
   253.741038235202     
   243.727617006119     
   232.938406176511     
   225.277920045017     
   208.587280112908     
   193.302466364682     
   187.158560030335     
   164.447123560686     
   153.890167030869     
   140.676039836951     
   124.566288529219     
   118.002998200682     
   101.820021567207     
   97.2905275772183     
   85.7085925094336     
   76.1350013682981     
   65.5413187384776     
   63.3128410923034     
   62.0515247809874     
   51.7072898209044     
   55.2036070568530     
   58.1666729233612     
   52.4087885988784     
   57.0970046421821     
   50.8031674873793     
   54.5460956028401     
   52.8378109973724     
   50.8266028661803     
   55.0844698891682     
   62.4827551059250     
   65.1128283840296     
   67.8984143567940     
   64.2467260402429     
   63.7220785915291     
   64.2513547077997     
   64.6073068824571     
   70.9030241778744     
   70.4621365640408     
   81.1733670118037     
   71.1340461428927     
   70.4471596826759     
   78.9107545044988     
   83.6004578482672     
   80.9891923088103     
   80.4042086691424     
   89.4400029853622     
   82.1169781860104     
   87.9740540565435     
   87.0415119450289     
   92.0306145016593     
   94.6285028917714     
   97.1544923133510     
   99.1416092493820     
   102.542737978213     
   105.390445660954     
   103.778384687283     
   111.232644272808     
   110.687778555656     
   116.362591562280     
   114.356454689012     
   110.692197586332     
   118.793012794255     
   115.016367708277     
   121.885346795584     
   126.024869397456     
   117.653518028231     
   130.193012422536     
   126.084335462874     
   124.546511677379     
   125.343441270401     
   135.090772721115     
   140.790591137696     
   138.702179297291     
   132.936597601048     
   141.952375758152     
   146.902940582640     
   156.711621162913     
   136.079747087875     
   138.764428778307     
   147.696749876021     
   157.632905765327     
   152.302192507446     
   145.072999220588     
   149.740888107100     
   154.428048163029     
   152.760206880082     
   158.671464720425     
   156.220820884832     
   147.546064467736     
   149.034196887347     
   157.544503922981     
   150.461625489521     
   159.702930584827     
   153.627395359102     
   167.887123516332     
   158.953471970866     
   155.868633418960     
   158.989431727520     
   159.546785254965     
   155.658949351161     
   165.319687741506     
   155.090636655413     
   166.786421874460     
   156.206885274285     
   156.219901511310     
   160.143061883684     
   153.906284722822     
   155.333076243177     
   161.348720176071     
   153.372752644626     
   166.372189390106     
   162.215937420840     
   157.572708388605     
   158.252143275881     
   160.670578691441     
   162.432300032912     
   159.089755978243     
   156.530704059949     
   156.994851486320     
   158.990201602372     
   169.186326483620     
   153.015034073687     
   156.277704382125     
   151.068327833496     
   161.305936787066     
   157.411926596373     
   151.565001070042     
   156.938854064404     
   151.475429875524     
   164.009435061602     
   149.425739167418     
   154.916683033684     
   156.334340732714     
   152.025590415838     
   160.375986900382     
   154.248554059200     
   163.411596940551     
   156.996331846757     
   145.609507363448     
   155.516696922119     
   158.949526957884     
   153.496673341316     
   174.059646672061     
   170.647177463493     
   169.142101816036     
   162.245725845103     
   163.305463352746     
   182.694908234688     
   163.045550529805     
   171.521166222130     
   158.281610695866     
   176.209704345892     
   169.006616098494     
   172.081067118678     
   183.416478925983     
   183.874250748256     
   176.136887440902     
   197.825836206198     
   189.999414154604     
   192.314920994507     
   183.116004087471     
   195.901123636175     
   182.421782310638     
   187.869116256479     
   196.742358099293     
   193.625536323307     
   193.136504251940     
   199.250524821479     
   190.012848300806     
   208.046002368825     
   202.517742497138     
   211.265016055717     
   214.792583820628     
   208.665660319084     
   216.321855370911     
   223.016659548529     
   204.870227200317     
   216.123179350647     
   222.662216344821     
   216.706141727393     
   225.452320592662     
   229.760326349382     
   224.115757733702     
   225.405992446907     
   224.861484539091     
   215.715930171620     
   226.388971430816     
   234.078108922155     
   239.011997389647     
   224.229052603956     
   242.415807914851     
   239.939471394599     
   243.992544774869     
   234.574578092798     
   244.687025481114     
   257.528345361672     
   241.772607393239     
   260.232888219078     
   255.965965993322     
   252.023013924708     
   260.528585592823     
   256.813028442121     
   266.289019197860     
   248.844088583175     
   260.940428504801     
   257.667165256895     
   266.481529321364     
   258.201624163189     
   260.062807030088     
   280.727434371717     
   267.425566611177     
   274.202112212111     
   298.505727959255     
   267.801203921891     
   274.853293287952     
   284.786296905975     
   284.883355177080     
   294.627588475310     
   275.812628977316     
   292.906031477318     
   298.341279159147     
   298.405711119736     
   311.651839902601     
   313.704278276884     
   320.072426820174     
   309.041277184493     
   322.897875066272     
   331.163390339658     
   335.765909660158     
   321.520010727781     
   350.365269001848     
   345.724393723591     
   347.174366789060     
   360.655024632247     
   350.385199569856     
   363.488792997838     
   378.743932504972     
   371.430601466139     
   373.212826654516     
   383.007368498324     
   421.551356928556     
   404.616559185737     
   397.997283020313     
   428.469010016190     
   450.597375784658     
   458.458587356532     
   468.320442767276     
   456.349263384187     
   475.511346725579     
   490.017377025505     
   512.636247188668     
   511.600962158071     
   540.047563114310     
   558.699502502456     
   591.914047793279     
   581.462800030783     
   640.092707401920     
   626.852868023141     
   650.090470202427     
   644.384905199126     
   679.572972479470     
   717.895316363765     
   717.200678183809     
   784.837359489708     
   769.980022428188     
   813.329488007285     
   818.307458163240     
   872.901859935881     
   888.292980548295     
   923.802983665108     
   963.131018693218     
   1018.24300375724     
   1069.63595820377     
   1092.34687833644     
   1122.77447235364     
   1165.40900999472     
   1239.78679512081     
   1248.39824848841     
   1306.08220877220     
   1366.48268274694     
   1445.93690950036     
   1455.64413917849     
   1513.46750774636     
   1546.25409475710     
   1662.70200856721     
   1750.47842387864     
   1782.89526787782     
   1833.44395896157     
   1916.98495153914     
   1983.41470084986     
   2092.76227595502     
   2216.16001445105     
   2247.43720043751     
   2326.87694188360     
   2422.69441989845     
   2541.48924417578     
   2614.28858806227     
   2673.13403600498     
   2736.07528683909     
   2873.34175862621     
   3065.64758880584     
   3118.55582467366     
   3272.81988083395     
   3407.89062676444     
   3479.02673433459     
   3523.23760210440     
   3738.41504765968     
   3787.22328046089     
   4048.01827077813     
   4087.20819117487     
   4284.60577332501     
   4384.76239884307     
   4536.89331755200     
   4808.76259055171     
   4816.36967136661     
   5122.17268453560     
   5182.80429325915     
   5327.98580175097     
   5584.54623389580     
   5611.85541573848     
   5666.13439147166     
   5981.58424867960     
   6187.43675076570     
   6427.07171231467     
   6676.27559546436     
   6707.16744662321     
   6953.21539286815     
   6951.41941228216     
   7353.64235161484     
   7518.73032963305     
   7732.83177248324     
   7980.03127716622     
   8254.78055296252     
   8285.16184861565     
   8458.67194533431     
   8616.43154645918     
   8816.34669064274     
   9097.59254546804     
   9440.96900573372     
   9569.90752601128     
   9859.62842099134     
   9987.16095731346     
   10235.5693104269     
   10682.5109505555     
   10632.9375014695     
   10998.1424358564     
   11352.6313621119     
   11383.1252475912     
   11752.1397227076     
   11976.9296372576     
   12384.5709268392     
   12513.0252197368     
   12696.6828751200     
   12944.1958306643     
   13217.0692176633     
   13408.0170592313     
   13798.4843914672     
   14211.9939631394     
   14092.9294423996     
   14341.2811739254     
   14657.6466724902     
   15096.2030409535     
   15209.0459389901     
   15596.3313885464     
   15672.7283595772     
   15833.0396664148     
   16065.3150008762     
   16498.6180245556     
   16766.9476234649     
   16964.2193824315     
   17145.3439646853     
   17290.7099567625     
   17153.2950971727     
   17456.6019287933     
   17657.0330047031     
   18161.9578731461     
   18164.1596640274     
   18035.0867255061     
   17992.1107772851     
   18039.5422908225     
   18061.8064288136     
   17696.5803350896     
   17385.0843213285     
   17131.8662616232     
   17027.9030053419     
   16438.7015265157     
   15860.6046681450     
   15262.4572706640     
   14644.9954398953     
   14082.9919404499     
   13188.4087430313     
   12386.4915742423     
   11550.1684262797     
   10820.3668259047     
   9908.80850271499     
   8898.26455542178     
   8052.19914850147     
   7299.48006723814     
   6348.51975615414     
   5624.20862301398     
   4717.77851239207     
   3965.16414469223     
   3290.19491492334     
   2742.37016118649     
   2255.96690214480     
   1720.33439373264     
   1404.24879234054     
   1027.43786186716     
   767.971557926553     
   544.308625754914     
   403.371630107396     
   287.551034243924     
   187.279652659246     
   121.047666609060     
   90.0682799622126     
   67.4757788456649     
   29.0902900143127     
   21.7357536648753     
   6.82352861246062     
   4.39444488921335     
  0.798765049092749     
  0.279775743997119     
  9.939322968990329E-002
  0.137461936435165     
  1.161204902494052E-002
  9.793907026373254E-004
