  0.000000000000000E+000
   1372108.93653414     
   1874634.18673982     
   1670118.44154341     
   1698093.09123591     
   2175856.63524478     
   2265965.04031255     
   2686784.92072455     
   3072850.53952309     
   3863372.69301700     
   3234201.05946746     
   4137362.51221995     
   4144256.88181916     
   5005417.64991150     
   4938000.75872853     
   5400429.78246915     
   6278659.63852484     
   6657109.18432531     
   8402136.11528977     
   8948326.54236891     
   9848138.80092369     
   9905440.99148216     
   10791905.7284968     
   13169882.4129133     
   14056688.8929683     
   15963588.8378427     
   15698709.3959122     
   17791526.7935436     
   18691580.9073233     
   21688313.5004849     
   24575705.6846611     
   27277242.8400808     
   27698695.1364864     
   33458116.5829377     
   33746509.4054660     
   39688476.0838778     
   41304198.9898300     
   48147343.0912117     
   51317420.7219447     
   58283477.9665129     
   62229531.5975005     
   70482235.1997969     
   74360948.0798821     
   80602123.9619836     
   89481460.2404183     
   102348567.114738     
   113871855.970697     
   124870911.119390     
   137085651.448086     
   146980782.333556     
   164520546.589568     
   179994988.023122     
   192435291.273402     
   229129651.013290     
   242942288.593100     
   267759932.627834     
   289457375.845726     
   325705174.889791     
   355738385.783068     
   398071412.163548     
   447504416.766855     
   475466320.134931     
   538839463.250847     
   580062958.590994     
   649476406.367365     
   702431434.888623     
   768798323.162177     
   849588139.901855     
   938527243.612331     
   1044641327.07032     
   1149094047.86329     
   1274199646.77434     
   1380093894.67861     
   1542152746.66221     
   1669686669.06311     
   1834752762.30308     
   2025454417.95738     
   2232560018.41192     
   2479816184.73893     
   2691972167.68181     
   3009145773.01838     
   3351838141.46995     
   3660111758.61882     
   4017772107.41857     
   4415033070.73329     
   4946071565.17167     
   5353210673.98946     
   6006133869.68391     
   6532699513.45346     
   7141066636.27485     
   7905389979.59740     
   8775776207.45415     
   9592845847.97870     
   10606155273.5399     
   11684437595.0050     
   12663604434.6061     
   14193194278.9513     
   15622532743.8612     
   17201435732.6516     
   18886069681.1545     
   20929764919.8367     
   23015708364.1837     
   25130479945.1806     
   27809722612.3158     
   30498643237.9861     
   33916304406.4840     
   37591996466.8002     
   40842566742.5751     
   45449988775.4293     
   49908014048.0356     
   55037573309.7725     
   60211610395.8384     
   66679410654.6429     
   73399262865.9664     
   80361992151.7050     
   89006628738.4946     
   97533367988.8659     
   106995237416.931     
   119429181055.462     
   130021297585.115     
   144265540289.424     
   158714563089.728     
   174684927724.070     
   192397039787.765     
   212272798514.310     
   233745005978.531     
   256010897740.459     
   284489010117.627     
   312769243099.872     
   343505358227.736     
   377730781248.897     
   418943601153.842     
   459896675861.492     
   506769360949.923     
   555311906071.243     
   611411841437.311     
   674227623946.282     
   743550722615.813     
   820754364856.166     
   900487382069.233     
   993210145944.453     
   1095467677690.89     
   1201815007985.71     
   1322756174144.45     
   1461011442708.39     
   1604614533288.31     
   1767874972867.07     
   1948425264794.03     
   2143089287615.64     
   2365966364818.52     
   2605008591114.25     
   2870198717343.65     
   3150767705650.79     
   3472685876173.13     
   3820796724292.12     
   4216116096578.73     
   4634346894587.78     
   5094653759216.47     
   5619437645599.68     
   6190414126870.38     
   6818421751653.86     
   7487542527903.93     
   8254940017056.55     
   9089921535446.71     
   9996278749547.97     
   11010739458767.3     
   12130337739545.4     
   13327145998992.6     
   14663903488875.2     
   16151648718627.8     
   17771963275162.6     
   19553141914565.7     
   21514850746746.2     
   23658115888159.5     
   26030738355648.3     
   28608631638735.3     
   31454900730831.9     
   34565441468824.4     
   37948048457345.3     
   41661466629576.3     
   45725971733938.3     
   50163596819227.2     
   54918724843570.8     
   60150749147981.7     
   65752331311640.4     
   71817930783766.9     
   78469764266692.8     
   85486826245572.0     
   93116954908630.8     
   101167985361256.     
   109824922366630.     
   118966089812844.     
   128664792663251.     
   138980146923939.     
   149791477277168.     
   161155293906332.     
   173052380863634.     
   185527746395137.     
   198432564753727.     
   211986500405406.     
   226030745130923.     
   240633482484503.     
   255630255869561.     
   270873173692314.     
   286589719432159.     
   302835919295328.     
   319264188593655.     
   336112233561095.     
   353392932246799.     
   370835673623826.     
   388357866736118.     
   406457101374587.     
   424342921391534.     
   442627888932896.     
   460968002156737.     
   479464972671540.     
   497780729644958.     
   516781284902209.     
   534908470505697.     
   553371085820954.     
   572085340899678.     
   590667661088068.     
   609065885619522.     
   628127454093383.     
   645943420941450.     
   664718577919377.     
   682486979497669.     
   700117557312809.     
   718038726733326.     
   736019146117363.     
   753793396034111.     
   770850869734688.     
   788029215731740.     
   804187782613493.     
   821167073259630.     
   836873799275598.     
   853056380639726.     
   868306910347701.     
   884177574285739.     
   898415577953538.     
   913332859283463.     
   928224034618930.     
   941958624517122.     
   955075207594660.     
   968129697162264.     
   981170130862708.     
   992908331527740.     
  1.004547042982592E+015
  1.016107182106547E+015
  1.026770244372030E+015
  1.036343460982436E+015
  1.047256656459571E+015
  1.055482540572976E+015
  1.064237605918862E+015
  1.072238449220801E+015
  1.080192410117645E+015
  1.087257620083539E+015
  1.093300439077511E+015
  1.099050398157196E+015
  1.104703337238792E+015
  1.108766184970158E+015
  1.112065386507932E+015
  1.116203345636435E+015
  1.117746109942006E+015
  1.119811301476073E+015
  1.120998312443682E+015
  1.121382890194602E+015
  1.120861110044388E+015
  1.120910709158570E+015
  1.118725101051060E+015
  1.116652285722220E+015
  1.112612347472059E+015
  1.108674639401933E+015
  1.104596880160565E+015
  1.098998368591576E+015
  1.093279717506967E+015
  1.086523759625541E+015
  1.079245140343014E+015
  1.071242792817747E+015
  1.062227312815915E+015
  1.053670724859526E+015
  1.043730855343116E+015
  1.033438259054840E+015
  1.021151250610890E+015
  1.009674677052339E+015
   997597340490799.     
   983846339757703.     
   970761927721671.     
   956347357328161.     
   941708767459966.     
   926796047320528.     
   910958077291361.     
   895052778215806.     
   878430648988088.     
   861324318550282.     
   843963481837565.     
   826030341683374.     
   808517086781085.     
   789820608396868.     
   771715075667740.     
   751653608685593.     
   733699834814370.     
   714785615879614.     
   695408320524224.     
   676651116392492.     
   656385021909000.     
   637375165356709.     
   618180496498321.     
   598502669172553.     
   579334278725029.     
   559712457970002.     
   540654802348948.     
   521628584228889.     
   502884460252412.     
   484298466705550.     
   465939951377579.     
   447401643686055.     
   429455914403367.     
   411531488176426.     
   394271393010546.     
   377305377428054.     
   360402465351860.     
   344039472139097.     
   328085519328893.     
   312505178583185.     
   297227597903003.     
   282654691008540.     
   268053758414389.     
   254127042844468.     
   240717176662318.     
   227439109474346.     
   214881059854855.     
   202648102090014.     
   191017432614867.     
   179585294193884.     
   168754243958445.     
   158428198058276.     
   148472530755696.     
   139047381350137.     
   129966068820645.     
   121278776563134.     
   113029418636586.     
   105172985261937.     
   97800300620241.5     
   90779829455948.7     
   84111417817976.0     
   77873113127568.9     
   71909042705407.0     
   66393041794929.3     
   61166176990267.2     
   56260713130447.9     
   51668538361803.1     
   47406467024434.9     
   43400274908035.2     
   39680015049905.4     
   36214699542153.6     
   32984754354286.3     
   30002145430620.2     
   27264634788967.5     
   24734218119203.1     
   22373896690450.8     
   20210125835386.9     
   18232415578963.4     
   16423245283573.1     
   14746135850743.3     
   13230687705087.0     
   11848730750552.0     
   10594958558407.3     
   9456573164074.53     
   8419001096082.41     
   7484345735536.31     
   6639345491184.64     
   5878169259796.63     
   5190875445198.98     
   4581594492284.38     
   4029474300477.69     
   3540266046827.60     
   3104268199083.95     
   2714830412385.00     
   2369708856456.88     
   2065273648468.07     
   1794015408435.30     
   1555609204469.59     
   1346455232410.91     
   1162354637719.21     
   1002364573427.48     
   860887116399.744     
   738592535902.068     
   631497150781.942     
   539477202722.343     
   459574383291.702     
   390112883784.253     
   330850145334.221     
   279633793041.531     
   235996679540.811     
   198457623178.257     
   166518456908.212     
   139378806534.299     
   116308477413.185     
   96824782658.0779     
   80434406171.6839     
   66633854726.1852     
   55037351321.2159     
   45337686249.4650     
   37240845377.8363     
   30508997157.5494     
   24932835291.1732     
   20310722001.6800     
   16494456964.5399     
   13354539999.1500     
   10783131420.2475     
   8678503164.57433     
   6966946852.98029     
   5576912356.88239     
   4448460475.32752     
   3539009427.22988     
   2806826840.16110     
   2217994071.02047     
   1746261394.73689     
   1371079897.06231     
   1073224675.80605     
   837271984.374874     
   650908317.593543     
   504111552.435178     
   389275886.819135     
   299675889.504732     
   229856819.669901     
   175540581.350265     
   133654084.696226     
   101381211.090569     
   76676079.6172701     
   57753364.4747191     
   43315420.9462753     
   32352510.9756797     
   24101615.7817747     
   17877730.1769428     
   13211198.5020686     
   9717886.26245441     
   7124070.31867575     
   5203215.94071853     
   3781820.65671915     
   2738164.37538878     
   1974061.17238613     
   1417525.69923517     
   1014277.74952429     
   721688.187872979     
   511744.848664653     
   361205.179918746     
   253967.699237755     
   177580.361185416     
   123642.483631687     
   85682.0734071800     
   59106.0240486606     
   40587.8053558624     
   27753.2594223749     
   18865.8101997429     
   12775.7060611618     
   8603.51561591518     
   5769.13226492557     
   3849.16939334584     
   2552.80011627181     
   1685.40438880822     
   1107.60143239442     
   723.275168978160     
   470.379329162227     
   304.045004135995     
   195.601579525218     
   125.106136365819     
   79.4874914399161     
   50.3195549157561     
   31.6207845947177     
   19.7755318024409     
   12.2987971258206     
   7.60742587931087     
   4.67626862123156     
   2.85564310237870     
   1.73510777798759     
   1.04618012056174     
  0.628070723841422     
  0.374457600257132     
  0.221776526507796     
  0.130609955182590     
  7.644942982804516E-002
  4.441664614872069E-002
  2.565167047458416E-002
  1.471149000433067E-002
  8.379958731368218E-003
  4.740922439615579E-003
  2.666445296035084E-003
  1.487367131352382E-003
  8.257605611058722E-004
  4.540498896696378E-004
  2.482118957806353E-004
  1.347610645817546E-004
  7.260534934886376E-005
  3.880217053475101E-005
  2.060668466655198E-005
  1.085269579386704E-005
  5.671753080235322E-006
  2.943343057529062E-006
