  0.000000000000000E+000
   1644261.39714612     
   2381954.82457716     
   2216995.07229045     
   2224631.71430854     
   2866038.07024740     
   2977959.21911920     
   3240790.44277762     
   3888075.06043291     
   4778952.81003824     
   4293523.98828627     
   5415823.05790896     
   5200336.22553752     
   6766614.12607724     
   5929826.07788191     
   6953542.63134771     
   6910758.36438856     
   8496183.75653852     
   10821257.3516751     
   10669026.9019177     
   12157057.7564173     
   12435466.0716802     
   13558630.5557286     
   16311426.9059137     
   17532766.1337508     
   19197680.1119619     
   20744135.3084041     
   20422849.6253667     
   22836155.1101651     
   26862628.1259382     
   30209272.3344549     
   34847232.2389192     
   35707290.0976823     
   42586333.0871844     
   41748933.7256544     
   52609094.1574870     
   50473561.9188312     
   61232916.1572362     
   67571037.4273405     
   71565956.0188413     
   79778668.5609225     
   86360220.8758179     
   92894470.5338984     
   104262603.061802     
   111063817.303415     
   124218167.999511     
   142785412.964455     
   158866373.977538     
   170747814.779471     
   188438300.937928     
   209189955.659769     
   231131722.436849     
   247845901.553863     
   290648680.834922     
   307013179.449537     
   336496128.974922     
   373783824.151593     
   405458458.023250     
   451247531.652842     
   492894470.801157     
   560352359.567610     
   602054147.542196     
   673837735.083259     
   752290487.923898     
   820237586.763602     
   895355658.127523     
   971986536.574840     
   1087612050.05311     
   1192996199.93213     
   1324981787.05315     
   1482286348.85901     
   1583726380.83719     
   1722374361.12685     
   1921594648.87743     
   2096705680.86853     
   2352490193.47120     
   2564560779.39902     
   2787725428.11821     
   3057726374.31841     
   3427099890.95348     
   3761455360.36649     
   4184140634.24668     
   4583753446.19557     
   5054536195.19333     
   5489948891.17970     
   6146826366.84460     
   6831703560.31617     
   7527284552.45179     
   8105417035.76884     
   9075680784.15431     
   9929078987.87311     
   11076499271.8658     
   12100540683.9904     
   13339274946.3099     
   14800211131.4776     
   15991027166.1402     
   17816752992.8756     
   19669042279.3314     
   21905653789.7405     
   23818900025.7830     
   26109434745.8371     
   29003817757.1163     
   31772733434.5493     
   35225066265.5159     
   38568078127.4449     
   42764121611.1364     
   47406486780.5244     
   51439661055.7596     
   56713010019.3145     
   62927241871.4040     
   69295635029.1302     
   76152856375.5458     
   84008277268.7486     
   92248473900.2943     
   100772677460.077     
   111773802576.830     
   123514996635.976     
   134850070128.944     
   150099809960.730     
   164433629287.582     
   181819716579.292     
   200240663987.638     
   219532930584.436     
   242177698531.438     
   265383231265.700     
   294045104727.533     
   321103051316.802     
   357178143145.251     
   394359940002.661     
   431572541577.483     
   475902379346.675     
   525476570874.106     
   577860764173.995     
   635687778180.298     
   698113657806.691     
   768644238063.637     
   845991865228.733     
   934095087490.707     
   1029086948258.98     
   1128985777144.18     
   1245047775001.48     
   1372071054143.43     
   1512930938928.26     
   1655006996834.88     
   1827276367030.43     
   2011372733371.00     
   2215604676671.65     
   2438356132676.02     
   2689122086902.88     
   2949093266609.37     
   3253264216489.24     
   3582020528034.60     
   3929565453281.61     
   4333659073695.72     
   4757174650596.00     
   5232474649586.14     
   5761451668687.23     
   6327695361593.81     
   6971627393597.82     
   7666419668964.76     
   8425016729275.45     
   9255124119852.20     
   10186168343590.9     
   11207964904454.4     
   12288230422966.6     
   13526740618695.1     
   14853831907631.9     
   16295853786101.7     
   17908506783014.0     
   19686110693315.9     
   21594939991845.0     
   23705421343597.6     
   25997354280542.7     
   28516276431884.1     
   31284030347215.8     
   34216301594846.2     
   37584408482971.7     
   41130915447671.5     
   45047223277440.4     
   49270785258053.6     
   53944636956553.2     
   59081603450294.2     
   64496330356616.9     
   70540938632138.7     
   76981147187811.3     
   84061136804333.4     
   91925679170224.9     
   100125634897910.     
   109265334915234.     
   119044733838675.     
   129705617063006.     
   141019391006492.     
   153525240433107.     
   166860964148857.     
   181229702415328.     
   196713196697507.     
   213501254903580.     
   231502349627311.     
   250606334358322.     
   271374935466201.     
   293681321154828.     
   317484328173295.     
   342987538481356.     
   369735919044176.     
   398236552552783.     
   428691840356047.     
   460684880364893.     
   494630359031462.     
   530517924336644.     
   568092215622839.     
   607103657730462.     
   648415673867377.     
   690900749058244.     
   735909825469372.     
   781854205349990.     
   829949806256694.     
   878738077612034.     
   930577164792192.     
   982101064982664.     
  1.035544030844762E+015
  1.090734027505911E+015
  1.147161569628209E+015
  1.204312049965004E+015
  1.264196324066442E+015
  1.322698987376857E+015
  1.384626291735878E+015
  1.445598294716532E+015
  1.507100422040973E+015
  1.570362329241190E+015
  1.634812515628602E+015
  1.700107014565329E+015
  1.764749610998353E+015
  1.830754494148256E+015
  1.895069134429546E+015
  1.962502699620856E+015
  2.027792061250678E+015
  2.095147294744760E+015
  2.161352499570544E+015
  2.229774406479240E+015
  2.295148314076856E+015
  2.363026697414629E+015
  2.431942671801771E+015
  2.498607198106192E+015
  2.564539877348852E+015
  2.631383891747196E+015
  2.698979660198616E+015
  2.763976228988796E+015
  2.829526640778090E+015
  2.895938892776257E+015
  2.960620881797479E+015
  3.023112210360350E+015
  3.090478818234088E+015
  3.150848342733550E+015
  3.213773054962176E+015
  3.275366666102982E+015
  3.337786226476860E+015
  3.398462564349321E+015
  3.456881772112529E+015
  3.515348268344944E+015
  3.574486858330988E+015
  3.629458863024922E+015
  3.682850562674362E+015
  3.739965409332046E+015
  3.789364590012160E+015
  3.841434089150588E+015
  3.891409225241295E+015
  3.939509307075436E+015
  3.985272153515638E+015
  4.033972804599938E+015
  4.075550172181785E+015
  4.118287399344505E+015
  4.154534819017798E+015
  4.191864660141488E+015
  4.229405482681658E+015
  4.261777161316432E+015
  4.294337117718372E+015
  4.323403092336367E+015
  4.350941943135304E+015
  4.376054249453660E+015
  4.397442616869774E+015
  4.421126548851278E+015
  4.439368690757826E+015
  4.456387194835020E+015
  4.464951595707044E+015
  4.477143338261643E+015
  4.486741409547354E+015
  4.488737688370245E+015
  4.493673607143391E+015
  4.492239426240330E+015
  4.489426923994016E+015
  4.484951062276667E+015
  4.475513809149274E+015
  4.465160993940180E+015
  4.450539340355888E+015
  4.432678438722842E+015
  4.412571998825142E+015
  4.388442989931878E+015
  4.365464681628808E+015
  4.334843333571522E+015
  4.306127473362362E+015
  4.264976022648026E+015
  4.234136883126358E+015
  4.196195131380288E+015
  4.153720270408306E+015
  4.113065470168774E+015
  4.061169503279590E+015
  4.014819490639494E+015
  3.965086398754567E+015
  3.909852880319810E+015
  3.855411189586548E+015
  3.795294540300994E+015
  3.736231172243323E+015
  3.674533472737967E+015
  3.611856154065089E+015
  3.547261647150667E+015
  3.481174546928331E+015
  3.410409358694371E+015
  3.340734753254278E+015
  3.267666836998836E+015
  3.196286405557389E+015
  3.123628042243286E+015
  3.047741920567858E+015
  2.972522955495772E+015
  2.896912210204382E+015
  2.820614172664558E+015
  2.743001322088177E+015
  2.667771514627776E+015
  2.588108068292322E+015
  2.510680313729254E+015
  2.434108021010070E+015
  2.354530811907900E+015
  2.278025376077159E+015
  2.200607355349105E+015
  2.125349329951809E+015
  2.047891130219473E+015
  1.972810969342789E+015
  1.899252320311807E+015
  1.825735219548916E+015
  1.754357811137548E+015
  1.682974699879655E+015
  1.612310438281190E+015
  1.543137042581442E+015
  1.474994218131212E+015
  1.409399572546932E+015
  1.344697277872991E+015
  1.281038645917517E+015
  1.219847709060800E+015
  1.158897132056474E+015
  1.101200112326089E+015
  1.044431267459382E+015
   989323105231269.     
   935978112027719.     
   884968798905008.     
   835175509496521.     
   787408517327487.     
   741323297215415.     
   696749436550707.     
   654203397525500.     
   613909753010446.     
   575317097703948.     
   537787242388461.     
   502175065036205.     
   468499438380925.     
   436579674010330.     
   405683237186105.     
   376841930677860.     
   349530964070812.     
   323828970545196.     
   299589081177198.     
   276563346647574.     
   255043052736200.     
   234791727304751.     
   215811266388503.     
   197938223283350.     
   181528552775022.     
   165956619376317.     
   151630871733703.     
   138326879294249.     
   125912882271737.     
   114445728270613.     
   103909258102559.     
   94073931043338.7     
   85055139823784.4     
   76799022220622.1     
   69193536351108.7     
   62304819778387.5     
   55900373143944.6     
   50125376200365.1     
   44814531718292.9     
   40052566555035.5     
   35713609352391.9     
   31747429719570.6     
   28210442321627.9     
   24994811765821.7     
   22124555279313.2     
   19524096274757.7     
   17199994921491.6     
   15123800878008.7     
   13264878049801.5     
   11612916637039.2     
   10150837869153.7     
   8853323748596.50     
   7703069907059.63     
   6688119685409.27     
   5793690461977.34     
   5008458272174.84     
   4321608824403.82     
   3719221650503.89     
   3192912189666.88     
   2734366850725.96     
   2336782747507.20     
   1991737301931.62     
   1694405310581.86     
   1438250487359.75     
   1217287568935.01     
   1028197978274.48     
   866401503744.435     
   727866078822.786     
   609653814982.800     
   509577084399.356     
   424927494306.684     
   353394430726.903     
   293079106823.778     
   242309534629.402     
   199889799273.324     
   164505764628.045     
   134991389784.193     
   110372683382.823     
   90037885629.6271     
   73228972184.9426     
   59429256169.5707     
   48068708151.7598     
   38744214422.8333     
   31124225004.6972     
   24957924309.5769     
   19942877576.8909     
   15888359591.1352     
   12610690621.6657     
   9983302806.10395     
   7880649965.30711     
   6195829570.26056     
   4856687991.01269     
   3793966241.81911     
   2954555641.82088     
   2294772545.74562     
   1773920319.93997     
   1367837388.76358     
   1050806608.12102     
   804884316.892856     
   613685972.094543     
   466356745.239229     
   353064101.415742     
   266332280.227717     
   200187685.852710     
   149979780.031930     
   111813738.308324     
   83131368.2217550     
   61521290.0403159     
   45381795.1517181     
   33343143.8722886     
   24377460.5228196     
   17761415.3538051     
   12894395.3047436     
   9312038.78319711     
   6704776.47832195     
   4803372.28644211     
   3428765.20955515     
   2436016.13254491     
   1721265.46521985     
   1213198.39300525     
   849797.124353917     
   593100.306011225     
   412120.588803546     
   285168.320593757     
   196325.707348537     
   134447.328507228     
   91719.3055258011     
   62170.3002649121     
   42012.6401730856     
   28229.8046926268     
   18867.7131837287     
   12556.4359428569     
   8315.99341689404     
   5474.09384085750     
   3586.65713361379     
   2337.01655265230     
   1514.43748102015     
   976.082451226764     
   626.302126431455     
   399.127130786665     
   253.529599457659     
   159.730796841378     
   100.194799552208     
   62.5154083167576     
   38.7648514331638     
   23.8794163333033     
   14.6404166132231     
   8.91528354576769     
   5.39560309282295     
   3.24769042032269     
