   36208.7701727678     
   39024.0804644110     
   43256.5290292443     
   47979.5625208772     
   53251.5702293882     
   57762.7444546015     
   64219.0088730721     
   69880.8925556816     
   77806.9545944395     
   84902.4445903922     
   94655.5908477203     
   103541.137407647     
   113428.585226763     
   126693.281663461     
   139072.550496958     
   152849.584826645     
   168184.682642512     
   185257.468666176     
   204269.214294797     
   225445.448795329     
   249038.897086690     
   271508.717700246     
   300527.733011832     
   328568.216135194     
   364325.176336318     
   399302.861701624     
   443442.168138706     
   487076.327051120     
   535640.942603967     
   589702.985524214     
   649897.762899033     
   716937.142370747     
   791618.806694342     
   866583.488261242     
   958715.562379244     
   1052053.51466829     
   1165891.90207952     
   1282138.75879234     
   1411544.55117177     
   1555629.98417947     
   1716099.02220035     
   1881029.93879339     
   2079204.28923397     
   2284354.06880835     
   2512692.40925575     
   2784739.51156807     
   3049933.70250006     
   3365179.13123045     
   3716380.43173215     
   4084538.63843220     
   4494332.35575958     
   4950561.62361241     
   5458604.93751753     
   6024489.02636977     
   6622972.32213817     
   7289165.57018688     
   8030883.03314167     
   8856880.65609289     
   9776969.76396588     
   10757873.8851140     
   11849928.6193049     
   13066008.2206551     
   14366930.6388064     
   15815083.1327869     
   17427471.3855000     
   19223150.4077057     
   21154114.3963846     
   23303931.3604987     
   25697961.5511956     
   28280453.8092086     
   31155665.4059946     
   34357521.4643166     
   37821814.9512573     
   41679020.2173494     
   45858631.3569033     
   50511814.1990231     
   55693411.8448312     
   61323902.6860267     
   67593317.3479501     
   74415485.9554800     
   82011553.3321169     
   90288949.1827162     
   99505323.0651484     
   109562164.360472     
   120539378.707010     
   132760178.331501     
   146368532.989346     
   161257448.289027     
   177552131.150887     
   195695683.048659     
   215577158.886972     
   237369928.636366     
   261635610.459549     
   287871643.437234     
   317080333.742825     
   349605931.200360     
   384875580.998272     
   424145826.037599     
   467335649.208898     
   514271609.944394     
   566527058.605570     
   624057986.132475     
   687418879.009626     
   757224704.796479     
   834157628.181632     
   918974491.213724     
   1012515146.16039     
   1115711739.85554     
   1228561432.20457     
   1353111501.58074     
   1490622493.26424     
   1642494544.88445     
   1808940249.68321     
   1992849500.73133     
   2194595238.13688     
   2417610845.43325     
   2662483776.92407     
   2933300613.43582     
   3230931953.02142     
   3560252066.03143     
   3920253789.98671     
   4318709099.59062     
   4757309315.16660     
   5240265474.96823     
   5772247410.08892     
   6358434587.26622     
   7004572720.19654     
   7717036814.25400     
   8499136026.25284     
   9361983423.43807     
   10314241259.2343     
   11360958133.1606     
   12511897518.9802     
   13783072372.8177     
   15181970221.9175     
   16727862301.0996     
   18424135403.5926     
   20292760072.3633     
   22351956117.3897     
   24621932803.5766     
   27125109558.6032     
   29877660274.1815     
   32905446422.8954     
   36247014571.4400     
   39925543211.6346     
   43976360194.3509     
   48438624367.7238     
   53355745103.6175     
   58775847992.9023     
   64737738502.8493     
   71297676506.2625     
   78534509057.6245     
   86502894151.9729     
   95260674322.4811     
   104929094414.584     
   115563145046.731     
   127262674249.113     
   140162404353.653     
   154337527480.350     
   169973461465.424     
   187166183496.329     
   206075267176.352     
   226910160374.758     
   249836140617.078     
   275029987876.187     
   302760987707.858     
   333245998952.639     
   366762274673.642     
   403614026674.191     
   444134529910.130     
   488633507548.823     
   537440291845.348     
   591027268545.850     
   649850863881.444     
   714265701907.437     
   784851276889.443     
   862161817891.335     
   946623370055.579     
   1038918830271.24     
   1139596855759.53     
   1249404248116.75     
   1368725621798.75     
   1498426629553.76     
   1638977246562.43     
   1791148369302.40     
   1955359874412.14     
   2132217725224.94     
   2322293741544.39     
   2526114719429.86     
   2743885506585.55     
   2976130029879.47     
   3222896722492.04     
   3484418556772.18     
   3760847299090.58     
   4052106536125.92     
   4358029674099.21     
   4678506172876.62     
   5013058328487.12     
   5361557014332.54     
   5723515096036.23     
   6098245150217.87     
   6485415862838.17     
   6884236693781.04     
   7294018903247.48     
   7714168949878.81     
   8143938493934.45     
   8582565829675.70     
   9029283117902.31     
   9483217114218.36     
   9943821977656.65     
   10410235968688.8     
   10881721745011.4     
   11357559081719.3     
   11837047090560.8     
   12319428323334.2     
   12804131082385.9     
   13290450572068.7     
   13777785480921.7     
   14265555379605.6     
   14753143790973.6     
   15240020849135.0     
   15725624880997.8     
   16209468817950.3     
   16691078702126.0     
   17169953516491.3     
   17645614389898.3     
   18117601573523.1     
   18585502015452.0     
   19048878390387.1     
   19507305320171.3     
   19960367021769.4     
   20407655182052.0     
   20848767066849.3     
   21283321944683.2     
   21710885768165.9     
   22131068290271.9     
   22543492576980.2     
   22947738344129.5     
   23343427375769.9     
   23730144070708.5     
   24107497076342.4     
   24475092067162.6     
   24832516862946.8     
   25179369752564.4     
   25515255358988.8     
   25839765040184.7     
   26152493340515.2     
   26453051394803.2     
   26741031979425.6     
   27016041203677.8     
   27277681851188.7     
   27525572288896.2     
   27759326778241.1     
   27978572732412.8     
   28182938651464.4     
   28372069871459.5     
   28545619738145.9     
   28703250572660.3     
   28844641766462.5     
   28969485932738.9     
   29077491994016.5     
   29168385590597.3     
   29241913290505.5     
   29297839419723.0     
   29335952428937.4     
   29356061173246.3     
   29358000466705.4     
   29341631568266.0     
   29306840317396.4     
   29253542090745.0     
   29181681015056.7     
   29091231185402.9     
   28982198383368.1     
   28854619875383.9     
   28708565617977.6     
   28544139426874.6     
   28361478706978.3     
   28160755693859.4     
   27942177332640.4     
   27705985640676.0     
   27452457721648.0     
   27181905827837.3     
   26894677124070.6     
   26591153536355.5     
   26271751006717.1     
   25936919243334.5     
   25587140739082.1     
   25222930106560.1     
   24844832847926.5     
   24453424440683.2     
   24049308889550.4     
   23633117372989.3     
   23205506745313.3     
   22767157770243.7     
   22318773439938.9     
   21861076998957.8     
   21394809992209.5     
   20920730151775.4     
   20439609219248.1     
   19952230679298.3     
   19459387434147.0     
   18961879410949.6     
   18460511138547.1     
   17956089265916.6     
   17449420084011.8     
   16941307016810.4     
   16432548124568.8     
   15923933620932.0     
   15416243413086.1     
   14910244686506.3     
   14406689541281.3     
   13906312694041.7     
   13409829256753.1     
   12917932604284.3     
   12431292344406.0     
   11950552397725.0     
   11476329199471.2     
   11009210032244.8     
   10549751497924.5     
   10098478137086.0     
   9655881202910.90     
   9222417593815.55     
   8798508952106.97     
   8384540930130.32     
   7980862628027.61     
   7587786203656.00     
   7205586655739.84     
   6834501778913.40     
   6474732289015.38     
   6126442115455.73     
   5789758856573.74     
   5464774392684.38     
   5151545650634.12     
   4850095512695.08     
   4560413861615.19     
   4282458753066.80     
   4016157705687.57     
   3761409098505.37     
   3518083664866.78     
   3286026071441.91     
   3065056570733.61     
   2854972714954.60     
   2655551119289.87     
   2466549262206.62     
   2287707310725.77     
   2118749958685.53     
   1959388266134.09     
   1809321488473.52     
   1668238884518.58     
   1535821492638.65     
   1411743865515.20     
   1295675753951.06     
   1187283731499.15     
   1086232751856.43     
   992187632601.479     
   904814458584.466     
   823781900363.341     
   748762443036.163     
   679433522238.903     
   615478564542.849     
   556587931065.189     
   502459762882.031     
   452800729000.067     
   407326676754.349     
   365763187584.316     
   327846038309.427     
   293321573458.103     
   261946989449.658     
   233490536454.021     
   207731641246.742     
   184460956542.386     
   163480340754.406     
   144602775410.627     
   127652223242.711     
   112463434067.253     
   98881704729.5872     
   86762595618.7865     
   75971614123.3447     
   66383864154.3762     
   57883674345.9210     
   50364202881.8807     
   43727027746.8213     
   37881728310.1894     
   32745455296.3871     
   28242503593.7662     
   24303881157.1563     
   20866884540.6433     
   17874680054.9726     
   15275894571.0256     
   13024217785.2064     
   11078017855.1322     
   9399971950.52061     
   7956712961.20889     
   6718493318.32974     
   5658866617.73411     
   4754387488.20002     
   3984329922.01467     
   3330424082.68730     
   2776611424.19696     
   2308817798.19961     
   1914744089.58866     
   1583673806.10867     
   1306296953.36654     
   1074549451.52479     
   881467292.845382     
   721054598.740736     
   588164709.536429     
   478393428.246820     
   387983539.737068     
   313739737.137498     
   252953106.776060     
   203334349.732966     
   162954951.016603     
   130195545.009342     
   103700767.039930     
   82339924.6175183     
   65172867.0334723     
   51420477.8425852     
   40439260.4273152     
   31699531.7948883     
   24766783.4290936     
   19285809.9920763     
   14967246.6133211     
   11576193.1679536     
   8922639.16469975     
   6853435.53475927     
   5245589.69420468     
   4000687.75292274     
   3040272.71285666     
   2302030.02165138     
   1736652.03555271     
   1305270.92831259     
   977365.505429444     
   729061.398536074     
   541756.380418814     
   401013.214629642     
   295671.689708243     
   217139.436147526     
   158827.926659514     
   115705.850674381     
   83946.9564331105     
   60653.5825224005     
   43640.5589688208     
   31267.0395338171     
   22306.2151543455     
   15844.8275567135     
   11206.0169842123     
   7890.35546376078     
   5530.98622099674     
   3859.65296757664     
   2681.09587318476     
   1853.84465235263     
   1275.87906697836     
   873.974783864974     
   595.825807732633     
   404.248389142317     
   272.937485084883     
   183.375389428954     
   122.591036815242     
   81.5441428740159     
   53.9659142195493     
   35.5316266694584     
   23.2731539205433     
   15.1640618578079     
   9.82813917652254     
   6.33574250047905     
   4.06227166770598     
   2.59035996039144     
   1.64265057828779     
   1.03585296111259     
  0.649520004296754     
  0.404950383930241     
  0.251014634460678     
  0.154688134224321     
  9.476504820952417E-002
  5.770916640721906E-002
  3.493162105810547E-002
  2.101559071243919E-002
  1.256564181741985E-002
  7.466532223618280E-003
  4.408745941341516E-003
  2.586684228559504E-003
  1.507905073942222E-003
  8.733263103038470E-004
  5.024818995797529E-004
  2.871935545986493E-004
  1.630452168911004E-004
  9.193670296977901E-005
  5.148554517127267E-005
  2.863287323446274E-005
  1.581230258621865E-005
  8.670474564573035E-006
  4.720356785369340E-006
  2.551274964245588E-006
  1.368850782837527E-006
  7.290157273785643E-007
  3.853583825255783E-007
  2.021643843546371E-007
  1.052496911176637E-007
  5.437226120269218E-008
  2.787006557000075E-008
