   36208.7701727678     
   39024.0804644110     
   43256.5290292443     
   47979.5625208772     
   53251.5702293882     
   57762.7444546015     
   64219.0088730721     
   69880.8925556816     
   77806.9545944395     
   84902.4445903922     
   94655.5908477203     
   103541.137407647     
   113428.585226763     
   126693.281663461     
   139072.550496958     
   152849.584826645     
   168184.682642512     
   185257.468666176     
   204269.214294797     
   225445.448795329     
   249038.897086690     
   271508.717700246     
   300527.733011832     
   328568.216135194     
   364325.176336318     
   399302.861701624     
   443442.168138706     
   487076.327051120     
   535640.942603967     
   589702.985524214     
   649897.762899033     
   716937.142370747     
   791618.806694342     
   866583.488261242     
   958715.562379244     
   1052053.51466829     
   1165891.90207952     
   1282138.75879234     
   1411544.55117177     
   1555629.98417947     
   1716099.02220035     
   1881029.93879339     
   2079204.28923397     
   2284354.06880835     
   2512692.40925575     
   2784739.51156807     
   3049933.70250006     
   3365179.13123045     
   3716380.43173215     
   4084538.63843220     
   4494332.35575958     
   4950561.62361241     
   5458604.93751753     
   6024489.02636977     
   6622972.32213817     
   7289165.57018688     
   8030883.03314167     
   8856880.65609289     
   9776969.76396588     
   10757873.8851140     
   11849928.6193049     
   13066008.2206551     
   14366930.6388064     
   15815083.1327869     
   17427471.3855000     
   19223150.4077057     
   21154114.3963846     
   23303931.3604987     
   25697961.5511956     
   28280453.8092086     
   31155665.4059946     
   34357521.4643166     
   37821814.9512573     
   41679020.2173496     
   45858631.3569039     
   50511814.1990253     
   55693411.8448389     
   61323902.6860510     
   67593317.3480241     
   74415485.9556883     
   82011553.3326858     
   90288949.1841725     
   99505323.0687740     
   109562164.369006     
   120539378.726118     
   132760178.373355     
   146368533.078939     
   161257448.472697     
   177552131.512993     
   195695683.749221     
   215577160.195880     
   237369931.005312     
   261635614.678597     
   287871650.650858     
   317080345.910964     
   349605951.435163     
   384875613.531584     
   424145877.703660     
   467335729.556798     
   514271731.571054     
   566527240.831343     
   624058254.495054     
   687419267.887861     
   757225259.796740     
   834158408.974215     
   918975574.863728     
   1012516631.00058     
   1115713749.95734     
   1228564112.86002     
   1353115040.25951     
   1490627120.05050     
   1642500540.34211     
   1808947933.89622     
   1992859277.81901     
   2194607567.58159     
   2417626306.18510     
   2662503030.49567     
   2933324496.80567     
   3230961435.05058     
   3560288384.22979     
   3920298332.17119     
   4318763727.99114     
   4757376271.49772     
   5240347571.56464     
   5772348199.32084     
   6358558582.18336     
   7004725680.79385     
   7717226117.53171     
   8499370827.48405     
   9362275756.20489     
   10314606595.6628     
   11361415785.7649     
   12512472079.4671     
   13783796017.4303     
   15182883137.3946     
   16729016906.8885     
   18425595521.5458     
   20294608075.4899     
   22354296470.4092     
   24624897928.2361     
   27128867262.9085     
   29882418598.1451     
   32911467109.5070     
   36254633706.8134     
   39935178047.6206     
   43988535950.8828     
   48454002318.0768     
   53375158071.8207     
   58800345253.1066     
   64768620498.1902     
   71336574699.4833     
   78583503719.7117     
   86564570664.3666     
   95338234177.7242     
   105026662186.942     
   115685791338.656     
   127416758664.044     
   140356012761.172     
   154580604202.009     
   170278768182.083     
   187549465096.614     
   206556286701.692     
   227514018631.382     
   250594174775.030     
   275981248246.166     
   303955018436.243     
   334744696391.508     
   368643562353.804     
   405976103986.914     
   447101274172.141     
   492360061683.661     
   542120702724.477     
   596907703398.062     
   657242152980.162     
   723554939324.462     
   796528935559.451     
   876846288436.931     
   965083859612.131     
   1062125932917.72     
   1168760434840.45     
   1286044265100.97     
   1414705471224.47     
   1556075773836.53     
   1711140644890.58     
   1881327971802.42     
   2067780798809.61     
   2271983176115.61     
   2495525494243.11     
   2740103326499.57     
   3007163967942.66     
   3298727900055.18     
   3616355393711.43     
   3962007454703.68     
   4337698429401.87     
   4745254980165.07     
   5186478297653.78     
   5663361016720.44     
   6177360584471.40     
   6730573715400.23     
   7324510162470.46     
   7960260436965.84     
   8639554908228.71     
   9363137110677.94     
   10131815457628.7     
   10946479844886.2     
   11807521069731.7     
   12715106154404.2     
   13669180031641.9     
   14669176006086.5     
   15715206044143.4     
   16806298708354.2     
   17941595825160.7     
   19120072655838.7     
   20340554865933.8     
   21601464854554.3     
   22901667267014.6     
   24239390261593.2     
   25613063613534.7     
   27021056899465.0     
   28461461676937.2     
   29932596509879.7     
   31432546756238.1     
   32959631003319.7     
   34512168032301.0     
   36088297400327.5     
   37686208593453.7     
   39304144560535.7     
   40940562009050.6     
   42593787395396.5     
   44262202111348.6     
   45944240210326.1     
   47638385165139.5     
   49343165877702.5     
   51057261477465.7     
   52779051847932.6     
   54507195169139.8     
   56240461968093.6     
   57977368760236.5     
   59716724217451.6     
   61457107969588.9     
   63197276846410.8     
   64935983151232.6     
   66671858353686.7     
   68403608552728.6     
   70129985257182.1     
   71849629188966.1     
   73561184401982.9     
   75263402758276.1     
   76954853932558.1     
   78634170864197.3     
   80299902579340.6     
   81950667035498.9     
   83584969504740.2     
   85201343427456.5     
   86798228844894.6     
   88374107168964.3     
   89927407784561.8     
   91456502091399.2     
   92959771548431.1     
   94435557116530.8     
   95882177629120.5     
   97297920784775.3     
   98681076534217.2     
   100029888729205.     
   101342614473392.     
   102617468321664.     
   103852675245881.     
   105046466429689.     
   106197043738562.     
   107302631478959.     
   108361456986219.     
   109371757221764.     
   110331794308258.     
   111239845566063.     
   112094214293525.     
   112893242599473.     
   113635304101228.     
   114318821472289.     
   114942264925452.     
   115504160114631.     
   116003092478577.     
   116437714650850.     
   116806751038578.     
   117109006462438.     
   117343366151558.     
   117508807710147.     
   117604401621453.     
   117629320661437.     
   117582840357210.     
   117464348869235.     
   117273348098212.     
   117009459420986.     
   116672428989631.     
   116262129150226.     
   115778564519672.     
   115221873101337.     
   114592330276303.     
   113890350704925.     
   113116490399933.     
   112271448033003.     
   111356066025330.     
   110371330836264.     
   109318373249541.     
   108198467346158.     
   107013029819841.     
   105763618047228.     
   104451927950826.     
   103079791284172.     
   101649172176666.     
   100162163288847.     
   98620981365798.0     
   97027962260353.1     
   95385555395434.8     
   93696317679476.7     
   91962907013356.3     
   90188075251320.8     
   88374660725850.1     
   86525580351511.4     
   84643821313091.3     
   82732432406604.1     
   80794515083078.6     
   78833214127846.2     
   76851708181228.5     
   74853199992128.2     
   72840906553754.8     
   70818049098718.0     
   68787843058885.8     
   66753487994793.1     
   64718157570172.4     
   62684989611793.2     
   60657076312807.1     
   58637454621598.1     
   56629096872635.7     
   54634901706442.1     
   52657685325186.7     
   50700173132529.5     
   48764991798467.1     
   46854661793673.0     
   44971590431376.7     
   43118065451091.3     
   41296249179610.2     
   39508173296075.1     
   37755734227046.1     
   36040689193166.4     
   34364652923885.2     
   32729095052695.5     
   31135338201640.8     
   29584556758270.5     
   28077776343871.1     
   26615873967946.9     
   25199578858511.4     
   23829473953661.4     
   22505998035734.3     
   21229448484981.2     
   19999984625912.3     
   18817631635515.8     
   17682284979552.6     
   16593715339283.5     
   15551573989269.0     
   14555398583191.0     
   13604619303585.8     
   12698565328819.2     
   11836471570894.6     
   11017485634259.1     
   10240674948074.9     
   9505034022901.46     
   8809491782927.20     
   8152918926751.06     
   7534135269834.13     
   6951917024300.65     
   6405003972093.20     
   5892106492237.00     
   5411912402427.94     
   4963093580154.87     
   4544312331399.19     
   4154227476163.74     
   3791500126500.01     
   3454799132921.01     
   3142806182372.05     
   2854220528715.90     
   2587763348249.10     
   2342181710162.99     
   2116252152426.27     
   1908783873290.87     
   1718621525249.80     
   1544647627719.07     
   1385784602290.05     
   1240996436678.30     
   1109289998536.19     
   989716006187.009     
   881369674625.401     
   783391059127.381     
   694965113232.046     
   615321478588.578     
   543734031634.441     
   479520216934.535     
   422040165919.029     
   370695657527.830     
   324928910484.474     
   284221243419.974     
   248091634659.781     
   216095187124.056     
   187821505746.692     
   162893049272.200     
   140963427675.702     
   121715686636.228     
   104860587723.543     
   90134897582.5837     
   77299698716.7343     
   66138732625.7476     
   56456784740.1952     
   48078119258.3703     
   40844970696.3095     
   34616097719.2351     
   29265403643.7720     
   24680626893.5716     
   20762103663.1578     
   17421604101.2186     
   14581242468.6032     
   12172460959.6242     
   10135086198.5861     
   8416456835.48419     
   6970620163.61791     
   5757595264.08215     
   4742699843.70567     
   3895937669.20331     
   3191443305.60565     
   2606980735.74981     
   2123492363.56564     
   1724694880.91181     
   1396718499.51670     
   1127786110.04365     
   907929023.425048     
   728736069.692249     
   583132971.208031     
   465189065.460649     
   369948622.848299     
   293284183.028514     
   231769515.755294     
   182569995.467850     
   143348360.467171     
   112184005.001896     
   87504124.0785508     
   68025194.8037329     
   52703433.4016856     
   40693012.9045779     
   31310962.3483344     
   24007793.8406108     
   18343019.0379943     
   13964821.4971297     
   10593246.3220866     
   8006353.91159381     
   6028860.90058949     
   4522859.14425459     
   3380263.40717170     
   2516690.91847730     
   1866521.76749278     
   1378928.86940580     
   1014700.53689467     
   743708.135381863     
   542896.429385914     
   394695.561084290     
   285771.616226134     
   206047.862507868     
   147941.385832890     
   105770.354425462     
   75295.8244245097     
   53369.1412238707     
   37661.8317659318     
   26459.6356874234     
   18506.1700750962     
   12884.8198643589     
   8929.92651121634     
   6160.32376423237     
   4229.83537484842     
   2890.58394841035     
   1965.92789557781     
   1330.59811037198     
   896.191328491291     
   600.628649415792     
   400.534128324656     
   265.752672918215     
   175.427061109445     
   115.205260672642     
   75.2628216314509     
   48.9098765839571     
   31.6151816947619     
   20.3260379758924     
   12.9969766671188     
   8.26492370882111     
   5.22656472265394     
   3.28661309880161     
   2.05498712354088     
   1.27753005383736     
  0.789600798495341     
  0.485166837066992     
  0.296342581778969     
  0.179923747002577     
  0.108579074804666     
  6.512360809224954E-002
  3.881830567759157E-002
