  6.650020428157449E-025
  6.650020322904630E-025
  6.650020216677931E-025
  6.650020109468321E-025
  6.650020001266714E-025
  6.650019892063933E-025
  6.650019781850706E-025
  6.650019670617690E-025
  6.650019558355445E-025
  6.650019445054454E-025
  6.650019330705098E-025
  6.650019215297686E-025
  6.650019098822421E-025
  6.650018981269423E-025
  6.650018862628722E-025
  6.650018742890244E-025
  6.650018622043849E-025
  6.650018500079272E-025
  6.650018376986171E-025
  6.650018252754106E-025
  6.650018127372534E-025
  6.650018000830822E-025
  6.650017873118236E-025
  6.650017744223927E-025
  6.650017614136987E-025
  6.650017482846361E-025
  6.650017350340918E-025
  6.650017216609428E-025
  6.650017081640517E-025
  6.650016945422769E-025
  6.650016807944604E-025
  6.650016669194383E-025
  6.650016529160311E-025
  6.650016387830515E-025
  6.650016245193021E-025
  6.650016101235715E-025
  6.650015955946383E-025
  6.650015809312713E-025
  6.650015661322257E-025
  6.650015511962460E-025
  6.650015361220660E-025
  6.650015209084059E-025
  6.650015055539755E-025
  6.650014900574712E-025
  6.650014744175811E-025
  6.650014586329766E-025
  6.650014427023188E-025
  6.650014266242564E-025
  6.650014103974252E-025
  6.650013940204496E-025
  6.650013774919386E-025
  6.650013608104925E-025
  6.650013439746944E-025
  6.650013269831163E-025
  6.650013098343179E-025
  6.650012925268424E-025
  6.650012750592229E-025
  6.650012574299783E-025
  6.650012396376119E-025
  6.650012216806149E-025
  6.650012035574638E-025
  6.650011852666215E-025
  6.650011668065361E-025
  6.650011481756412E-025
  6.650011293723568E-025
  6.650011103950884E-025
  6.650010912422243E-025
  6.650010719121416E-025
  6.650010524031998E-025
  6.650010327137439E-025
  6.650010128421045E-025
  6.650009927865943E-025
  6.650009725455129E-025
  6.650009521171428E-025
  6.650009314997519E-025
  6.650009106915904E-025
  6.650008896908923E-025
  6.650008684958792E-025
  6.650008471047499E-025
  6.650008255156909E-025
  6.650008037268709E-025
  6.650007817364417E-025
  6.650007595425370E-025
  6.650007371432747E-025
  6.650007145367551E-025
  6.650006917210595E-025
  6.650006686942526E-025
  6.650006454543820E-025
  6.650006219994755E-025
  6.650005983275425E-025
  6.650005744365766E-025
  6.650005503245496E-025
  6.650005259894183E-025
  6.650005014291151E-025
  6.650004766415593E-025
  6.650004516246466E-025
  6.650004263762557E-025
  6.650004008942440E-025
  6.650003751764497E-025
  6.650003492206922E-025
  6.650003230247690E-025
  6.650002965864576E-025
  6.650002699035155E-025
  6.650002429736797E-025
  6.650002157946643E-025
  6.650001883641653E-025
  6.650001606798550E-025
  6.650001327393842E-025
  6.650001045403840E-025
  6.650000760804624E-025
  6.650000473572029E-025
  6.650000183681705E-025
  6.649999891109067E-025
  6.649999595829291E-025
  6.649999297817319E-025
  6.649998997047871E-025
  6.649998693495447E-025
  6.649998387134279E-025
  6.649998077938391E-025
  6.649997765881550E-025
  6.649997450937274E-025
  6.649997133078867E-025
  6.649996812279348E-025
  6.649996488511503E-025
  6.649996161747870E-025
  6.649995831960735E-025
  6.649995499122114E-025
  6.649995163203782E-025
  6.649994824177226E-025
  6.649994482013706E-025
  6.649994136684179E-025
  6.649993788159362E-025
  6.649993436409678E-025
  6.649993081405301E-025
  6.649992723116104E-025
  6.649992361511699E-025
  6.649991996561414E-025
  6.649991628234280E-025
  6.649991256499061E-025
  6.649990881324215E-025
  6.649990502677915E-025
  6.649990120528048E-025
  6.649989734842197E-025
  6.649989345587631E-025
  6.649988952731343E-025
  6.649988556239998E-025
  6.649988156079965E-025
  6.649987752217294E-025
  6.649987344617732E-025
  6.649986933246696E-025
  6.649986518069290E-025
  6.649986099050293E-025
  6.649985676154166E-025
  6.649985249345022E-025
  6.649984818586665E-025
  6.649984383842552E-025
  6.649983945075800E-025
  6.649983502249192E-025
  6.649983055325148E-025
  6.649982604265773E-025
  6.649982149032805E-025
  6.649981689587612E-025
  6.649981225891229E-025
  6.649980757904309E-025
  6.649980285587163E-025
  6.649979808899717E-025
  6.649979327801542E-025
  6.649978842251814E-025
  6.649978352209360E-025
  6.649977857632581E-025
  6.649977358479565E-025
  6.649976854707932E-025
  6.649976346274945E-025
  6.649975833137525E-025
  6.649975315252026E-025
  6.649974792574712E-025
  6.649974265060973E-025
  6.649973732666336E-025
  6.649973195345504E-025
  6.649972653052709E-025
  6.649972105742348E-025
  6.649971553367918E-025
  6.649970995881870E-025
  6.649970433237993E-025
  6.649969865387610E-025
  6.649969292283522E-025
  6.649968713875899E-025
  6.649968130117166E-025
  6.649967540956305E-025
  6.649966946344804E-025
  6.649966346231952E-025
  6.649965740563726E-025
  6.649965129293166E-025
  6.649964512367731E-025
  6.649963889732355E-025
  6.649963261332659E-025
  6.649962627122161E-025
  6.649961987044566E-025
  6.649961341043538E-025
  6.649960689063406E-025
  6.649960031054065E-025
  6.649959366950771E-025
  6.649958696711451E-025
  6.649958020251076E-025
  6.649957337550623E-025
  6.649956648524348E-025
  6.649955953130803E-025
  6.649955251284021E-025
  6.649954542975205E-025
  6.649953828094209E-025
  6.649953106573585E-025
  6.649952378418945E-025
  6.649951643508722E-025
  6.649950901833537E-025
  6.649950153176483E-025
  6.649949397726095E-025
  6.649948635248847E-025
  6.649947865713112E-025
  6.649947089009908E-025
  6.649946305282325E-025
  6.649945514062536E-025
  6.649944715555548E-025
  6.649943909803706E-025
  6.649943096572639E-025
  6.649942275720153E-025
  6.649941447449451E-025
  6.649940611150499E-025
  6.649939767526463E-025
  6.649938916245285E-025
  6.649938056296621E-025
  6.649937189746960E-025
  6.649936313654335E-025
  6.649935430401236E-025
  6.649934538692161E-025
  6.649933638969738E-025
  6.649932729879274E-025
  6.649931814145061E-025
  6.649930888978259E-025
  6.649929954364102E-025
  6.649929011727111E-025
  6.649928062045854E-025
  6.649927099716338E-025
  6.649926130165912E-025
  6.649925150758665E-025
  6.649924168105645E-025
  6.649923169823904E-025
  6.649922165419429E-025
  6.649921151722197E-025
  6.649920122900469E-025
  6.649919091010159E-025
  6.649918049805898E-025
  6.649917002679932E-025
  6.649915935832624E-025
  6.649914865234129E-025
  6.649913787704971E-025
  6.649912696460639E-025
  6.649911587582425E-025
  6.649910471206908E-025
  6.649909353653806E-025
  6.649908224664705E-025
  6.649907083826990E-025
  6.649905903812648E-025
  6.649904756573991E-025
  6.649903574150324E-025
  6.649902391819910E-025
  6.649901213644241E-025
  6.649899992063673E-025
  6.649898768379732E-025
  6.649897546141653E-025
  6.649896289233525E-025
  6.649895071123687E-025
  6.649893753152500E-025
  6.649892500283904E-025
  6.649891155374181E-025
  6.649889883009847E-025
  6.649888532306154E-025
  6.649887306459699E-025
  6.649885908080822E-025
  6.649884622846464E-025
  6.649883174820243E-025
  6.649881828560530E-025
  6.649880408078241E-025
  6.649879034684893E-025
  6.649877630651310E-025
  6.649876216994216E-025
  6.649874725418554E-025
  6.649873284587252E-025
  6.649871809890464E-025
  6.649870328961262E-025
  6.649868884315349E-025
  6.649867439245771E-025
  6.649865830515531E-025
  6.649864330927634E-025
  6.649862816557711E-025
  6.649861255103247E-025
  6.649859563311746E-025
  6.649858129361297E-025
  6.649856736056237E-025
  6.649854954992070E-025
  6.649853187571264E-025
  6.649851929814356E-025
  6.649850256154957E-025
  6.649847810755281E-025
  6.649846443333382E-025
  6.649844492773806E-025
  6.649843224218466E-025
  6.649841384914166E-025
  6.649839305166945E-025
  6.649837824075751E-025
  6.649835691971806E-025
  6.649833862760689E-025
  6.649831334358180E-025
  6.649830377490763E-025
  6.649828857184040E-025
  6.649826814804785E-025
  6.649824869869583E-025
  6.649822831833792E-025
  6.649821131440472E-025
  6.649818928967168E-025
  6.649817335424189E-025
  6.649814702568391E-025
  6.649812859266186E-025
  6.649810612951212E-025
  6.649808601107369E-025
  6.649808064573958E-025
  6.649803911737502E-025
  6.649801882381251E-025
  6.649799927979852E-025
  6.649797101636895E-025
  6.649796652170666E-025
  6.649795308195085E-025
  6.649789706592726E-025
  6.649789295914949E-025
  6.649788490523337E-025
  6.649786559246748E-025
  6.649784006120236E-025
  6.649781097847902E-025
  6.649778892737826E-025
  6.649776100137543E-025
  6.649774938679270E-025
  6.649772261168176E-025
  6.649768463158220E-025
  6.649765602844724E-025
  6.649764435735747E-025
  6.649760389940678E-025
  6.649756370378874E-025
  6.649755481969092E-025
  6.649755599397643E-025
  6.649749691762893E-025
  6.649747998812513E-025
  6.649746343154958E-025
  6.649746794652495E-025
  6.649744002446408E-025
  6.649739303703484E-025
  6.649736150216670E-025
  6.649734807316155E-025
  6.649729819654603E-025
  6.649725229432835E-025
  6.649723960900661E-025
  6.649719102860405E-025
  6.649715199010982E-025
  6.649717749661566E-025
  6.649707506206518E-025
  6.649708422722283E-025
  6.649709240370933E-025
  6.649704117107779E-025
  6.649705142593336E-025
  6.649695695357715E-025
  6.649692915480027E-025
  6.649689908782572E-025
  6.649693633592743E-025
  6.649688728981975E-025
  6.649681694846207E-025
  6.649677775306140E-025
  6.649676522363614E-025
  6.649677151137132E-025
  6.649669857977259E-025
  6.649662448874293E-025
  6.649663867233600E-025
  6.649658142969261E-025
  6.649656960650128E-025
  6.649654511802287E-025
  6.649649071166594E-025
  6.649639019481879E-025
  6.649650287600028E-025
  6.649638300777027E-025
  6.649631113460402E-025
  6.649633650341110E-025
  6.649625266419371E-025
  6.649620915490114E-025
  6.649618332549444E-025
  6.649619667005220E-025
  6.649614817935331E-025
  6.649613382773689E-025
  6.649607290187685E-025
  6.649600682054244E-025
  6.649591115133565E-025
  6.649597674729108E-025
  6.649597838352599E-025
  6.649588929101722E-025
  6.649571124851663E-025
  6.649579284833677E-025
  6.649566233061911E-025
  6.649550937320293E-025
  6.649561492671722E-025
  6.649556109994213E-025
  6.649565777705228E-025
  6.649540589348859E-025
  6.649541456366702E-025
  6.649542083600717E-025
  6.649540694994921E-025
  6.649532201153357E-025
  6.649534017875263E-025
  6.649524915078927E-025
  6.649517291721488E-025
  6.649517809331687E-025
  6.649505715349394E-025
  6.649498961387256E-025
  6.649497887077468E-025
  6.649489568137610E-025
  6.649486371795335E-025
  6.649492044677155E-025
  6.649477955133153E-025
  6.649481492968125E-025
  6.649460671741987E-025
  6.649472648860566E-025
  6.649468419132408E-025
  6.649450799247009E-025
  6.649438895904773E-025
  6.649451360393244E-025
  6.649436862127178E-025
  6.649438519128229E-025
  6.649421650062902E-025
  6.649417679024801E-025
  6.649410543036105E-025
  6.649393151510042E-025
  6.649405876328194E-025
  6.649390550303906E-025
  6.649387736662265E-025
  6.649372453737068E-025
  6.649377693351474E-025
  6.649367614095072E-025
  6.649351400097452E-025
  6.649366790487734E-025
  6.649367211197764E-025
  6.649348922037095E-025
  6.649340533618111E-025
  6.649331713065367E-025
  6.649311571353377E-025
  6.649330170845121E-025
  6.649311300111085E-025
  6.649295768422758E-025
  6.649299087116871E-025
  6.649290799579311E-025
  6.649283128384094E-025
  6.649280674535051E-025
  6.649275910756074E-025
  6.649266161641186E-025
  6.649253621261641E-025
  6.649240363619156E-025
  6.649246368377710E-025
  6.649230035761050E-025
  6.649238703816725E-025
  6.649226001759338E-025
  6.649222252749888E-025
  6.649208083663725E-025
  6.649202508865248E-025
  6.649181991274470E-025
  6.649166188308128E-025
  6.649177800455869E-025
  6.649181305422434E-025
  6.649164938534332E-025
  6.649158122129085E-025
  6.649140632453523E-025
  6.649139430091591E-025
  6.649133331740191E-025
  6.649118825439796E-025
  6.649113941533262E-025
  6.649111087166110E-025
  6.649097817385317E-025
  6.649087710829159E-025
  6.649083446199912E-025
  6.649064955819408E-025
  6.649055539414814E-025
  6.649045091970322E-025
  6.649048254355204E-025
  6.649034737185649E-025
  6.649024925374336E-025
  6.649015293521411E-025
  6.649019486433908E-025
  6.648992593679411E-025
  6.648985777506172E-025
  6.648976062504282E-025
  6.648978859044602E-025
  6.648955396223060E-025
  6.648939755518522E-025
  6.648930378646249E-025
  6.648940666260714E-025
  6.648919517082991E-025
  6.648908414359566E-025
  6.648904522589269E-025
  6.648891175279950E-025
  6.648875481245842E-025
  6.648856048721737E-025
  6.648854498286571E-025
  6.648843726672642E-025
  6.648834816140326E-025
  6.648814099000504E-025
  6.648803256496380E-025
  6.648791130512131E-025
  6.648794872924829E-025
  6.648772494970080E-025
  6.648764886202540E-025
  6.648744859575914E-025
  6.648736943764867E-025
  6.648724006273527E-025
  6.648717003133994E-025
  6.648703984363802E-025
  6.648693670610534E-025
  6.648681281303791E-025
  6.648665873764443E-025
  6.648656123478723E-025
  6.648632623349773E-025
  6.648627029063438E-025
  6.648610954323335E-025
  6.648616427431613E-025
  6.648598156937333E-025
  6.648577181590079E-025
  6.648566079963214E-025
  6.648549103411962E-025
  6.648535011959449E-025
  6.648523778218956E-025
  6.648502257210291E-025
  6.648486479018509E-025
  6.648484394977246E-025
  6.648474918882189E-025
  6.648448166896450E-025
  6.648436927906478E-025
  6.648422769588902E-025
  6.648407885760915E-025
  6.648383656645119E-025
  6.648378921146371E-025
  6.648362810664334E-025
  6.648333638612753E-025
  6.648332318705130E-025
  6.648306875125310E-025
  6.648303563339218E-025
  6.648280714197273E-025
  6.648268006539995E-025
  6.648248258829457E-025
  6.648226181765662E-025
  6.648207912196904E-025
  6.648204122012340E-025
  6.648183695372802E-025
  6.648160964931036E-025
  6.648143083800307E-025
  6.648129579541217E-025
  6.648111451119225E-025
  6.648089376620043E-025
  6.648073239708522E-025
  6.648052878184416E-025
  6.648040513226522E-025
  6.648018150010660E-025
  6.648011431495377E-025
  6.647975805544775E-025
  6.647966536290045E-025
  6.647943949813022E-025
  6.647923110705812E-025
  6.647896602698412E-025
  6.647887954091337E-025
  6.647860114174774E-025
  6.647846799721507E-025
  6.647825871727842E-025
  6.647801021409277E-025
  6.647782347169987E-025
  6.647764413568420E-025
  6.647738306529234E-025
  6.647716661795195E-025
  6.647704094635966E-025
  6.647685810629503E-025
  6.647661982579673E-025
  6.647634589718811E-025
  6.647609788882466E-025
  6.647586122929551E-025
  6.647568198406978E-025
  6.647538751485316E-025
  6.647522461047181E-025
  6.647496058519112E-025
  6.647480527237529E-025
  6.647451287943440E-025
  6.647426491927158E-025
  6.647404049851297E-025
  6.647378448387792E-025
  6.647356755027356E-025
  6.647329506759767E-025
  6.647305432360193E-025
  6.647277888147927E-025
  6.647253422195432E-025
  6.647228812588998E-025
  6.647199759581338E-025
  6.647172920557878E-025
  6.647149262346483E-025
  6.647125522093697E-025
  6.647094489677188E-025
  6.647068313217229E-025
  6.647045660599040E-025
  6.647015037217680E-025
  6.646984311781633E-025
  6.646957936962683E-025
  6.646929026218767E-025
  6.646902897609674E-025
  6.646871936761499E-025
  6.646848289859979E-025
  6.646813043510371E-025
  6.646780942537991E-025
  6.646753835257626E-025
  6.646722153373130E-025
  6.646694725644672E-025
  6.646664801730169E-025
  6.646631966466611E-025
  6.646597633532109E-025
  6.646567767812833E-025
  6.646534393718430E-025
  6.646505759488359E-025
  6.646472163595331E-025
  6.646441263456834E-025
  6.646400829362953E-025
  6.646373175631121E-025
  6.646336054512702E-025
  6.646301923695361E-025
  6.646269912155290E-025
  6.646234915795606E-025
  6.646198833778139E-025
  6.646162576156909E-025
  6.646129032611510E-025
  6.646091315561602E-025
  6.646055896332588E-025
  6.646019581713350E-025
  6.645982140426553E-025
  6.645944895691192E-025
  6.645906568910710E-025
  6.645866982754089E-025
  6.645829403977698E-025
  6.645791221521024E-025
  6.645751883137182E-025
  6.645712356632761E-025
  6.645672349394005E-025
  6.645633622804358E-025
  6.645592984531903E-025
  6.645548929338248E-025
  6.645509221751795E-025
  6.645467690197828E-025
  6.645426927258687E-025
  6.645382222179245E-025
  6.645338886201448E-025
  6.645294336654802E-025
  6.645251164180479E-025
  6.645209088969136E-025
  6.645163321891487E-025
  6.645117859592774E-025
  6.645073710725484E-025
  6.645026450410154E-025
  6.644981837258157E-025
  6.644936230468159E-025
  6.644887890881415E-025
  6.644840559432084E-025
  6.644791011673641E-025
  6.644742883632330E-025
  6.644694204110849E-025
  6.644644903054083E-025
  6.644595337026884E-025
  6.644544545067735E-025
  6.644492388515729E-025
  6.644443086676470E-025
  6.644391786152002E-025
  6.644340398719752E-025
  6.644287721899476E-025
  6.644232781943594E-025
  6.644181179030764E-025
  6.644127033486034E-025
  6.644072454463994E-025
  6.644017275786207E-025
  6.643961876447228E-025
  6.643905724168699E-025
  6.643848863722122E-025
  6.643791741587178E-025
  6.643734697036710E-025
  6.643676705868904E-025
  6.643617430499674E-025
  6.643557726382176E-025
  6.643498609307347E-025
  6.643437535620996E-025
  6.643376556533052E-025
  6.643316102473489E-025
  6.643254822670306E-025
  6.643190587107146E-025
  6.643127969859910E-025
  6.643063393615738E-025
  6.642999002123629E-025
  6.642933991184045E-025
  6.642869403886806E-025
  6.642803511594571E-025
  6.642736302332769E-025
  6.642668078212302E-025
  6.642600825947637E-025
  6.642532135448391E-025
  6.642462562612603E-025
  6.642393294843270E-025
  6.642321745773501E-025
  6.642250335549359E-025
  6.642178618876037E-025
  6.642106289457013E-025
  6.642033566489211E-025
  6.641959998087063E-025
  6.641885797701241E-025
  6.641809704708022E-025
  6.641734391780220E-025
  6.641657626406092E-025
  6.641580953232520E-025
  6.641502686115039E-025
  6.641423615693431E-025
  6.641344141611563E-025
  6.641264000677509E-025
  6.641182435016378E-025
  6.641101489990489E-025
  6.641018397709073E-025
  6.640935499561924E-025
  6.640852097597512E-025
  6.640767286172213E-025
  6.640682047727246E-025
  6.640595355011923E-025
  6.640508059379090E-025
  6.640420213917323E-025
  6.640331738147470E-025
  6.640241977641838E-025
  6.640151292217827E-025
  6.640060855494469E-025
  6.639968538686554E-025
  6.639875966998125E-025
  6.639781798748235E-025
  6.639687576546268E-025
  6.639591873928572E-025
  6.639495628550024E-025
  6.639398077980562E-025
  6.639300545033120E-025
  6.639201185118336E-025
  6.639101649139958E-025
  6.639000965731208E-025
  6.638898890735620E-025
  6.638796001923310E-025
  6.638692542977630E-025
  6.638588137091769E-025
  6.638482224698308E-025
  6.638375918425286E-025
  6.638268366990440E-025
  6.638159980028698E-025
  6.638050468724459E-025
  6.637939876657341E-025
  6.637828529438377E-025
  6.637715984098376E-025
  6.637602381519887E-025
  6.637487539705094E-025
  6.637372343003229E-025
  6.637255165701144E-025
  6.637137682122924E-025
  6.637018787610046E-025
  6.636898741890005E-025
  6.636777800972297E-025
  6.636655443884128E-025
  6.636532176242495E-025
  6.636407790037418E-025
  6.636282163750659E-025
  6.636155435891739E-025
  6.636027679823885E-025
  6.635898374639819E-025
  6.635768217057226E-025
  6.635636770959638E-025
  6.635503980895235E-025
  6.635370224784477E-025
  6.635235101668548E-025
  6.635098661459705E-025
  6.634961079978030E-025
  6.634822351298073E-025
  6.634682182205331E-025
  6.634540665978977E-025
  6.634397967293779E-025
  6.634254074298735E-025
  6.634108821526527E-025
  6.633961914664057E-025
  6.633813980923212E-025
  6.633664569731131E-025
  6.633513938197944E-025
  6.633361672514183E-025
  6.633208081779252E-025
  6.633053290122056E-025
  6.632896935512768E-025
  6.632739154234554E-025
  6.632579946601192E-025
  6.632419197894829E-025
  6.632256961605482E-025
  6.632093450259630E-025
  6.631928229985538E-025
  6.631761679697201E-025
  6.631593350460830E-025
  6.631423749347519E-025
  6.631252415598604E-025
  6.631079476108083E-025
  6.630905094446518E-025
  6.630729139242504E-025
  6.630551462538467E-025
  6.630372252497940E-025
  6.630191336164282E-025
  6.630008729340018E-025
  6.629824452845886E-025
  6.629638607750290E-025
  6.629450986720170E-025
  6.629261585041251E-025
  6.629070549825496E-025
  6.628877732596519E-025
  6.628683197186179E-025
  6.628486823044631E-025
  6.628288639243886E-025
  6.628088684918614E-025
  6.627886890302195E-025
  6.627683295777942E-025
  6.627477775575248E-025
  6.627270398281742E-025
  6.627061150732850E-025
  6.626849966231385E-025
  6.626636876192992E-025
  6.626421850891741E-025
  6.626204812105136E-025
  6.625985806420943E-025
  6.625764817845739E-025
  6.625541772527309E-025
  6.625316755771293E-025
  6.625089653180161E-025
  6.624860475327584E-025
  6.624629215461253E-025
  6.624395810224526E-025
  6.624160325619500E-025
  6.623922655052465E-025
  6.623682863661108E-025
  6.623440837106398E-025
  6.623196652578438E-025
  6.622950216962343E-025
  6.622701509753544E-025
  6.622450569232061E-025
  6.622197344416808E-025
  6.621941772099120E-025
  6.621683934746972E-025
  6.621423698529429E-025
  6.621161120795708E-025
  6.620896127637043E-025
  6.620628736311387E-025
  6.620358889631558E-025
  6.620086641918160E-025
  6.619811893635260E-025
  6.619534613313824E-025
  6.619254837818723E-025
  6.618972534294141E-025
  6.618687632835726E-025
  6.618400149250394E-025
  6.618110055015016E-025
  6.617817328926975E-025
  6.617521951530203E-025
  6.617223868513076E-025
  6.616923073774690E-025
  6.616619559308056E-025
  6.616313289203790E-025
  6.616004237544078E-025
  6.615692374366045E-025
  6.615377690195356E-025
  6.615060149660709E-025
  6.614739720683343E-025
  6.614416392185122E-025
  6.614090130224326E-025
  6.613760910582201E-025
  6.613428704832765E-025
  6.613093489260280E-025
  6.612755229143046E-025
  6.612413897336650E-025
  6.612069485790440E-025
  6.611721955236931E-025
  6.611371268252144E-025
  6.611017422288749E-025
  6.610660349244465E-025
  6.610300059066055E-025
  6.609936511481789E-025
  6.609569664288810E-025
  6.609199501809733E-025
  6.608825995492992E-025
  6.608449118080530E-025
  6.608068817423508E-025
  6.607685094081422E-025
  6.607297905820817E-025
  6.606907202079624E-025
  6.606512982305627E-025
  6.606115194419314E-025
  6.605713831683180E-025
  6.605308827368114E-025
  6.604900189150879E-025
  6.604487847410261E-025
  6.604071792976305E-025
  6.603651982107832E-025
  6.603228384690752E-025
  6.602800976908051E-025
  6.602369715376266E-025
  6.601934567712798E-025
  6.601495504001550E-025
  6.601052482720070E-025
  6.600605472692845E-025
  6.600154446591434E-025
  6.599699354307777E-025
  6.599240173717492E-025
  6.598776859078260E-025
  6.598309383670298E-025
  6.597837704440133E-025
  6.597361786772785E-025
  6.596881591722769E-025
  6.596397087307794E-025
  6.595908230751029E-025
  6.595414980025684E-025
  6.594917315696765E-025
  6.594415177027031E-025
  6.593908540785053E-025
  6.593397364197194E-025
  6.592881596055187E-025
  6.592361213873239E-025
  6.591836165529464E-025
  6.591306417717523E-025
  6.590771924314512E-025
  6.590232650258464E-025
  6.589688548967899E-025
  6.589139583076591E-025
  6.588585704355256E-025
  6.588026877605581E-025
  6.587463055854912E-025
  6.586894200816607E-025
  6.586320258829833E-025
  6.585741197324351E-025
  6.585156967196682E-025
  6.584567520968964E-025
  6.583972822203929E-025
  6.583372818178042E-025
  6.582767467750902E-025
  6.582156723361078E-025
  6.581540538097507E-025
  6.580918866926616E-025
  6.580291663322518E-025
  6.579658877516042E-025
  6.579020463717979E-025
  6.578376375086384E-025
  6.577726560551631E-025
  6.577070971898112E-025
  6.576409562431867E-025
  6.575742278923804E-025
  6.575069075214398E-025
  6.574389898313073E-025
  6.573704697397156E-025
  6.573013424270689E-025
  6.572316024001168E-025
  6.571612447936432E-025
  6.570902642070811E-025
  6.570186552157085E-025
  6.569464128243121E-025
  6.568735315471741E-025
  6.568000059125983E-025
  6.567258308101130E-025
  6.566510002951979E-025
  6.565755092562267E-025
  6.564993520271603E-025
  6.564225229680572E-025
  6.563450164093325E-025
  6.562668268698051E-025
  6.561879483829648E-025
  6.561083753515930E-025
  6.560281020987096E-025
  6.559471223284241E-025
  6.558654305954566E-025
  6.557830208131852E-025
  6.556998869232369E-025
  6.556160230972843E-025
  6.555314231019580E-025
  6.554460808963232E-025
  6.553599903725182E-025
  6.552731452523909E-025
  6.551855393482180E-025
  6.550971663146399E-025
  6.550080199451098E-025
  6.549180937127302E-025
  6.548273813292431E-025
  6.547358761575680E-025
  6.546435719199215E-025
  6.545504619161053E-025
  6.544565395629592E-025
  6.543617981096755E-025
  6.542662310342139E-025
  6.541698314264923E-025
  6.540725926045232E-025
  6.539745076438687E-025
  6.538755697643977E-025
  6.537757719488487E-025
  6.536751072643587E-025
  6.535735685915397E-025
  6.534711489351325E-025
  6.533678411174131E-025
  6.532636380222549E-025
  6.531585323159287E-025
  6.530525167997157E-025
  6.529455841258514E-025
  6.528377269670652E-025
  6.527289378330953E-025
  6.526192092731758E-025
  6.525085337802406E-025
  6.523969037550211E-025
  6.522843115806937E-025
  6.521707496246629E-025
  6.520562100908983E-025
  6.519406852503039E-025
  6.518241672656894E-025
  6.517066482526522E-025
  6.515881203404254E-025
  6.514685754812108E-025
  6.513480056580770E-025
  6.512264027989086E-025
  6.511037587844064E-025
  6.509800654231263E-025
  6.508553144798000E-025
  6.507294976528407E-025
  6.506026065955628E-025
  6.504746329487988E-025
  6.503455682666969E-025
  6.502154040359469E-025
  6.500841317082166E-025
  6.499517426881360E-025
  6.498182283211913E-025
  6.496835799249304E-025
  6.495477887143296E-025
  6.494108458914331E-025
  6.492727425670812E-025
  6.491334698792694E-025
  6.489930188251527E-025
  6.488513803724411E-025
  6.487085454730454E-025
  6.485645049967875E-025
  6.484192497574673E-025
  6.482727705265275E-025
  6.481250580201218E-025
  6.479761028950320E-025
  6.478258957503905E-025
  6.476744271806318E-025
  6.475216876578082E-025
  6.473676676295865E-025
  6.472123575159050E-025
  6.470557476495440E-025
  6.468978283249191E-025
  6.467385897849915E-025
  6.465780222116206E-025
  6.464161157522379E-025
  6.462528604686768E-025
  6.460882464193480E-025
  6.459222635686375E-025
  6.457549018268097E-025
  6.455861510965944E-025
  6.454160011834745E-025
  6.452444418626116E-025
  6.450714628431858E-025
  6.448970538105260E-025
  6.447212043687175E-025
  6.445439040829770E-025
  6.443651424645581E-025
  6.441849089876332E-025
  6.440031930568986E-025
  6.438199840308122E-025
  6.436352712242703E-025
  6.434490438985950E-025
  6.432612912620775E-025
  6.430720024791979E-025
  6.428811666600416E-025
  6.426887728744024E-025
  6.424948101294676E-025
  6.422992673946184E-025
  6.421021335795672E-025
  6.419033975617205E-025
  6.417030481632353E-025
  6.415010741531756E-025
  6.412974642631172E-025
  6.410922071673870E-025
  6.408852915046677E-025
  6.406767058690929E-025
  6.404664387873096E-025
  6.402544787671097E-025
  6.400408142584597E-025
  6.398254336678927E-025
  6.396083253586494E-025
  6.393894776554700E-025
  6.391688788243906E-025
  6.389465171104014E-025
  6.387223806999330E-025
  6.384964577440286E-025
  6.382687363491193E-025
  6.380392045876428E-025
  6.378078504814470E-025
  6.375746620245784E-025
  6.373396271571267E-025
  6.371027337970507E-025
  6.368639698118971E-025
  6.366233230390334E-025
  6.363807812751167E-025
  6.361363322771180E-025
  6.358899637789131E-025
  6.356416634649192E-025
  6.353914189924253E-025
  6.351392179854236E-025
  6.348850480343864E-025
  6.346288966936032E-025
  6.343707514955517E-025
  6.341105999279105E-025
  6.338484294592533E-025
  6.335842275257473E-025
  6.333179815349337E-025
  6.330496788653215E-025
  6.327793068687955E-025
  6.325068528733907E-025
  6.322323041788528E-025
  6.319556480621756E-025
  6.316768717784165E-025
  6.313959625561220E-025
  6.311129076037293E-025
  6.308276941104986E-025
  6.305403092432314E-025
  6.302507401522545E-025
  6.299589739676401E-025
  6.296649978038603E-025
  6.293687987580633E-025
  6.290703639142520E-025
  6.287696803402272E-025
  6.284667350914541E-025
  6.281615152136891E-025
  6.278540077389035E-025
  6.275441996915372E-025
  6.272320780859382E-025
  6.269176299285240E-025
  6.266008422225905E-025
  6.262817019634234E-025
  6.259601961422399E-025
  6.256363117494386E-025
  6.253100357713528E-025
  6.249813551953847E-025
  6.246502570104283E-025
  6.243167282066733E-025
  6.239807557774624E-025
  6.236423267210769E-025
  6.233014280431569E-025
  6.229580467545072E-025
  6.226121698757193E-025
  6.222637844382946E-025
  6.219128774835235E-025
  6.215594360669861E-025
  6.212034472572800E-025
  6.208448981400095E-025
  6.204837758174938E-025
  6.201200674087899E-025
  6.197537600556360E-025
  6.193848409205308E-025
  6.190132971887634E-025
  6.186391160697405E-025
  6.182622847995129E-025
  6.178827906421966E-025
  6.175006208908009E-025
  6.171157628688013E-025
  6.167282039323477E-025
  6.163379314720407E-025
  6.159449329140980E-025
  6.155491957212543E-025
  6.151507073966299E-025
  6.147494554822099E-025
  6.143454275639599E-025
  6.139386112715821E-025
  6.135289942795208E-025
  6.131165643113167E-025
  6.127013091383694E-025
  6.122832165844123E-025
  6.118622745243827E-025
  6.114384708893086E-025
  6.110117936657995E-025
  6.105822308986042E-025
  6.101497706931237E-025
  6.097144012159934E-025
  6.092761106980477E-025
  6.088348874349786E-025
  6.083907197905171E-025
  6.079435961972744E-025
  6.074935051598281E-025
  6.070404352549991E-025
  6.065843751348759E-025
  6.061253135289334E-025
  6.056632392446972E-025
  6.051981411712143E-025
  6.047300082801254E-025
  6.042588296276419E-025
  6.037845943567994E-025
  6.033072916992337E-025
  6.028269109771922E-025
  6.023434416056893E-025
  6.018568730941853E-025
  6.013671950489426E-025
  6.008743971750243E-025
  6.003784692777468E-025
  5.998794012653789E-025
  5.993771831507666E-025
  5.988718050535044E-025
  5.983632572022079E-025
  5.978515299357559E-025
  5.973366137064841E-025
  5.968184990811160E-025
  5.962971767436483E-025
  5.957726374968705E-025
  5.952448722645885E-025
  5.947138720935870E-025
  5.941796281561023E-025
  5.936421317509982E-025
  5.931013743070995E-025
  5.925573473836161E-025
  5.920100426737473E-025
  5.914594520055270E-025
  5.909055673446915E-025
  5.903483807963695E-025
  5.897878846069142E-025
  5.892240711663191E-025
  5.886569330100340E-025
  5.880864628209840E-025
  5.875126534316832E-025
  5.869354978261990E-025
  5.863549891419091E-025
  5.857711206718705E-025
  5.851838858666890E-025
  5.845932783362739E-025
  5.839992918520123E-025
  5.834019203487138E-025
  5.828011579265452E-025
  5.821969988527893E-025
  5.815894375641155E-025
  5.809784686679453E-025
  5.803640869450582E-025
  5.797462873508981E-025
  5.791250650175691E-025
  5.785004152558331E-025
  5.778723335570248E-025
  5.772408155943621E-025
  5.766058572254273E-025
  5.759674544934546E-025
  5.753256036293421E-025
  5.746803010533120E-025
  5.740315433766802E-025
  5.733793274036042E-025
  5.727236501326079E-025
  5.720645087585406E-025
  5.714019006738270E-025
  5.707358234706233E-025
  5.700662749419322E-025
  5.693932530834538E-025
  5.687167560950476E-025
  5.680367823823208E-025
  5.673533305581219E-025
  5.666663994439664E-025
  5.659759880716291E-025
  5.652820956844190E-025
  5.645847217387038E-025
  5.638838659051986E-025
  5.631795280703999E-025
  5.624717083377731E-025
  5.617604070292804E-025
  5.610456246863268E-025
  5.603273620712344E-025
  5.596056201683526E-025
  5.588804001852118E-025
  5.581517035536055E-025
  5.574195319308469E-025
  5.566838872007417E-025
  5.559447714744978E-025
  5.552021870919626E-025
  5.544561366224623E-025
  5.537066228656774E-025
  5.529536488526296E-025
  5.521972178464956E-025
  5.514373333433965E-025
  5.506739990732910E-025
  5.499072190005615E-025
  5.491369973248252E-025
  5.483633384816022E-025
  5.475862471428598E-025
  5.468057282177024E-025
  5.460217868528283E-025
  5.452344284331191E-025
  5.444436585820583E-025
  5.436494831621595E-025
  5.428519082753425E-025
  5.420509402633493E-025
  5.412465857079325E-025
  5.404388514311793E-025
  5.396277444957650E-025
  5.388132722050314E-025
  5.379954421031655E-025
  5.371742619753345E-025
  5.363497398476221E-025
  5.355218839871461E-025
  5.346907029018872E-025
  5.338562053407361E-025
  5.330184002932449E-025
  5.321772969895005E-025
  5.313329048998967E-025
  5.304852337348708E-025
  5.296342934445821E-025
  5.287800942185345E-025
  5.279226464852243E-025
  5.270619609116121E-025
  5.261980484027130E-025
  5.253309201009960E-025
  5.244605873858295E-025
  5.235870618728219E-025
  5.227103554131737E-025
  5.218304800929247E-025
  5.209474482322237E-025
  5.200612723844756E-025
  5.191719653355014E-025
  5.182795401026256E-025
  5.173840099337419E-025
  5.164853883062984E-025
  5.155836889262660E-025
  5.146789257270520E-025
  5.137711128683746E-025
  5.128602647350819E-025
  5.119463959359332E-025
  5.110295213023513E-025
  5.101096558870789E-025
  5.091868149628817E-025
  5.082610140211047E-025
  5.073322687702726E-025
  5.064005951345719E-025
  5.054660092523786E-025
  5.045285274746487E-025
  5.035881663633324E-025
  5.026449426897277E-025
  5.016988734327950E-025
  5.007499757774171E-025
  4.997982671126238E-025
  4.988437650298163E-025
  4.978864873208767E-025
  4.969264519763174E-025
  4.959636771833285E-025
  4.949981813238281E-025
  4.940299829724583E-025
  4.930591008945432E-025
  4.920855540440267E-025
  4.911093615613469E-025
  4.901305427712960E-025
  4.891491171808493E-025
  4.881651044769413E-025
  4.871785245242158E-025
  4.861893973627584E-025
  4.851977432057647E-025
  4.842035824372178E-025
  4.832069356094897E-025
  4.822078234409645E-025
  4.812062668135672E-025
  4.802022867703271E-025
  4.791959045128794E-025
  4.781871413989379E-025
  4.771760189397550E-025
  4.761625587975415E-025
  4.751467827828814E-025
  4.741287128520936E-025
  4.731083711045954E-025
  4.720857797802295E-025
  4.710609612565718E-025
  4.700339380462209E-025
  4.690047327940564E-025
  4.679733682744918E-025
  4.669398673886990E-025
  4.659042531618164E-025
  4.648665487401407E-025
  4.638267773882946E-025
  4.627849624864001E-025
  4.617411275272005E-025
  4.606952961132111E-025
  4.596474919538216E-025
  4.585977388624008E-025
  4.575460607533952E-025
  4.564924816393965E-025
  4.554370256282303E-025
  4.543797169200005E-025
  4.533205798041591E-025
  4.522596386565354E-025
  4.511969179363895E-025
  4.501324421834403E-025
  4.490662360148950E-025
  4.479983241224732E-025
  4.469287312694351E-025
  4.458574822875924E-025
  4.447846020743342E-025
  4.437101155896415E-025
  4.426340478531082E-025
  4.415564239409554E-025
  4.404772689830596E-025
  4.393966081599737E-025
  4.383144666999550E-025
  4.372308698759995E-025
  4.361458430028770E-025
  4.350594114341799E-025
  4.339716005593694E-025
  4.328824358008412E-025
  4.317919426109839E-025
  4.307001464692655E-025
  4.296070728793142E-025
  4.285127473660220E-025
  4.274171954726474E-025
  4.263204427579472E-025
  4.252225147933056E-025
  4.241234371598870E-025
  4.230232354457995E-025
  4.219219352432777E-025
  4.208195621458752E-025
  4.197161417456824E-025
  4.186116996305552E-025
  4.175062613813654E-025
  4.163998525692683E-025
  4.152924987529922E-025
  4.141842254761467E-025
  4.130750582645526E-025
  4.119650226235924E-025
  4.108541440355851E-025
  4.097424479571817E-025
  4.086299598167859E-025
  4.075167050119976E-025
  4.064027089070824E-025
  4.052879968304645E-025
  4.041725940722474E-025
  4.030565258817585E-025
  4.019398174651240E-025
  4.008224939828666E-025
  3.997045805475344E-025
  3.985861022213574E-025
  3.974670840139311E-025
  3.963475508799327E-025
  3.952275277168619E-025
  3.941070393628161E-025
  3.929861105942952E-025
  3.918647661240341E-025
  3.907430305988718E-025
  3.896209285976460E-025
  3.884984846291246E-025
  3.873757231299671E-025
  3.862526684627179E-025
  3.851293449138336E-025
  3.840057766917441E-025
  3.828819879249446E-025
  3.817580026601242E-025
  3.806338448603257E-025
  3.795095384031405E-025
  3.783851070789387E-025
  3.772605745891324E-025
  3.761359645444727E-025
  3.750113004633862E-025
  3.738866057703380E-025
  3.727619037942406E-025
  3.716372177668851E-025
  3.705125708214219E-025
  3.693879859908633E-025
  3.682634862066321E-025
  3.671390942971381E-025
  3.660148329863951E-025
  3.648907248926698E-025
  3.637667925271687E-025
  3.626430582927607E-025
  3.615195444827309E-025
  3.603962732795756E-025
  3.592732667538314E-025
  3.581505468629325E-025
  3.570281354501153E-025
  3.559060542433480E-025
  3.547843248543015E-025
  3.536629687773508E-025
  3.525420073886127E-025
  3.514214619450224E-025
  3.503013535834354E-025
  3.491817033197729E-025
  3.480625320481971E-025
  3.469438605403181E-025
  3.458257094444409E-025
  3.447080992848392E-025
  3.435910504610674E-025
  3.424745832473026E-025
  3.413587177917213E-025
  3.402434741159067E-025
  3.391288721142912E-025
  3.380149315536278E-025
  3.369016720724935E-025
  3.357891131808257E-025
  3.346772742594916E-025
  3.335661745598811E-025
  3.324558332035372E-025
  3.313462691818135E-025
  3.302375013555623E-025
  3.291295484548510E-025
  3.280224290787077E-025
  3.269161616948970E-025
  3.258107646397216E-025
  3.247062561178545E-025
  3.236026542021957E-025
  3.224999768337585E-025
  3.213982418215815E-025
  3.202974668426651E-025
  3.191976694419393E-025
  3.180988670322488E-025
  3.170010768943710E-025
  3.159043161770526E-025
  3.148086018970754E-025
  3.137139509393398E-025
  3.126203800569790E-025
  3.115279058714874E-025
  3.104365448728808E-025
  3.093463134198698E-025
  3.082572277400595E-025
  3.071693039301700E-025
  3.060825579562769E-025
  3.049970056540682E-025
  3.039126627291287E-025
  3.028295447572352E-025
  3.017476671846764E-025
  3.006670453285867E-025
  2.995876943773018E-025
  2.985096293907273E-025
  2.974328653007281E-025
  2.963574169115295E-025
  2.952832989001401E-025
  2.942105258167841E-025
  2.931391120853514E-025
  2.920690720038643E-025
  2.910004197449509E-025
  2.899331693563423E-025
  2.888673347613726E-025
  2.878029297594984E-025
  2.867399680268281E-025
  2.856784631166611E-025
  2.846184284600418E-025
  2.835598773663216E-025
  2.825028230237311E-025
  2.814472784999641E-025
  2.803932567427685E-025
  2.793407705805499E-025
  2.782898327229768E-025
  2.772404557616034E-025
  2.761926521704900E-025
  2.751464343068393E-025
  2.741018144116322E-025
  2.730588046102776E-025
  2.720174169132587E-025
  2.709776632167932E-025
  2.699395553034951E-025
  2.689031048430411E-025
  2.678683233928405E-025
  2.668352223987127E-025
  2.658038131955634E-025
  2.647741070080684E-025
  2.637461149513556E-025
  2.627198480316950E-025
  2.616953171471844E-025
  2.606725330884439E-025
  2.596515065393037E-025
  2.586322480775011E-025
  2.576147681753711E-025
  2.565990772005436E-025
  2.555851854166340E-025
  2.545731029839397E-025
  2.535628399601335E-025
  2.525544063009525E-025
  2.515478118608932E-025
  2.505430663938986E-025
  2.495401795540467E-025
  2.485391608962362E-025
  2.475400198768692E-025
  2.465427658545336E-025
  2.455474080906778E-025
  2.445539557502887E-025
  2.435624179025609E-025
  2.425728035215652E-025
  2.415851214869122E-025
  2.405993805844123E-025
  2.396155895067308E-025
  2.386337568540393E-025
  2.376538911346618E-025
  2.366760007657161E-025
  2.357000940737496E-025
  2.347261792953717E-025
  2.337542645778773E-025
  2.327843579798697E-025
  2.318164674718709E-025
  2.308506009369333E-025
  2.298867661712400E-025
  2.289249708847015E-025
  2.279652227015449E-025
  2.270075291608962E-025
  2.260518977173588E-025
  2.250983357415805E-025
  2.241468505208190E-025
  2.231974492594961E-025
  2.222501390797467E-025
  2.213049270219616E-025
  2.203618200453205E-025
  2.194208250283208E-025
  2.184819487692963E-025
  2.175451979869298E-025
  2.166105793207584E-025
  2.156780993316708E-025
  2.147477645023965E-025
  2.138195812379894E-025
  2.128935558663001E-025
  2.119696946384449E-025
  2.110480037292628E-025
  2.101284892377688E-025
  2.092111571875957E-025
  2.082960135274312E-025
  2.073830641314442E-025
  2.064723147997076E-025
  2.055637712586077E-025
  2.046574391612516E-025
  2.037533240878614E-025
  2.028514315461673E-025
  2.019517669717840E-025
  2.010543357285895E-025
  2.001591431090877E-025
  1.992661943347692E-025
  1.983754945564611E-025
  1.974870488546715E-025
  1.966008622399250E-025
  1.957169396530915E-025
  1.948352859657077E-025
  1.939559059802916E-025
  1.930788044306481E-025
  1.922039859821709E-025
  1.913314552321319E-025
  1.904612167099715E-025
  1.895932748775723E-025
  1.887276341295352E-025
  1.878642987934416E-025
  1.870032731301146E-025
  1.861445613338683E-025
  1.852881675327558E-025
  1.844340957888060E-025
  1.835823500982588E-025
  1.827329343917894E-025
  1.818858525347313E-025
  1.810411083272892E-025
  1.801987055047487E-025
  1.793586477376781E-025
  1.785209386321282E-025
  1.776855817298217E-025
  1.768525805083420E-025
  1.760219383813115E-025
  1.751936586985709E-025
  1.743677447463479E-025
  1.735441997474246E-025
  1.727230268612974E-025
  1.719042291843356E-025
  1.710878097499310E-025
  1.702737715286478E-025
  1.694621174283646E-025
  1.686528502944138E-025
  1.678459729097166E-025
  1.670414879949147E-025
  1.662393982084973E-025
  1.654397061469241E-025
  1.646424143447475E-025
  1.638475252747270E-025
  1.630550413479447E-025
  1.622649649139142E-025
  1.614772982606892E-025
  1.606920436149674E-025
  1.599092031421923E-025
  1.591287789466521E-025
  1.583507730715776E-025
  1.575751874992345E-025
  1.568020241510170E-025
  1.560312848875384E-025
  1.552629715087163E-025
  1.544970857538619E-025
  1.537336293017632E-025
  1.529726037707670E-025
  1.522140107188621E-025
  1.514578516437577E-025
  1.507041279829642E-025
  1.499528411138684E-025
  1.492039923538133E-025
  1.484575829601712E-025
  1.477136141304212E-025
  1.469720870022228E-025
  1.462330026534902E-025
  1.454963621024657E-025
  1.447621663077942E-025
  1.440304161685960E-025
  1.433011125245398E-025
  1.425742561559164E-025
  1.418498477837132E-025
  1.411278880696866E-025
  1.404083776164376E-025
  1.396913169674855E-025
  1.389767066073444E-025
  1.382645469615987E-025
  1.375548383969807E-025
  1.368475812214472E-025
  1.361427756842602E-025
  1.354404219760652E-025
  1.347405202289738E-025
  1.340430705166447E-025
  1.333480728543696E-025
  1.326555271991563E-025
  1.319654334498170E-025
  1.312777914470563E-025
  1.305926009735622E-025
  1.299098617540967E-025
  1.292295734555911E-025
  1.285517356872414E-025
  1.278763480006059E-025
  1.272034098897053E-025
  1.265329207911258E-025
  1.258648800841218E-025
  1.251992870907248E-025
  1.245361410758500E-025
  1.238754412474104E-025
  1.232171867564289E-025
  1.225613766971560E-025
  1.219080101071886E-025
  1.212570859675920E-025
  1.206086032030242E-025
  1.199625606818639E-025
  1.193189572163403E-025
  1.186777915626665E-025
  1.180390624211743E-025
  1.174027684364555E-025
  1.167689081975013E-025
  1.161374802378491E-025
  1.155084830357295E-025
  1.148819150142183E-025
  1.142577745413900E-025
  1.136360599304761E-025
  1.130167694400248E-025
  1.123999012740665E-025
  1.117854535822792E-025
  1.111734244601601E-025
  1.105638119491991E-025
  1.099566140370562E-025
  1.093518286577409E-025
  1.087494536917978E-025
  1.081494869664919E-025
  1.075519262560008E-025
  1.069567692816072E-025
  1.063640137118975E-025
  1.057736571629621E-025
  1.051856971985994E-025
  1.046001313305239E-025
  1.040169570185774E-025
  1.034361716709423E-025
  1.028577726443617E-025
  1.022817572443587E-025
  1.017081227254623E-025
  1.011368662914354E-025
  1.005679850955064E-025
  1.000014762406045E-025
  9.943733677959768E-026
  9.887556371553486E-026
  9.831615400189099E-026
  9.775910454281559E-026
  9.720441219338490E-026
  9.665207375985660E-026
  9.610208599992912E-026
  9.555444562300230E-026
  9.500914929044397E-026
  9.446619361585674E-026
  9.392557516535099E-026
  9.338729045781823E-026
  9.285133596521046E-026
  9.231770811281998E-026
  9.178640327956453E-026
  9.125741779827376E-026
  9.073074795598049E-026
  9.020638999421303E-026
  8.968434010929253E-026
  8.916459445263138E-026
  8.864714913103648E-026
  8.813200020701318E-026
  8.761914369907451E-026
  8.710857558205125E-026
  8.660029178740511E-026
  8.609428820354656E-026
  8.559056067615212E-026
  8.508910500848752E-026
  8.458991696173102E-026
  8.409299225530079E-026
  8.359832656718423E-026
  8.310591553427005E-026
  8.261575475268215E-026
  8.212783977811733E-026
  8.164216612618325E-026
  8.115872927274103E-026
  8.067752465424822E-026
  8.019854766810516E-026
  7.972179367300263E-026
  7.924725798927284E-026
  7.877493589924079E-026
  7.830482264757977E-026
  7.783691344166630E-026
  7.737120345193984E-026
  7.690768781226170E-026
  7.644636162027806E-026
  7.598721993778251E-026
  7.553025779108274E-026
  7.507547017136675E-026
  7.462285203507240E-026
  7.417239830425683E-026
  7.372410386696913E-026
  7.327796357762329E-026
  7.283397225737304E-026
  7.239212469448756E-026
  7.195241564472962E-026
  7.151483983173368E-026
  7.107939194738601E-026
  7.064606665220531E-026
  7.021485857572562E-026
  6.978576231687847E-026
  6.935877244437815E-026
  6.893388349710538E-026
  6.851108998449493E-026
  6.809038638692107E-026
  6.767176715608583E-026
  6.725522671540711E-026
  6.684075946040789E-026
  6.642835975910520E-026
  6.601802195240135E-026
  6.560974035447339E-026
  6.520350925316537E-026
  6.479932291037907E-026
  6.439717556246636E-026
  6.399706142062110E-026
  6.359897467127239E-026
  6.320290947647583E-026
  6.280885997430813E-026
  6.241682027925832E-026
  6.202678448262219E-026
  6.163874665289418E-026
  6.125270083616116E-026
  6.086864105649443E-026
  6.048656131634343E-026
  6.010645559692728E-026
  5.972831785862772E-026
  5.935214204138045E-026
  5.897792206506766E-026
  5.860565182990814E-026
  5.823532521684909E-026
  5.786693608795558E-026
  5.750047828680111E-026
  5.713594563885605E-026
  5.677333195187715E-026
  5.641263101629431E-026
  5.605383660559897E-026
  5.569694247672964E-026
  5.534194237045809E-026
  5.498883001177389E-026
  5.463759911026873E-026
  5.428824336051876E-026
  5.394075644246736E-026
  5.359513202180555E-026
  5.325136375035247E-026
  5.290944526643379E-026
  5.256937019526015E-026
  5.223113214930265E-026
  5.189472472866947E-026
  5.156014152147909E-026
  5.122737610423362E-026
  5.089642204218993E-026
  5.056727288973036E-026
  5.023992219073078E-026
  4.991436347892868E-026
  4.959059027828843E-026
  4.926859610336608E-026
  4.894837445967170E-026
  4.862991884403146E-026
  4.831322274494635E-026
  4.799827964295105E-026
  4.768508301096962E-026
  4.737362631467081E-026
  4.706390301282049E-026
  4.675590655763324E-026
  4.644963039512155E-026
  4.614506796544349E-026
  4.584221270324838E-026
  4.554105803802109E-026
  4.524159739442335E-026
  4.494382419263459E-026
  4.464773184868942E-026
  4.435331377481416E-026
  4.406056337976096E-026
  4.376947406913992E-026
  4.348003924574897E-026
  4.319225230990228E-026
  4.290610665975584E-026
  4.262159569163157E-026
  4.233871280033864E-026
  4.205745137949364E-026
  4.177780482183693E-026
  4.149976651954888E-026
  4.122332986456202E-026
  4.094848824887235E-026
  4.067523506484713E-026
  4.040356370553184E-026
  4.013346756495330E-026
  3.986494003842213E-026
  3.959797452283111E-026
  3.933256441695305E-026
  3.906870312173470E-026
  3.880638404058937E-026
  3.854560057968678E-026
  3.828634614824027E-026
  3.802861415879245E-026
  3.777239802749720E-026
  3.751769117440057E-026
  3.726448702371802E-026
  3.701277900411034E-026
  3.676256054895603E-026
  3.651382509662237E-026
  3.626656609073279E-026
  3.602077698043285E-026
  3.577645122065287E-026
  3.553358227236894E-026
  3.529216360286039E-026
  3.505218868596568E-026
  3.481365100233512E-026
  3.457654403968169E-026
  3.434086129302850E-026
  3.410659626495472E-026
  3.387374246583796E-026
  3.364229341409501E-026
  3.341224263641931E-026
  3.318358366801646E-026
  3.295631005283669E-026
  3.273041534380519E-026
  3.250589310304951E-026
  3.228273690212486E-026
  3.206094032223625E-026
  3.184049695445888E-026
  3.162140039995497E-026
  3.140364427018911E-026
  3.118722218714008E-026
  3.097212778351107E-026
  3.075835470293624E-026
  3.054589660018597E-026
  3.033474714136838E-026
  3.012490000412937E-026
  2.991634887784917E-026
  2.970908746383719E-026
  2.950310947552365E-026
  2.929840863864908E-026
  2.909497869145129E-026
  2.889281338484963E-026
  2.869190648262675E-026
  2.849225176160831E-026
  2.829384301183910E-026
  2.809667403675839E-026
  2.790073865337067E-026
  2.770603069241599E-026
  2.751254399853607E-026
  2.732027243043939E-026
  2.712920986106249E-026
  2.693935017773014E-026
  2.675068728231180E-026
  2.656321509137670E-026
  2.637692753634572E-026
  2.619181856364138E-026
  2.600788213483508E-026
  2.582511222679216E-026
  2.564350283181429E-026
  2.546304795777994E-026
  2.528374162828194E-026
  2.510557788276315E-026
  2.492855077664933E-026
  2.475265438148024E-026
  2.457788278503770E-026
  2.440423009147206E-026
  2.423169042142579E-026
  2.406025791215510E-026
  2.388992671764914E-026
  2.372069100874708E-026
  2.355254497325257E-026
  2.338548281604664E-026
  2.321949875919736E-026
  2.305458704206840E-026
  2.289074192142447E-026
  2.272795767153512E-026
  2.256622858427601E-026
  2.240554896922843E-026
