  6.650046166327038E-025
  6.650046104887289E-025
  6.650046042879046E-025
  6.650045980297039E-025
  6.650045917135971E-025
  6.650045853390491E-025
  6.650045789055172E-025
  6.650045724124565E-025
  6.650045658593165E-025
  6.650045592455411E-025
  6.650045525705687E-025
  6.650045458338342E-025
  6.650045390347654E-025
  6.650045321727853E-025
  6.650045252473123E-025
  6.650045182577582E-025
  6.650045112035312E-025
  6.650045040840319E-025
  6.650044968986565E-025
  6.650044896467957E-025
  6.650044823278341E-025
  6.650044749411522E-025
  6.650044674861205E-025
  6.650044599621097E-025
  6.650044523684790E-025
  6.650044447045862E-025
  6.650044369697800E-025
  6.650044291634038E-025
  6.650044212847968E-025
  6.650044133332896E-025
  6.650044053082081E-025
  6.650043972088716E-025
  6.650043890345927E-025
  6.650043807846777E-025
  6.650043724584281E-025
  6.650043640551362E-025
  6.650043555740897E-025
  6.650043470145695E-025
  6.650043383758483E-025
  6.650043296571937E-025
  6.650043208578674E-025
  6.650043119771213E-025
  6.650043030142026E-025
  6.650042939683514E-025
  6.650042848387995E-025
  6.650042756247738E-025
  6.650042663254908E-025
  6.650042569401632E-025
  6.650042474679936E-025
  6.650042379081793E-025
  6.650042282599093E-025
  6.650042185223653E-025
  6.650042086947203E-025
  6.650041987761413E-025
  6.650041887657875E-025
  6.650041786628083E-025
  6.650041684663474E-025
  6.650041581755398E-025
  6.650041477895132E-025
  6.650041373073854E-025
  6.650041267282676E-025
  6.650041160512627E-025
  6.650041052754636E-025
  6.650040943999587E-025
  6.650040834238233E-025
  6.650040723461270E-025
  6.650040611659310E-025
  6.650040498822844E-025
  6.650040384942323E-025
  6.650040270008085E-025
  6.650040154010363E-025
  6.650040036939327E-025
  6.650039918785051E-025
  6.650039799537510E-025
  6.650039679186583E-025
  6.650039557722057E-025
  6.650039435133636E-025
  6.650039311410916E-025
  6.650039186543407E-025
  6.650039060520507E-025
  6.650038933331545E-025
  6.650038804965709E-025
  6.650038675412122E-025
  6.650038544659784E-025
  6.650038412697619E-025
  6.650038279514417E-025
  6.650038145098886E-025
  6.650038009439621E-025
  6.650037872525119E-025
  6.650037734343765E-025
  6.650037594883836E-025
  6.650037454133494E-025
  6.650037312080810E-025
  6.650037168713726E-025
  6.650037024020091E-025
  6.650036877987606E-025
  6.650036730603913E-025
  6.650036581856488E-025
  6.650036431732725E-025
  6.650036280219881E-025
  6.650036127305105E-025
  6.650035972975430E-025
  6.650035817217758E-025
  6.650035660018874E-025
  6.650035501365453E-025
  6.650035341244027E-025
  6.650035179641013E-025
  6.650035016542712E-025
  6.650034851935278E-025
  6.650034685804743E-025
  6.650034518137028E-025
  6.650034348917910E-025
  6.650034178133010E-025
  6.650034005767868E-025
  6.650033831807845E-025
  6.650033656238191E-025
  6.650033479044018E-025
  6.650033300210280E-025
  6.650033119721812E-025
  6.650032937563314E-025
  6.650032753719318E-025
  6.650032568174240E-025
  6.650032380912329E-025
  6.650032191917698E-025
  6.650032001174339E-025
  6.650031808666036E-025
  6.650031614376483E-025
  6.650031418289188E-025
  6.650031220387527E-025
  6.650031020654693E-025
  6.650030819073769E-025
  6.650030615627634E-025
  6.650030410299033E-025
  6.650030203070548E-025
  6.650029993924603E-025
  6.650029782843452E-025
  6.650029569809194E-025
  6.650029354803754E-025
  6.650029137808895E-025
  6.650028918806205E-025
  6.650028697777110E-025
  6.650028474702854E-025
  6.650028249564516E-025
  6.650028022343003E-025
  6.650027793019037E-025
  6.650027561573162E-025
  6.650027327985737E-025
  6.650027092236967E-025
  6.650026854306833E-025
  6.650026614175152E-025
  6.650026371821574E-025
  6.650026127225511E-025
  6.650025880366238E-025
  6.650025631222801E-025
  6.650025379774073E-025
  6.650025125998713E-025
  6.650024869875203E-025
  6.650024611381807E-025
  6.650024350496608E-025
  6.650024087197460E-025
  6.650023821462040E-025
  6.650023553267797E-025
  6.650023282591987E-025
  6.650023009411637E-025
  6.650022733703585E-025
  6.650022455444441E-025
  6.650022174610593E-025
  6.650021891178229E-025
  6.650021605123282E-025
  6.650021316421512E-025
  6.650021025048416E-025
  6.650020730979282E-025
  6.650020434189152E-025
  6.650020134652863E-025
  6.650019832344997E-025
  6.650019527239911E-025
  6.650019219311716E-025
  6.650018908534306E-025
  6.650018594881302E-025
  6.650018278326104E-025
  6.650017958841858E-025
  6.650017636401459E-025
  6.650017310977554E-025
  6.650016982542547E-025
  6.650016651068563E-025
  6.650016316527484E-025
  6.650015978890943E-025
  6.650015638130273E-025
  6.650015294216605E-025
  6.650014947120735E-025
  6.650014596813222E-025
  6.650014243264356E-025
  6.650013886444136E-025
  6.650013526322306E-025
  6.650013162868312E-025
  6.650012796051319E-025
  6.650012425840204E-025
  6.650012052203579E-025
  6.650011675109727E-025
  6.650011294526674E-025
  6.650010910422128E-025
  6.650010522763498E-025
  6.650010131517912E-025
  6.650009736652186E-025
  6.650009338132797E-025
  6.650008935925969E-025
  6.650008529997552E-025
  6.650008120313132E-025
  6.650007706837947E-025
  6.650007289536924E-025
  6.650006868374661E-025
  6.650006443315439E-025
  6.650006014323184E-025
  6.650005581361515E-025
  6.650005144393701E-025
  6.650004703382678E-025
  6.650004258291019E-025
  6.650003809080989E-025
  6.650003355714464E-025
  6.650002898152991E-025
  6.650002436357756E-025
  6.650001970289576E-025
  6.650001499908931E-025
  6.650001025175896E-025
  6.650000546050222E-025
  6.650000062491240E-025
  6.649999574457952E-025
  6.649999081908947E-025
  6.649998584802434E-025
  6.649998083096258E-025
  6.649997576747851E-025
  6.649997065714265E-025
  6.649996549952135E-025
  6.649996029417717E-025
  6.649995504066856E-025
  6.649994973854983E-025
  6.649994438737118E-025
  6.649993898667875E-025
  6.649993353601420E-025
  6.649992803491544E-025
  6.649992248291561E-025
  6.649991687954367E-025
  6.649991122432443E-025
  6.649990551677795E-025
  6.649989975642041E-025
  6.649989394276254E-025
  6.649988807531156E-025
  6.649988215357063E-025
  6.649987617703601E-025
  6.649987014520034E-025
  6.649986405755458E-025
  6.649985791357941E-025
  6.649985171275328E-025
  6.649984545455423E-025
  6.649983913844764E-025
  6.649983276389893E-025
  6.649982633036535E-025
  6.649981983730476E-025
  6.649981328416444E-025
  6.649980667039002E-025
  6.649979999541675E-025
  6.649979325869250E-025
  6.649978645961482E-025
  6.649977959762359E-025
  6.649977267216978E-025
  6.649976568260763E-025
  6.649975862838157E-025
  6.649975150887769E-025
  6.649974432349095E-025
  6.649973707163690E-025
  6.649972975266061E-025
  6.649972236602791E-025
  6.649971491094941E-025
  6.649970738692753E-025
  6.649969979332871E-025
  6.649969212940702E-025
  6.649968439465403E-025
  6.649967658822715E-025
  6.649966870972475E-025
  6.649966075811830E-025
  6.649965273324329E-025
  6.649964463373471E-025
  6.649963645952809E-025
  6.649962820950981E-025
  6.649961988333704E-025
  6.649961148014834E-025
  6.649960299967764E-025
  6.649959443954738E-025
  6.649958580012974E-025
  6.649957708214256E-025
  6.649956828200756E-025
  6.649955940100626E-025
  6.649955043948106E-025
  6.649954139318793E-025
  6.649953226542623E-025
  6.649952304876337E-025
  6.649951375013648E-025
  6.649950436611675E-025
  6.649949489088745E-025
  6.649948533527169E-025
  6.649947568425932E-025
  6.649946594736166E-025
  6.649945612204328E-025
  6.649944619654050E-025
  6.649943618613494E-025
  6.649942609054210E-025
  6.649941588917105E-025
  6.649940560688614E-025
  6.649939523429192E-025
  6.649938473275175E-025
  6.649937416132437E-025
  6.649936347961844E-025
  6.649935270342358E-025
  6.649934186222098E-025
  6.649933086797712E-025
  6.649931976017628E-025
  6.649930858049398E-025
  6.649929728738321E-025
  6.649928591303435E-025
  6.649927438349223E-025
  6.649926282682563E-025
  6.649925113274274E-025
  6.649923928992910E-025
  6.649922737520295E-025
  6.649921533974725E-025
  6.649920320588942E-025
  6.649919089522265E-025
  6.649917856493732E-025
  6.649916619772981E-025
  6.649915348852194E-025
  6.649914072434795E-025
  6.649912808586137E-025
  6.649911490405191E-025
  6.649910214286704E-025
  6.649908878402975E-025
  6.649907540804543E-025
  6.649906205783315E-025
  6.649904827282260E-025
  6.649903472656064E-025
  6.649902111964212E-025
  6.649900672752356E-025
  6.649899268632933E-025
  6.649897898989663E-025
  6.649896439888092E-025
  6.649895036537801E-025
  6.649893520572267E-025
  6.649892098083213E-025
  6.649890537055406E-025
  6.649889035491321E-025
  6.649887532681265E-025
  6.649886078185724E-025
  6.649884407268053E-025
  6.649882919033946E-025
  6.649881264455391E-025
  6.649879759841952E-025
  6.649878204841297E-025
  6.649876532487847E-025
  6.649874986107001E-025
  6.649873191008315E-025
  6.649871604241572E-025
  6.649870017316150E-025
  6.649868200256586E-025
  6.649866561887458E-025
  6.649864696947697E-025
  6.649863167932499E-025
  6.649861125466244E-025
  6.649859829472353E-025
  6.649857638948705E-025
  6.649855767719676E-025
  6.649854129814685E-025
  6.649852466853708E-025
  6.649850943520859E-025
  6.649848646852005E-025
  6.649846343020942E-025
  6.649844625645534E-025
  6.649842621177207E-025
  6.649840775640935E-025
  6.649838592408645E-025
  6.649837054524059E-025
  6.649834713390934E-025
  6.649832820383025E-025
  6.649830140465836E-025
  6.649828697105483E-025
  6.649826911452664E-025
  6.649824448147066E-025
  6.649822304971674E-025
  6.649820739305591E-025
  6.649819533710676E-025
  6.649816325625657E-025
  6.649813849479910E-025
  6.649812246753028E-025
  6.649809107486934E-025
  6.649806670271757E-025
  6.649804888247001E-025
  6.649802470582229E-025
  6.649799789245493E-025
  6.649798442478776E-025
  6.649796534909321E-025
  6.649793286274740E-025
  6.649793629217762E-025
  6.649787620265407E-025
  6.649784992709172E-025
  6.649783957858688E-025
  6.649782113439876E-025
  6.649778626700383E-025
  6.649774839548284E-025
  6.649771085330364E-025
  6.649771464772704E-025
  6.649767348138616E-025
  6.649766741085425E-025
  6.649765239227624E-025
  6.649759199613911E-025
  6.649759146893351E-025
  6.649754905188199E-025
  6.649750699695496E-025
  6.649751407876412E-025
  6.649743907467363E-025
  6.649742770838648E-025
  6.649740482453831E-025
  6.649739243465589E-025
  6.649735186395519E-025
  6.649727532452840E-025
  6.649727345303307E-025
  6.649727167734950E-025
  6.649719627949002E-025
  6.649718327439262E-025
  6.649717775867228E-025
  6.649714055311216E-025
  6.649704819589812E-025
  6.649700698445885E-025
  6.649708649959340E-025
  6.649703282460711E-025
  6.649700413201030E-025
  6.649696480407589E-025
  6.649693157238129E-025
  6.649692014719297E-025
  6.649682593593358E-025
  6.649680117425575E-025
  6.649678283496302E-025
  6.649666508424319E-025
  6.649676041417905E-025
  6.649665473058886E-025
  6.649669647845458E-025
  6.649659679686727E-025
  6.649651510732574E-025
  6.649653703599945E-025
  6.649643903464458E-025
  6.649642893958941E-025
  6.649640945955757E-025
  6.649642078409307E-025
  6.649640553956220E-025
  6.649626119388961E-025
  6.649628593590687E-025
  6.649621393979120E-025
  6.649614162141480E-025
  6.649611505036020E-025
  6.649614127923559E-025
  6.649607177558254E-025
  6.649600119476589E-025
  6.649597542644693E-025
  6.649587422716039E-025
  6.649592619238639E-025
  6.649590129431668E-025
  6.649581293630530E-025
  6.649567351340246E-025
  6.649581678268885E-025
  6.649573151375428E-025
  6.649559634367129E-025
  6.649570145411912E-025
  6.649550228352137E-025
  6.649553256873836E-025
  6.649546715403572E-025
  6.649537655385283E-025
  6.649525648661346E-025
  6.649537887946273E-025
  6.649525815268463E-025
  6.649526230916629E-025
  6.649509222548694E-025
  6.649515721239920E-025
  6.649515287121772E-025
  6.649487041741585E-025
  6.649485600837852E-025
  6.649490977616002E-025
  6.649484978039886E-025
  6.649487123788841E-025
  6.649465509365633E-025
  6.649474106432255E-025
  6.649463734211224E-025
  6.649466235218874E-025
  6.649457015275042E-025
  6.649446094319329E-025
  6.649440594407809E-025
  6.649439165924461E-025
  6.649435624370735E-025
  6.649439926033778E-025
  6.649423283809047E-025
  6.649402326758771E-025
  6.649396304260008E-025
  6.649402691575968E-025
  6.649391501742206E-025
  6.649368066306358E-025
  6.649366764780927E-025
  6.649377901515859E-025
  6.649363281967354E-025
  6.649364358483437E-025
  6.649358680781284E-025
  6.649357563527565E-025
  6.649348583796662E-025
  6.649329769700406E-025
  6.649331788445300E-025
  6.649321371911752E-025
  6.649318282050947E-025
  6.649328303042752E-025
  6.649305850985429E-025
  6.649305345018435E-025
  6.649300227306385E-025
  6.649282260482314E-025
  6.649271502326068E-025
  6.649259827369900E-025
  6.649268445215043E-025
  6.649251749330846E-025
  6.649254917614603E-025
  6.649245284593281E-025
  6.649230554048511E-025
  6.649219108331318E-025
  6.649224343763947E-025
  6.649201634902621E-025
  6.649188738421705E-025
  6.649189998274182E-025
  6.649201908625215E-025
  6.649174786997992E-025
  6.649161726917278E-025
  6.649169092909018E-025
  6.649161885038077E-025
  6.649151528943295E-025
  6.649148074240131E-025
  6.649122318069047E-025
  6.649117000631741E-025
  6.649113631776332E-025
  6.649097753389167E-025
  6.649091074272414E-025
  6.649088652936457E-025
  6.649083423487426E-025
  6.649075399710426E-025
  6.649069598014468E-025
  6.649047119134492E-025
  6.649037854674239E-025
  6.649026325917047E-025
  6.649023238310000E-025
  6.649006413834880E-025
  6.648998293498624E-025
  6.648995512588555E-025
  6.648977688848510E-025
  6.648965016838319E-025
  6.648961854240681E-025
  6.648950240304975E-025
  6.648962210483654E-025
  6.648929284812887E-025
  6.648915081092754E-025
  6.648905855328413E-025
  6.648904942991026E-025
  6.648897588783767E-025
  6.648871049670091E-025
  6.648862388384654E-025
  6.648848610854225E-025
  6.648841585990837E-025
  6.648844012319054E-025
  6.648832070736014E-025
  6.648808409639044E-025
  6.648802837230903E-025
  6.648794522559854E-025
  6.648773305831498E-025
  6.648768114852880E-025
  6.648745464956696E-025
  6.648733132021547E-025
  6.648722147499643E-025
  6.648711413811655E-025
  6.648700971429651E-025
  6.648693881414449E-025
  6.648670993503805E-025
  6.648666795033599E-025
  6.648653695292749E-025
  6.648643334513327E-025
  6.648628158591876E-025
  6.648604851328635E-025
  6.648590156277637E-025
  6.648588669484881E-025
  6.648584951141768E-025
  6.648557451549333E-025
  6.648541963514081E-025
  6.648524421788623E-025
  6.648517751680290E-025
  6.648498100402326E-025
  6.648489215736968E-025
  6.648473820636575E-025
  6.648463649879159E-025
  6.648443682583085E-025
  6.648439970397113E-025
  6.648415300440392E-025
  6.648396615811670E-025
  6.648383759826911E-025
  6.648367036140182E-025
  6.648350200062252E-025
  6.648336282381864E-025
  6.648324719431312E-025
  6.648308637196979E-025
  6.648285880796211E-025
  6.648274260473241E-025
  6.648264463941450E-025
  6.648239578328574E-025
  6.648228905240408E-025
  6.648202679934518E-025
  6.648188558008634E-025
  6.648172933378889E-025
  6.648154234779969E-025
  6.648137571200008E-025
  6.648114595418516E-025
  6.648103614181305E-025
  6.648085104524839E-025
  6.648069838187635E-025
  6.648055244945711E-025
  6.648024817707166E-025
  6.648006497634275E-025
  6.647991907892901E-025
  6.647978799281596E-025
  6.647956068019432E-025
  6.647932897646933E-025
  6.647916544699831E-025
  6.647895726497242E-025
  6.647878094920469E-025
  6.647856669603864E-025
  6.647837158399571E-025
  6.647815395166974E-025
  6.647792967809639E-025
  6.647773251310209E-025
  6.647751345815824E-025
  6.647731387212505E-025
  6.647712796592887E-025
  6.647687810290081E-025
  6.647665321381198E-025
  6.647640790682959E-025
  6.647623030653545E-025
  6.647603543380246E-025
  6.647572593183500E-025
  6.647551743159108E-025
  6.647529990612640E-025
  6.647507940624801E-025
  6.647483137379955E-025
  6.647458708047057E-025
  6.647436543258790E-025
  6.647412097399550E-025
  6.647390445857659E-025
  6.647361402994480E-025
  6.647333977110660E-025
  6.647313333800549E-025
  6.647286946687525E-025
  6.647261608863150E-025
  6.647234448664293E-025
  6.647208561475410E-025
  6.647183328550267E-025
  6.647155903746326E-025
  6.647130368127299E-025
  6.647101089162073E-025
  6.647074490334417E-025
  6.647048568037790E-025
  6.647018950019671E-025
  6.646993459201537E-025
  6.646966542116384E-025
  6.646937128102897E-025
  6.646907852590013E-025
  6.646878445353821E-025
  6.646848860252279E-025
  6.646818793755142E-025
  6.646788604227362E-025
  6.646759362072839E-025
  6.646728642166336E-025
  6.646697646971161E-025
  6.646665878972602E-025
  6.646632508198998E-025
  6.646606187584424E-025
  6.646570750880466E-025
  6.646538525046725E-025
  6.646504359430039E-025
  6.646473116702074E-025
  6.646441047835618E-025
  6.646409208126606E-025
  6.646372808687008E-025
  6.646338966387762E-025
  6.646305322973708E-025
  6.646271663456478E-025
  6.646236429675355E-025
  6.646200407824348E-025
  6.646163526659957E-025
  6.646129661326803E-025
  6.646092818982782E-025
  6.646057426280376E-025
  6.646018534850843E-025
  6.645981436773704E-025
  6.645945244414185E-025
  6.645905629853428E-025
  6.645868756088635E-025
  6.645828295374129E-025
  6.645789611437864E-025
  6.645749624243716E-025
  6.645710073129068E-025
  6.645671286822120E-025
  6.645630427526036E-025
  6.645590114777461E-025
  6.645547905929319E-025
  6.645506953789870E-025
  6.645465157522149E-025
  6.645422683259266E-025
  6.645379129216799E-025
  6.645335871986379E-025
  6.645292185351773E-025
  6.645248050613885E-025
  6.645204059001884E-025
  6.645159730831243E-025
  6.645114141719338E-025
  6.645067974268016E-025
  6.645021323887535E-025
  6.644977027384576E-025
  6.644929330617759E-025
  6.644882070025596E-025
  6.644833785784458E-025
  6.644785836427991E-025
  6.644736563201963E-025
  6.644687101560637E-025
  6.644638636982292E-025
  6.644587914825457E-025
  6.644537209963278E-025
  6.644486887502268E-025
  6.644435637298056E-025
  6.644384072682538E-025
  6.644331583507659E-025
  6.644277849296297E-025
  6.644224986354170E-025
  6.644171235230473E-025
  6.644116256253432E-025
  6.644061524719031E-025
  6.644006719245218E-025
  6.643950298504426E-025
  6.643894491754415E-025
  6.643837539268250E-025
  6.643779801606478E-025
  6.643721982807428E-025
  6.643663418843780E-025
  6.643604681677591E-025
  6.643545017171201E-025
  6.643484840585684E-025
  6.643424218165725E-025
  6.643363078729758E-025
  6.643300883198265E-025
  6.643238464563617E-025
  6.643175703535680E-025
  6.643112411342355E-025
  6.643048107574887E-025
  6.642983569948174E-025
  6.642918257667853E-025
  6.642852231583073E-025
  6.642785805008817E-025
  6.642718882369440E-025
  6.642650951603844E-025
  6.642582541694887E-025
  6.642513980182350E-025
  6.642444074835502E-025
  6.642373944625462E-025
  6.642302836783880E-025
  6.642231532634087E-025
  6.642159118512046E-025
  6.642086293327784E-025
  6.642012676286382E-025
  6.641938807141702E-025
  6.641863539402707E-025
  6.641787792876075E-025
  6.641711398085312E-025
  6.641634585677572E-025
  6.641556834714740E-025
  6.641478523650049E-025
  6.641399230132822E-025
  6.641319319552996E-025
  6.641238751338819E-025
  6.641157474032335E-025
  6.641075230859599E-025
  6.640992486810346E-025
  6.640908581630518E-025
  6.640824475320992E-025
  6.640739110135374E-025
  6.640653185456488E-025
  6.640566426492296E-025
  6.640478998477348E-025
  6.640390458606640E-025
  6.640301293652488E-025
  6.640211235015167E-025
  6.640120457136014E-025
  6.640028870322635E-025
  6.639936275265786E-025
  6.639842946395284E-025
  6.639748748951299E-025
  6.639653696110302E-025
  6.639557672205428E-025
  6.639460846937638E-025
  6.639363123666257E-025
  6.639264498417934E-025
  6.639164932856443E-025
  6.639064437797981E-025
  6.638963051769426E-025
  6.638860809488673E-025
  6.638757613027668E-025
  6.638653262123737E-025
  6.638548144823298E-025
  6.638442057501409E-025
  6.638335026089578E-025
  6.638226826729111E-025
  6.638117763906631E-025
  6.638007701433100E-025
  6.637896586214672E-025
  6.637784512165279E-025
  6.637671294571268E-025
  6.637557144073647E-025
  6.637441836166092E-025
  6.637325538582639E-025
  6.637208198615357E-025
  6.637089759326068E-025
  6.636970209468743E-025
  6.636849526257754E-025
  6.636727800037949E-025
  6.636604952198107E-025
  6.636480930404753E-025
  6.636355886791663E-025
  6.636229562166460E-025
  6.636102096294348E-025
  6.635973521085606E-025
  6.635843687147616E-025
  6.635712713295611E-025
  6.635580533058261E-025
  6.635447131564566E-025
  6.635312497933422E-025
  6.635176603521010E-025
  6.635039493229790E-025
  6.634901129540266E-025
  6.634761505839958E-025
  6.634620596400966E-025
  6.634478331137683E-025
  6.634334860025224E-025
  6.634190004776044E-025
  6.634043859157113E-025
  6.633896335311542E-025
  6.633747481724615E-025
  6.633597249540513E-025
  6.633445631401019E-025
  6.633292657027742E-025
  6.633138227592243E-025
  6.632982427037681E-025
  6.632825186925814E-025
  6.632666492812259E-025
  6.632506362533107E-025
  6.632344739581133E-025
  6.632181642361300E-025
  6.632017083939034E-025
  6.631850970248562E-025
  6.631683350262514E-025
  6.631514218344291E-025
  6.631343476277576E-025
  6.631171238614271E-025
  6.630997388593193E-025
  6.630821944141644E-025
  6.630644909745057E-025
  6.630466236086905E-025
  6.630285925988895E-025
  6.630103983918787E-025
  6.629920345201021E-025
  6.629735059856240E-025
  6.629548058102700E-025
  6.629359340246352E-025
  6.629168906856054E-025
  6.628976720083845E-025
  6.628782790560799E-025
  6.628587077464646E-025
  6.628389568628767E-025
  6.628190259786900E-025
  6.627989121691512E-025
  6.627786146225005E-025
  6.627581314219553E-025
  6.627374614272173E-025
  6.627166012977433E-025
  6.626955531447422E-025
  6.626743095035455E-025
  6.626528722292535E-025
  6.626312384648633E-025
  6.626094088431326E-025
  6.625873788656349E-025
  6.625651480807414E-025
  6.625427148053676E-025
  6.625200753745400E-025
  6.624972295018105E-025
  6.624741751193601E-025
  6.624509094561099E-025
  6.624274320642309E-025
  6.624037405263758E-025
  6.623798318334271E-025
  6.623557063210020E-025
  6.623313597682037E-025
  6.623067915577404E-025
  6.622819984630356E-025
  6.622569798257957E-025
  6.622317331286588E-025
  6.622062554545700E-025
  6.621805458296794E-025
  6.621546018015865E-025
  6.621284210882245E-025
  6.621020020459092E-025
  6.620753426841214E-025
  6.620484390623094E-025
  6.620212916933595E-025
  6.619938961622187E-025
  6.619662516408709E-025
  6.619383550261466E-025
  6.619102040835277E-025
  6.618817976103634E-025
  6.618531321463808E-025
  6.618242062049227E-025
  6.617950167526340E-025
  6.617655614375546E-025
  6.617358382399753E-025
  6.617058452862537E-025
  6.616755785960079E-025
  6.616450376352585E-025
  6.616142180884361E-025
  6.615831188037606E-025
  6.615517371755651E-025
  6.615200700200890E-025
  6.614881155996060E-025
  6.614558704082118E-025
  6.614233325995736E-025
  6.613904991300270E-025
  6.613573675598086E-025
  6.613239351730129E-025
  6.612901997709575E-025
  6.612561576740971E-025
  6.612218073304252E-025
  6.611871447233524E-025
  6.611521680179798E-025
  6.611168743910145E-025
  6.610812605340154E-025
  6.610453238945852E-025
  6.610090615865659E-025
  6.609724704025072E-025
  6.609355479131197E-025
  6.608982913851157E-025
  6.608606969735849E-025
  6.608227620740297E-025
  6.607844843300639E-025
  6.607458595765281E-025
  6.607068857962010E-025
  6.606675589670618E-025
  6.606278766168896E-025
  6.605878356459343E-025
  6.605474323270562E-025
  6.605066642367250E-025
  6.604655270459368E-025
  6.604240188419753E-025
  6.603821351599135E-025
  6.603398735544743E-025
  6.602972302191459E-025
  6.602542018329111E-025
  6.602107851373910E-025
  6.601669767179428E-025
  6.601227731496428E-025
  6.600781708775472E-025
  6.600331663177686E-025
  6.599877560552500E-025
  6.599419366277264E-025
  6.598957042596744E-025
  6.598490554940164E-025
  6.598019865171656E-025
  6.597544937833466E-025
  6.597065736190654E-025
  6.596582220573255E-025
  6.596094355238639E-025
  6.595602101765244E-025
  6.595105420437677E-025
  6.594604275719725E-025
  6.594098625460028E-025
  6.593588432832324E-025
  6.593073656803839E-025
  6.592554257287655E-025
  6.592030194142599E-025
  6.591501429721330E-025
  6.590967918189344E-025
  6.590429621627776E-025
  6.589886497544860E-025
  6.589338503580098E-025
  6.588785598766650E-025
  6.588227738894362E-025
  6.587664883504866E-025
  6.587096986319135E-025
  6.586524004853536E-025
  6.585945896682183E-025
  6.585362615638659E-025
  6.584774117812387E-025
  6.584180357949302E-025
  6.583581290532012E-025
  6.582976870564257E-025
  6.582367050472978E-025
  6.581751785497369E-025
  6.581131027630896E-025
  6.580504729749826E-025
  6.579872845058722E-025
  6.579235325063139E-025
  6.578592120958623E-025
  6.577943184924498E-025
  6.577288467035278E-025
  6.576627918012978E-025
  6.575961488144190E-025
  6.575289127545045E-025
  6.574610785266337E-025
  6.573926409752606E-025
  6.573235949623120E-025
  6.572539353774106E-025
  6.571836569536835E-025
  6.571127543848482E-025
  6.570412224408947E-025
  6.569690556905325E-025
  6.568962488154989E-025
  6.568227963531853E-025
  6.567486928226201E-025
  6.566739327517546E-025
  6.565985105524168E-025
  6.565224206353631E-025
  6.564456573429976E-025
  6.563682150255219E-025
  6.562900879214287E-025
  6.562112702987943E-025
  6.561317563210384E-025
  6.560515401094204E-025
  6.559706158273202E-025
  6.558889774460709E-025
  6.558066190557810E-025
  6.557235345761773E-025
  6.556397179204437E-025
  6.555551630067512E-025
  6.554698636294194E-025
  6.553838135916227E-025
  6.552970066302100E-025
  6.552094364344617E-025
  6.551210966454315E-025
  6.550319808814374E-025
  6.549420826555895E-025
  6.548513955362289E-025
  6.547599129335555E-025
  6.546676282592675E-025
  6.545745349173073E-025
  6.544806261742029E-025
  6.543858953375542E-025
  6.542903356151995E-025
  6.541939401512096E-025
  6.540967021163926E-025
  6.539986145560332E-025
  6.538996704952557E-025
  6.537998629145223E-025
  6.536991847375596E-025
  6.535976288227411E-025
  6.534951880313975E-025
  6.533918551074235E-025
  6.532876228000045E-025
  6.531824837583581E-025
  6.530764306270918E-025
  6.529694559647459E-025
  6.528615522988062E-025
  6.527527120995539E-025
  6.526429277904752E-025
  6.525321917187141E-025
  6.524204962302025E-025
  6.523078335567251E-025
  6.521941959248361E-025
  6.520795754953816E-025
  6.519639643672233E-025
  6.518473545835415E-025
  6.517297381651443E-025
  6.516111070363426E-025
  6.514914531092214E-025
  6.513707682085920E-025
  6.512490441361222E-025
  6.511262726032546E-025
  6.510024453068200E-025
  6.508775538621284E-025
  6.507515898424445E-025
  6.506245447634324E-025
  6.504964100883724E-025
  6.503671772193255E-025
  6.502368375147307E-025
  6.501053822636074E-025
  6.499728027169746E-025
  6.498390900618565E-025
  6.497042354251250E-025
  6.495682298917897E-025
  6.494310644755243E-025
  6.492927301519610E-025
  6.491532178273148E-025
  6.490125183575600E-025
  6.488706225428236E-025
  6.487275211265646E-025
  6.485832048005215E-025
  6.484376641963473E-025
  6.482908898918730E-025
  6.481428724080957E-025
  6.479936022090700E-025
  6.478430697063513E-025
  6.476912652526562E-025
  6.475381791415317E-025
  6.473838016242074E-025
  6.472281228764684E-025
  6.470711330302431E-025
  6.469128221587533E-025
  6.467531802833625E-025
  6.465921973606594E-025
  6.464298632973179E-025
  6.462661679454255E-025
  6.461011010974468E-025
  6.459346524892422E-025
  6.457668118051254E-025
  6.455975686707297E-025
  6.454269126556367E-025
  6.452548332766692E-025
  6.450813199968019E-025
  6.449063622151700E-025
  6.447299492827707E-025
  6.445520704943794E-025
  6.443727150879429E-025
  6.441918722518555E-025
  6.440095311094176E-025
  6.438256807420611E-025
  6.436403101650539E-025
  6.434534083476273E-025
  6.432649642014825E-025
  6.430749665834743E-025
  6.428834043015712E-025
  6.426902661061514E-025
  6.424955406940826E-025
  6.422992167106804E-025
  6.421012827508339E-025
  6.419017273507686E-025
  6.417005389996578E-025
  6.414977061353541E-025
  6.412932171389388E-025
  6.410870603441843E-025
  6.408792240320417E-025
  6.406696964356251E-025
  6.404584657328690E-025
  6.402455200530807E-025
  6.400308474811894E-025
  6.398144360458921E-025
  6.395962737280486E-025
  6.393763484646974E-025
  6.391546481382333E-025
  6.389311605888218E-025
  6.387058736058675E-025
  6.384787749339157E-025
  6.382498522683928E-025
  6.380190932621626E-025
  6.377864855209998E-025
  6.375520166041358E-025
  6.373156740304003E-025
  6.370774452702311E-025
  6.368373177545830E-025
  6.365952788677558E-025
  6.363513159544846E-025
  6.361054163187378E-025
  6.358575672189804E-025
  6.356077558788545E-025
  6.353559694765980E-025
  6.351021951564059E-025
  6.348464200201460E-025
  6.345886311339789E-025
  6.343288155256036E-025
  6.340669601873716E-025
  6.338030520751812E-025
  6.335370781103317E-025
  6.332690251793990E-025
  6.329988801355874E-025
  6.327266298002888E-025
  6.324522609613999E-025
  6.321757603772002E-025
  6.318971147755663E-025
  6.316163108545066E-025
  6.313333352828880E-025
  6.310481747039509E-025
  6.307608157320431E-025
  6.304712449576155E-025
  6.301794489446971E-025
  6.298854142348047E-025
  6.295891273449143E-025
  6.292905747719142E-025
  6.289897429904754E-025
  6.286866184557572E-025
  6.283811876045283E-025
  6.280734368547998E-025
  6.277633526084882E-025
  6.274509212522662E-025
  6.271361291581847E-025
  6.268189626842084E-025
  6.264994081765214E-025
  6.261774519707264E-025
  6.258530803925487E-025
  6.255262797583933E-025
  6.251970363778392E-025
  6.248653365544825E-025
  6.245311665865901E-025
  6.241945127694565E-025
  6.238553613952394E-025
  6.235136987559680E-025
  6.231695111438294E-025
  6.228227848524612E-025
  6.224735061790861E-025
  6.221216614251397E-025
  6.217672368980616E-025
  6.214102189127860E-025
  6.210505937930733E-025
  6.206883478729886E-025
  6.203234674984260E-025
  6.199559390283700E-025
  6.195857488372594E-025
  6.192128833149188E-025
  6.188373288702918E-025
  6.184590719312060E-025
  6.180780989467247E-025
  6.176943963888596E-025
  6.173079507539773E-025
  6.169187485642741E-025
  6.165267763703242E-025
  6.161320207515314E-025
  6.157344683188614E-025
  6.153341057159047E-025
  6.149309196212042E-025
  6.145248967496486E-025
  6.141160238540928E-025
  6.137042877277712E-025
  6.132896752055348E-025
  6.128721731659364E-025
  6.124517685331419E-025
  6.120284482785863E-025
  6.116021994230463E-025
  6.111730090384891E-025
  6.107408642499443E-025
  6.103057522375874E-025
  6.098676602385959E-025
  6.094265755488150E-025
  6.089824855254738E-025
  6.085353775884649E-025
  6.080852392226906E-025
  6.076320579800005E-025
  6.071758214813023E-025
  6.067165174186135E-025
  6.062541335571265E-025
  6.057886577370559E-025
  6.053200778761678E-025
  6.048483819715610E-025
  6.043735581018821E-025
  6.038955944294662E-025
  6.034144792025350E-025
  6.029302007572550E-025
  6.024427475198825E-025
  6.019521080091027E-025
  6.014582708380827E-025
  6.009612247167736E-025
  6.004609584538936E-025
  5.999574609593885E-025
  5.994507212466992E-025
  5.989407284347203E-025
  5.984274717502233E-025
  5.979109405301524E-025
  5.973911242237079E-025
  5.968680123947235E-025
  5.963415947241225E-025
  5.958118610116888E-025
  5.952788011788759E-025
  5.947424052707627E-025
  5.942026634585375E-025
  5.936595660416355E-025
  5.931131034501626E-025
  5.925632662471154E-025
  5.920100451306961E-025
  5.914534309366809E-025
  5.908934146406189E-025
  5.903299873602092E-025
  5.897631403576233E-025
  5.891928650417010E-025
  5.886191529704184E-025
  5.880419958529788E-025
  5.874613855524004E-025
  5.868773140874444E-025
  5.862897736352718E-025
  5.856987565334863E-025
  5.851042552824972E-025
  5.845062625478019E-025
  5.839047711622562E-025
  5.832997741283388E-025
  5.826912646203946E-025
  5.820792359869004E-025
  5.814636817526625E-025
  5.808445956211341E-025
  5.802219714765419E-025
  5.795958033861574E-025
  5.789660856024742E-025
  5.783328125653547E-025
  5.776959789043135E-025
  5.770555794405411E-025
  5.764116091891205E-025
  5.757640633611967E-025
  5.751129373659892E-025
  5.744582268129765E-025
  5.737999275139318E-025
  5.731380354849994E-025
  5.724725469487159E-025
  5.718034583360949E-025
  5.711307662885806E-025
  5.704544676600094E-025
  5.697745595186662E-025
  5.690910391490773E-025
  5.684039040541097E-025
  5.677131519566974E-025
  5.670187808018218E-025
  5.663207887582931E-025
  5.656191742205727E-025
  5.649139358106203E-025
  5.642050723795850E-025
  5.634925830095776E-025
  5.627764670153771E-025
  5.620567239460797E-025
  5.613333535868011E-025
  5.606063559602185E-025
  5.598757313282190E-025
  5.591414801934099E-025
  5.584036033006381E-025
  5.576621016385198E-025
  5.569169764408214E-025
  5.561682291879241E-025
  5.554158616081664E-025
  5.546598756792313E-025
  5.539002736294036E-025
  5.531370579388496E-025
  5.523702313408692E-025
  5.515997968230417E-025
  5.508257576284167E-025
  5.500481172565833E-025
  5.492668794647569E-025
  5.484820482688136E-025
  5.476936279442286E-025
  5.469016230270758E-025
  5.461060383148737E-025
  5.453068788674558E-025
  5.445041500077720E-025
  5.436978573226611E-025
  5.428880066635379E-025
  5.420746041471002E-025
  5.412576561559125E-025
  5.404371693389993E-025
  5.396131506123740E-025
  5.387856071594962E-025
  5.379545464317258E-025
  5.371199761486816E-025
  5.362819042985773E-025
  5.354403391385107E-025
  5.345952891946691E-025
  5.337467632625223E-025
  5.328947704069461E-025
  5.320393199622989E-025
  5.311804215324325E-025
  5.303180849906703E-025
  5.294523204797227E-025
  5.285831384115503E-025
  5.277105494671673E-025
  5.268345645964052E-025
  5.259551950176161E-025
  5.250724522173148E-025
  5.241863479497784E-025
  5.232968942365803E-025
  5.224041033660822E-025
  5.215079878928565E-025
  5.206085606370719E-025
  5.197058346838020E-025
  5.187998233822985E-025
  5.178905403451966E-025
  5.169779994476754E-025
  5.160622148265531E-025
  5.151432008793325E-025
  5.142209722631865E-025
  5.132955438939008E-025
  5.123669309447473E-025
  5.114351488453065E-025
  5.105002132802385E-025
  5.095621401879984E-025
  5.086209457594942E-025
  5.076766464366936E-025
  5.067292589111686E-025
  5.057788001226010E-025
  5.048252872572217E-025
  5.038687377461943E-025
  5.029091692639595E-025
  5.019465997265148E-025
  5.009810472896417E-025
  5.000125303470846E-025
  4.990410675286833E-025
  4.980666776984344E-025
  4.970893799525275E-025
  4.961091936173064E-025
  4.951261382471997E-025
  4.941402336225865E-025
  4.931514997476204E-025
  4.921599568480059E-025
  4.911656253687228E-025
  4.901685259716996E-025
  4.891686795334503E-025
  4.881661071426555E-025
  4.871608300976966E-025
  4.861528699041557E-025
  4.851422482722582E-025
  4.841289871142771E-025
  4.831131085418938E-025
  4.820946348635191E-025
  4.810735885815630E-025
  4.800499923896763E-025
  4.790238691699379E-025
  4.779952419900185E-025
  4.769641341002858E-025
  4.759305689308938E-025
  4.748945700888153E-025
  4.738561613548504E-025
  4.728153666805961E-025
  4.717722101853790E-025
  4.707267161531577E-025
  4.696789090293926E-025
  4.686288134178789E-025
  4.675764540775554E-025
  4.665218559192791E-025
  4.654650440025745E-025
  4.644060435323465E-025
  4.633448798555808E-025
  4.622815784580037E-025
  4.612161649607245E-025
  4.601486651168555E-025
  4.590791048081037E-025
  4.580075100413435E-025
  4.569339069451696E-025
  4.558583217664283E-025
  4.547807808667310E-025
  4.537013107189503E-025
  4.526199379036994E-025
  4.515366891057950E-025
  4.504515911107094E-025
  4.493646708010046E-025
  4.482759551527580E-025
  4.471854712319750E-025
  4.460932461909946E-025
  4.449993072648813E-025
  4.439036817678168E-025
  4.428063970894738E-025
  4.417074806914004E-025
  4.406069601033853E-025
  4.395048629198269E-025
  4.384012167961005E-025
  4.372960494449251E-025
  4.361893886327254E-025
  4.350812621760032E-025
  4.339716979377030E-025
  4.328607238235888E-025
  4.317483677786198E-025
  4.306346577833360E-025
  4.295196218502469E-025
  4.284032880202345E-025
  4.272856843589576E-025
  4.261668389532720E-025
  4.250467799076609E-025
  4.239255353406764E-025
  4.228031333813952E-025
  4.216796021658903E-025
  4.205549698337144E-025
  4.194292645244069E-025
  4.183025143740088E-025
  4.171747475116062E-025
  4.160459920558876E-025
  4.149162761117221E-025
  4.137856277667624E-025
  4.126540750880676E-025
  4.115216461187509E-025
  4.103883688746524E-025
  4.092542713410343E-025
  4.081193814693085E-025
  4.069837271737849E-025
  4.058473363284525E-025
  4.047102367637861E-025
  4.035724562635884E-025
  4.024340225618560E-025
  4.012949633396822E-025
  4.001553062221894E-025
  3.990150787754972E-025
  3.978743085037217E-025
  3.967330228460115E-025
  3.955912491736174E-025
  3.944490147870034E-025
  3.933063469129852E-025
  3.921632727019153E-025
  3.910198192249033E-025
  3.898760134710717E-025
  3.887318823448567E-025
  3.875874526633457E-025
  3.864427511536554E-025
  3.852978044503548E-025
  3.841526390929232E-025
  3.830072815232597E-025
  3.818617580832246E-025
  3.807160950122350E-025
  3.795703184448957E-025
  3.784244544086793E-025
  3.772785288216472E-025
  3.761325674902213E-025
  3.749865961069922E-025
  3.738406402485821E-025
  3.726947253735475E-025
  3.715488768203323E-025
  3.704031198052627E-025
  3.692574794205955E-025
  3.681119806326066E-025
  3.669666482797321E-025
  3.658215070707534E-025
  3.646765815830320E-025
  3.635318962607914E-025
  3.623874754134475E-025
  3.612433432139840E-025
  3.600995236973822E-025
  3.589560407590909E-025
  3.578129181535534E-025
  3.566701794927722E-025
  3.555278482449342E-025
  3.543859477330718E-025
  3.532445011337829E-025
  3.521035314759907E-025
  3.509630616397549E-025
  3.498231143551335E-025
  3.486837122010868E-025
  3.475448776044327E-025
  3.464066328388492E-025
  3.452690000239226E-025
  3.441320011242431E-025
  3.429956579485502E-025
  3.418599921489183E-025
  3.407250252199965E-025
  3.395907784982876E-025
  3.384572731614776E-025
  3.373245302278064E-025
  3.361925705554894E-025
  3.350614148421759E-025
  3.339310836244602E-025
  3.328015972774305E-025
  3.316729760142641E-025
  3.305452398858661E-025
  3.294184087805498E-025
  3.282925024237574E-025
  3.271675403778285E-025
  3.260435420418046E-025
  3.249205266512754E-025
  3.237985132782657E-025
  3.226775208311669E-025
  3.215575680546971E-025
  3.204386735299131E-025
  3.193208556742488E-025
  3.182041327416005E-025
  3.170885228224419E-025
  3.159740438439820E-025
  3.148607135703555E-025
  3.137485496028482E-025
  3.126375693801580E-025
  3.115277901786918E-025
  3.104192291128922E-025
  3.093119031356005E-025
  3.082058290384496E-025
  3.071010234522891E-025
  3.059975028476424E-025
  3.048952835351928E-025
  3.037943816662989E-025
  3.026948132335410E-025
  3.015965940712915E-025
  3.004997398563180E-025
  2.994042661084099E-025
  2.983101881910324E-025
  2.972175213120036E-025
  2.961262805242016E-025
  2.950364807262889E-025
  2.939481366634661E-025
  2.928612629282444E-025
  2.917758739612412E-025
  2.906919840519983E-025
  2.896096073398173E-025
  2.885287578146191E-025
  2.874494493178177E-025
  2.863716955432167E-025
  2.852955100379222E-025
  2.842209062032692E-025
  2.831478972957711E-025
  2.820764964280767E-025
  2.810067165699497E-025
  2.799385705492571E-025
  2.788720710529730E-025
  2.778072306281956E-025
  2.767440616831742E-025
  2.756825764883515E-025
  2.746227871774120E-025
  2.735647057483440E-025
  2.725083440645095E-025
  2.714537138557220E-025
  2.704008267193348E-025
  2.693496941213337E-025
  2.683003273974413E-025
  2.672527377542192E-025
  2.662069362701855E-025
  2.651629338969286E-025
  2.641207414602323E-025
  2.630803696611980E-025
  2.620418290773770E-025
  2.610051301638980E-025
  2.599702832546021E-025
  2.589372985631756E-025
  2.579061861842867E-025
  2.568769560947182E-025
  2.558496181545040E-025
  2.548241821080620E-025
  2.538006575853265E-025
  2.527790541028782E-025
  2.517593810650729E-025
  2.507416477651646E-025
  2.497258633864290E-025
  2.487120370032785E-025
  2.477001775823765E-025
  2.466902939837443E-025
  2.456823949618654E-025
  2.446764891667797E-025
  2.436725851451764E-025
  2.426706913414759E-025
  2.416708160989081E-025
  2.406729676605806E-025
  2.396771541705410E-025
  2.386833836748285E-025
  2.376916641225215E-025
  2.367020033667693E-025
  2.357144091658227E-025
  2.347288891840464E-025
  2.337454509929300E-025
  2.327641020720803E-025
  2.317848498102113E-025
  2.308077015061159E-025
  2.298326643696331E-025
  2.288597455225971E-025
  2.278889519997814E-025
  2.269202907498256E-025
  2.259537686361546E-025
  2.249893924378805E-025
  2.240271688506972E-025
  2.230671044877586E-025
  2.221092058805455E-025
  2.211534794797177E-025
  2.201999316559566E-025
  2.192485687007885E-025
  2.182993968274008E-025
  2.173524221714398E-025
  2.164076507917964E-025
  2.154650886713778E-025
  2.145247417178653E-025
  2.135866157644580E-025
  2.126507165706009E-025
  2.117170498227017E-025
  2.107856211348297E-025
  2.098564360494031E-025
  2.089295000378604E-025
  2.080048185013178E-025
  2.070823967712119E-025
  2.061622401099284E-025
  2.052443537114152E-025
  2.043287427017825E-025
  2.034154121398871E-025
  2.025043670179025E-025
  2.015956122618757E-025
  2.006891527322673E-025
  1.997849932244791E-025
  1.988831384693678E-025
  1.979835931337420E-025
  1.970863618208475E-025
  1.961914490708368E-025
  1.952988593612260E-025
  1.944085971073361E-025
  1.935206666627228E-025
  1.926350723195897E-025
  1.917518183091900E-025
  1.908709088022144E-025
  1.899923479091648E-025
  1.891161396807148E-025
  1.882422881080592E-025
  1.873707971232463E-025
  1.865016705995029E-025
  1.856349123515405E-025
  1.847705261358555E-025
  1.839085156510101E-025
  1.830488845379086E-025
  1.821916363800545E-025
  1.813367747038000E-025
  1.804843029785840E-025
  1.796342246171563E-025
  1.787865429757919E-025
  1.779412613544947E-025
  1.770983829971891E-025
  1.762579110919021E-025
  1.754198487709337E-025
  1.745841991110187E-025
  1.737509651334763E-025
  1.729201498043524E-025
  1.720917560345492E-025
  1.712657866799496E-025
  1.704422445415271E-025
  1.696211323654520E-025
  1.688024528431850E-025
  1.679862086115647E-025
  1.671724022528848E-025
  1.663610362949655E-025
  1.655521132112153E-025
  1.647456354206863E-025
  1.639416052881202E-025
  1.631400251239917E-025
  1.623408971845380E-025
  1.615442236717897E-025
  1.607500067335880E-025
  1.599582484636009E-025
  1.591689509013304E-025
  1.583821160321163E-025
  1.575977457871314E-025
  1.568158420433761E-025
  1.560364066236622E-025
  1.552594412965980E-025
  1.544849477765636E-025
  1.537129277236858E-025
  1.529433827438060E-025
  1.521763143884467E-025
  1.514117241547724E-025
  1.506496134855491E-025
  1.498899837690979E-025
  1.491328363392492E-025
  1.483781724752907E-025
  1.476259934019155E-025
  1.468763002891663E-025
  1.461290942523794E-025
  1.453843763521240E-025
  1.446421475941430E-025
  1.439024089292898E-025
  1.431651612534665E-025
  1.424304054075579E-025
  1.416981421773683E-025
  1.409683722935546E-025
  1.402410964315610E-025
  1.395163152115527E-025
  1.387940291983499E-025
  1.380742389013610E-025
  1.373569447745190E-025
  1.366421472162144E-025
  1.359298465692325E-025
  1.352200431206894E-025
  1.345127371019702E-025
  1.338079286886677E-025
  1.331056180005241E-025
  1.324058051013716E-025
  1.317084899990781E-025
  1.310136726454918E-025
  1.303213529363906E-025
  1.296315307114312E-025
  1.289442057541030E-025
  1.282593777916826E-025
  1.275770464951926E-025
  1.268972114793613E-025
  1.262198723025884E-025
  1.255450284669102E-025
  1.248726794179713E-025
  1.242028245449969E-025
  1.235354631807711E-025
  1.228705946016166E-025
  1.222082180273805E-025
  1.215483326214206E-025
  1.208909374906000E-025
  1.202360316852814E-025
  1.195836141993290E-025
  1.189336839701120E-025
  1.182862398785153E-025
  1.176412807489508E-025
  1.169988053493774E-025
  1.163588123913229E-025
  1.157213005299111E-025
  1.150862683638941E-025
  1.144537144356891E-025
  1.138236372314211E-025
  1.131960351809681E-025
  1.125709066580147E-025
  1.119482499801072E-025
  1.113280634087178E-025
  1.107103451493100E-025
  1.100950933514122E-025
  1.094823061086953E-025
  1.088719814590557E-025
  1.082641173847040E-025
  1.076587118122591E-025
  1.070557626128474E-025
  1.064552676022078E-025
  1.058572245408017E-025
  1.052616311339296E-025
  1.046684850318519E-025
  1.040777838299166E-025
  1.034895250686906E-025
  1.029037062340995E-025
  1.023203247575701E-025
  1.017393780161803E-025
  1.011608633328139E-025
  1.005847779763211E-025
  1.000111191616846E-025
  9.943988405019175E-026
  9.887106974961067E-026
  9.830467331437496E-026
  9.774069174577023E-026
  9.717912199212923E-026
  9.661996094903090E-026
  9.606320545950556E-026
  9.550885231424467E-026
  9.495689825181802E-026
  9.440733995889345E-026
  9.386017407046472E-026
  9.331539717008280E-026
  9.277300579009420E-026
  9.223299641188194E-026
  9.169536546611556E-026
  9.116010933300207E-026
  9.062722434254569E-026
  9.009670677481067E-026
  8.956855286018970E-026
  8.904275877967700E-026
  8.851932066514756E-026
  8.799823459963944E-026
  8.747949661764297E-026
  8.696310270539256E-026
  8.644904880116567E-026
  8.593733079558396E-026
  8.542794453192156E-026
  8.492088580641538E-026
  8.441615036858251E-026
  8.391373392153966E-026
  8.341363212232892E-026
  8.291584058224630E-026
  8.242035486717591E-026
  8.192717049792666E-026
  8.143628295057524E-026
  8.094768765681062E-026
  8.046138000428481E-026
  7.997735533696566E-026
  7.949560895549523E-026
  7.901613611754986E-026
  7.853893203820600E-026
  7.806399189030800E-026
  7.759131080484035E-026
  7.712088387130264E-026
  7.665270613808923E-026
  7.618677261287003E-026
  7.572307826297667E-026
  7.526161801579009E-026
  7.480238675913272E-026
  7.434537934166159E-026
  7.389059057326710E-026
  7.343801522547149E-026
  7.298764803183242E-026
  7.253948368834798E-026
  7.209351685386486E-026
  7.164974215048809E-026
  7.120815416399466E-026
  7.076874744424764E-026
  7.033151650561410E-026
  6.989645582738399E-026
  6.946355985419221E-026
  6.903282299644146E-026
  6.860423963072790E-026
  6.817780410026767E-026
  6.775351071532697E-026
  6.733135375365124E-026
  6.691132746089778E-026
  6.649342605106950E-026
  6.607764370694950E-026
  6.566397458053724E-026
  6.525241279348663E-026
  6.484295243754378E-026
  6.443558757498771E-026
  6.403031223907006E-026
  6.362712043445768E-026
  6.322600613767422E-026
  6.282696329754432E-026
  6.242998583563637E-026
  6.203506764670823E-026
  6.164220259915137E-026
  6.125138453543696E-026
  6.086260727256110E-026
  6.047586460249186E-026
  6.009115029261482E-026
  5.970845808618026E-026
  5.932778170274944E-026
  5.894911483864138E-026
  5.857245116737914E-026
  5.819778434013688E-026
  5.782510798618535E-026
  5.745441571333830E-026
  5.708570110839775E-026
  5.671895773759977E-026
  5.635417914705808E-026
  5.599135886320943E-026
  5.563049039325611E-026
  5.527156722560946E-026
  5.491458283033144E-026
  5.455953065957642E-026
  5.420640414803091E-026
  5.385519671335388E-026
  5.350590175661428E-026
  5.315851266272923E-026
  5.281302280089986E-026
  5.246942552504631E-026
  5.212771417424229E-026
  5.178788207314674E-026
  5.144992253243571E-026
  5.111382884923178E-026
  5.077959430753287E-026
  5.044721217863866E-026
  5.011667572157613E-026
  4.978797818352298E-026
  4.946111280023007E-026
  4.913607279644131E-026
  4.881285138631233E-026
  4.849144177382731E-026
  4.817183715321366E-026
  4.785403070935493E-026
  4.753801561820221E-026
  4.722378504718251E-026
  4.691133215560642E-026
  4.660065009507220E-026
  4.629173200986959E-026
  4.598457103737916E-026
  4.567916030847195E-026
  4.537549294790458E-026
  4.507356207471395E-026
  4.477336080260828E-026
  4.447488224035665E-026
  4.417811949217550E-026
  4.388306565811355E-026
  4.358971383443307E-026
  4.329805711399011E-026
  4.300808858661075E-026
  4.271980133946620E-026
  4.243318845744393E-026
  4.214824302351756E-026
  4.186495811911294E-026
  4.158332682447247E-026
  4.130334221901601E-026
  4.102499738169974E-026
  4.074828539137176E-026
  4.047319932712522E-026
  4.019973226864844E-026
  3.992787729657261E-026
  3.965762749281624E-026
  3.938897594092708E-026
  3.912191572642092E-026
  3.885643993711769E-026
  3.859254166347452E-026
  3.833021399891629E-026
  3.806945004016244E-026
  3.781024288755170E-026
  3.755258564536318E-026
  3.729647142213514E-026
  3.704189333097988E-026
  3.678884448989678E-026
  3.653731802208111E-026
  3.628730705623080E-026
  3.603880472684948E-026
  3.579180417454711E-026
  3.554629854633690E-026
  3.530228099592966E-026
  3.505974468402481E-026
  3.481868277859854E-026
  3.457908845518853E-026
  3.434095489717622E-026
  3.410427529606505E-026
  3.386904285175668E-026
  3.363525077282294E-026
  3.340289227677612E-026
  3.317196059033447E-026
  3.294244894968620E-026
  3.271435060074912E-026
  3.248765879942803E-026
  3.226236681186849E-026
  3.203846791470777E-026
  3.181595539532244E-026
  3.159482255207322E-026
  3.137506269454627E-026
  3.115666914379199E-026
