  6.650003130969013E-025
  6.650002971442091E-025
  6.650002810439087E-025
  6.650002647946340E-025
  6.650002483950070E-025
  6.650002318436357E-025
  6.650002151391165E-025
  6.650001982800320E-025
  6.650001812649531E-025
  6.650001640924348E-025
  6.650001467610217E-025
  6.650001292692429E-025
  6.650001116156142E-025
  6.650000937986387E-025
  6.650000758168047E-025
  6.650000576685878E-025
  6.650000393524464E-025
  6.650000208668280E-025
  6.650000022101639E-025
  6.649999833808731E-025
  6.649999643773563E-025
  6.649999451980019E-025
  6.649999258411834E-025
  6.649999063052583E-025
  6.649998865885692E-025
  6.649998666894439E-025
  6.649998466061951E-025
  6.649998263371175E-025
  6.649998058804933E-025
  6.649997852345855E-025
  6.649997643976430E-025
  6.649997433678998E-025
  6.649997221435702E-025
  6.649997007228547E-025
  6.649996791039352E-025
  6.649996572849788E-025
  6.649996352641332E-025
  6.649996130395319E-025
  6.649995906092882E-025
  6.649995679715017E-025
  6.649995451242485E-025
  6.649995220655930E-025
  6.649994987935785E-025
  6.649994753062309E-025
  6.649994516015574E-025
  6.649994276775466E-025
  6.649994035321698E-025
  6.649993791633794E-025
  6.649993545691077E-025
  6.649993297472671E-025
  6.649993046957528E-025
  6.649992794124397E-025
  6.649992538951829E-025
  6.649992281418184E-025
  6.649992021501601E-025
  6.649991759180046E-025
  6.649991494431260E-025
  6.649991227232780E-025
  6.649990957561952E-025
  6.649990685395884E-025
  6.649990410711487E-025
  6.649990133485475E-025
  6.649989853694320E-025
  6.649989571314295E-025
  6.649989286321428E-025
  6.649988998691564E-025
  6.649988708400288E-025
  6.649988415422974E-025
  6.649988119734792E-025
  6.649987821310635E-025
  6.649987520125185E-025
  6.649987216152907E-025
  6.649986909368008E-025
  6.649986599744462E-025
  6.649986287256006E-025
  6.649985971876127E-025
  6.649985653578077E-025
  6.649985332334849E-025
  6.649985008119190E-025
  6.649984680903610E-025
  6.649984350660338E-025
  6.649984017361359E-025
  6.649983680978406E-025
  6.649983341482935E-025
  6.649982998846160E-025
  6.649982653039002E-025
  6.649982304032132E-025
  6.649981951795931E-025
  6.649981596300535E-025
  6.649981237515782E-025
  6.649980875411233E-025
  6.649980509956173E-025
  6.649980141119599E-025
  6.649979768870219E-025
  6.649979393176458E-025
  6.649979014006450E-025
  6.649978631328029E-025
  6.649978245108715E-025
  6.649977855315763E-025
  6.649977461916107E-025
  6.649977064876362E-025
  6.649976664162859E-025
  6.649976259741599E-025
  6.649975851578276E-025
  6.649975439638254E-025
  6.649975023886607E-025
  6.649974604288059E-025
  6.649974180807003E-025
  6.649973753407537E-025
  6.649973322053383E-025
  6.649972886707963E-025
  6.649972447334345E-025
  6.649972003895245E-025
  6.649971556353059E-025
  6.649971104669820E-025
  6.649970648807194E-025
  6.649970188726532E-025
  6.649969724388790E-025
  6.649969255754617E-025
  6.649968782784180E-025
  6.649968305437412E-025
  6.649967823673824E-025
  6.649967337452514E-025
  6.649966846732251E-025
  6.649966351471426E-025
  6.649965851628009E-025
  6.649965347159611E-025
  6.649964838023420E-025
  6.649964324176231E-025
  6.649963805574458E-025
  6.649963282174183E-025
  6.649962753931076E-025
  6.649962220799690E-025
  6.649961682735724E-025
  6.649961139693221E-025
  6.649960591625786E-025
  6.649960038487178E-025
  6.649959480230432E-025
  6.649958916808384E-025
  6.649958348172615E-025
  6.649957774275296E-025
  6.649957195068275E-025
  6.649956610502276E-025
  6.649956020527135E-025
  6.649955425090143E-025
  6.649954824147066E-025
  6.649954217643208E-025
  6.649953605527537E-025
  6.649952987749749E-025
  6.649952364250853E-025
  6.649951734985439E-025
  6.649951099899485E-025
  6.649950458935913E-025
  6.649949812039779E-025
  6.649949159157781E-025
  6.649948500209312E-025
  6.649947835216359E-025
  6.649947164031411E-025
  6.649946486658036E-025
  6.649945803013324E-025
  6.649945112998379E-025
  6.649944416671195E-025
  6.649943713858168E-025
  6.649943004559871E-025
  6.649942288809657E-025
  6.649941566198125E-025
  6.649940837039753E-025
  6.649940101206209E-025
  6.649939358472147E-025
  6.649938608767978E-025
  6.649937852174760E-025
  6.649937088566685E-025
  6.649936318069742E-025
  6.649935540311119E-025
  6.649934755494690E-025
  6.649933963028329E-025
  6.649933163535739E-025
  6.649932356826424E-025
  6.649931542109780E-025
  6.649930720681302E-025
  6.649929890879083E-025
  6.649929053273470E-025
  6.649928208922199E-025
  6.649927355827983E-025
  6.649926494488671E-025
  6.649925626111478E-025
  6.649924750983556E-025
  6.649923864765937E-025
  6.649922972413334E-025
  6.649922071077340E-025
  6.649921160355932E-025
  6.649920242766989E-025
  6.649919316805351E-025
  6.649918380423710E-025
  6.649917434071256E-025
  6.649916485466718E-025
  6.649915523097506E-025
  6.649914554987293E-025
  6.649913571774072E-025
  6.649912580706284E-025
  6.649911586305059E-025
  6.649910584747283E-025
  6.649909564650669E-025
  6.649908535118563E-025
  6.649907506297070E-025
  6.649906464854515E-025
  6.649905405706905E-025
  6.649904345593688E-025
  6.649903285929692E-025
  6.649902190521036E-025
  6.649901098437702E-025
  6.649899995264262E-025
  6.649898882676806E-025
  6.649897749222357E-025
  6.649896629759663E-025
  6.649895455829826E-025
  6.649894304250265E-025
  6.649893162799166E-025
  6.649891975408983E-025
  6.649890815814198E-025
  6.649889566568520E-025
  6.649888374948672E-025
  6.649887143385794E-025
  6.649885908338838E-025
  6.649884715584224E-025
  6.649883443940329E-025
  6.649882080617228E-025
  6.649880895215982E-025
  6.649879576743064E-025
  6.649878284632376E-025
  6.649876925136542E-025
  6.649875663373613E-025
  6.649874273095640E-025
  6.649872949682343E-025
  6.649871528671498E-025
  6.649870245245961E-025
  6.649868886847455E-025
  6.649867372665963E-025
  6.649866080286723E-025
  6.649864636720142E-025
  6.649863182921023E-025
  6.649861758622444E-025
  6.649860194367513E-025
  6.649858803856258E-025
  6.649857119028875E-025
  6.649855538719026E-025
  6.649854171574770E-025
  6.649852544754576E-025
  6.649850833320862E-025
  6.649849564268265E-025
  6.649847788146790E-025
  6.649846363429704E-025
  6.649844907266021E-025
  6.649843381099120E-025
  6.649841564959192E-025
  6.649839462788317E-025
  6.649838255135710E-025
  6.649836666840559E-025
  6.649835001833310E-025
  6.649833411995728E-025
  6.649831047895305E-025
  6.649829968132840E-025
  6.649828268476539E-025
  6.649826242524145E-025
  6.649823984196453E-025
  6.649822671427585E-025
  6.649821580879954E-025
  6.649818570802420E-025
  6.649816578241500E-025
  6.649815413692531E-025
  6.649813187636688E-025
  6.649812206567115E-025
  6.649809895671751E-025
  6.649806158141576E-025
  6.649805203452121E-025
  6.649802777434060E-025
  6.649801199275301E-025
  6.649798964399556E-025
  6.649796998699392E-025
  6.649793815987099E-025
  6.649793440703145E-025
  6.649790499145320E-025
  6.649788355550694E-025
  6.649786656884779E-025
  6.649784656182929E-025
  6.649781797524332E-025
  6.649779888416704E-025
  6.649779386166538E-025
  6.649775313053736E-025
  6.649770780041147E-025
  6.649773861597529E-025
  6.649769692716311E-025
  6.649766265022983E-025
  6.649763918779537E-025
  6.649761569075040E-025
  6.649760464948096E-025
  6.649756015745665E-025
  6.649753901105377E-025
  6.649754632101443E-025
  6.649748517027447E-025
  6.649747555247427E-025
  6.649743167138031E-025
  6.649742949740236E-025
  6.649741191532740E-025
  6.649736913771472E-025
  6.649735187554449E-025
  6.649729792206273E-025
  6.649730570214266E-025
  6.649727263077243E-025
  6.649726352364935E-025
  6.649720067568283E-025
  6.649718521170114E-025
  6.649713809068575E-025
  6.649710053502403E-025
  6.649712442042993E-025
  6.649706810074414E-025
  6.649707230584001E-025
  6.649701558057397E-025
  6.649697948614568E-025
  6.649696564010845E-025
  6.649686771215000E-025
  6.649688954881946E-025
  6.649681959442220E-025
  6.649682021673940E-025
  6.649678774092617E-025
  6.649673850676303E-025
  6.649673238267419E-025
  6.649667790374161E-025
  6.649667579200367E-025
  6.649657174409131E-025
  6.649661613621886E-025
  6.649658118072239E-025
  6.649651638004890E-025
  6.649651614168652E-025
  6.649643483931818E-025
  6.649647095332274E-025
  6.649637485058683E-025
  6.649640613929019E-025
  6.649630982876046E-025
  6.649620879940965E-025
  6.649624404133998E-025
  6.649619949289339E-025
  6.649615329440225E-025
  6.649608588216847E-025
  6.649603057569116E-025
  6.649609400363854E-025
  6.649601227317757E-025
  6.649601758444059E-025
  6.649593982042223E-025
  6.649599889474631E-025
  6.649584867905290E-025
  6.649579510277465E-025
  6.649572335041561E-025
  6.649580279086142E-025
  6.649564994596246E-025
  6.649573050162140E-025
  6.649569630539364E-025
  6.649566462145140E-025
  6.649569112519352E-025
  6.649548229434645E-025
  6.649543111686985E-025
  6.649540699053411E-025
  6.649542194805533E-025
  6.649534007199412E-025
  6.649517558360161E-025
  6.649527941733641E-025
  6.649515623915123E-025
  6.649519397299447E-025
  6.649510347110692E-025
  6.649499994147545E-025
  6.649501710925206E-025
  6.649488652049977E-025
  6.649493166449209E-025
  6.649469168113249E-025
  6.649485096987190E-025
  6.649469998967941E-025
  6.649462093809090E-025
  6.649457303871882E-025
  6.649462068330974E-025
  6.649443720693815E-025
  6.649462103186554E-025
  6.649430024440501E-025
  6.649433841524314E-025
  6.649441505608169E-025
  6.649435539632163E-025
  6.649418200409521E-025
  6.649417316699974E-025
  6.649407274906275E-025
  6.649402484379681E-025
  6.649404701119092E-025
  6.649399894221013E-025
  6.649384391248618E-025
  6.649390924710703E-025
  6.649383898896941E-025
  6.649378880446647E-025
  6.649354184576972E-025
  6.649356621314091E-025
  6.649350880157516E-025
  6.649346270397974E-025
  6.649343103371379E-025
  6.649343920875320E-025
  6.649327398587438E-025
  6.649318322935907E-025
  6.649321499722758E-025
  6.649302160111207E-025
  6.649304850706597E-025
  6.649291637906838E-025
  6.649289142030857E-025
  6.649290902869991E-025
  6.649260700560465E-025
  6.649265793874783E-025
  6.649261622498724E-025
  6.649260461360384E-025
  6.649241879585348E-025
  6.649241620363129E-025
  6.649235435344599E-025
  6.649213782447942E-025
  6.649223474313748E-025
  6.649225805576967E-025
  6.649193055788563E-025
  6.649189386007521E-025
  6.649181478539310E-025
  6.649185826438566E-025
  6.649172748201883E-025
  6.649163316443714E-025
  6.649156761340706E-025
  6.649145895204366E-025
  6.649143377407596E-025
  6.649127825725151E-025
  6.649131403875397E-025
  6.649117596646434E-025
  6.649097311186535E-025
  6.649097018917792E-025
  6.649095196910333E-025
  6.649091289846711E-025
  6.649069780430035E-025
  6.649064820051631E-025
  6.649057557691377E-025
  6.649057986398680E-025
  6.649034184406729E-025
  6.649035470020906E-025
  6.649010535474973E-025
  6.649002761585823E-025
  6.648997613743319E-025
  6.649001463125018E-025
  6.648980143675162E-025
  6.648977002982788E-025
  6.648971276335654E-025
  6.648945842288014E-025
  6.648947819279065E-025
  6.648925815905345E-025
  6.648937498026839E-025
  6.648919383277920E-025
  6.648894657324018E-025
  6.648888363144349E-025
  6.648878142932273E-025
  6.648866185484493E-025
  6.648851764477093E-025
  6.648850720994913E-025
  6.648842223275538E-025
  6.648820715297603E-025
  6.648815501859707E-025
  6.648802023303595E-025
  6.648795918450938E-025
  6.648774519717374E-025
  6.648762597102788E-025
  6.648764466032475E-025
  6.648749177147512E-025
  6.648729272868928E-025
  6.648730145563158E-025
  6.648716183683837E-025
  6.648695497435300E-025
  6.648687866884932E-025
  6.648674878265860E-025
  6.648671701297614E-025
  6.648654755592644E-025
  6.648645102501855E-025
  6.648629423936153E-025
  6.648609971241448E-025
  6.648597991961969E-025
  6.648592421488522E-025
  6.648564694699718E-025
  6.648563179093536E-025
  6.648557725983973E-025
  6.648535367148305E-025
  6.648519852562501E-025
  6.648508791325601E-025
  6.648502903664591E-025
  6.648476558590562E-025
  6.648470388535874E-025
  6.648456325446431E-025
  6.648431755562577E-025
  6.648418213002923E-025
  6.648409013971105E-025
  6.648386310864751E-025
  6.648374975700276E-025
  6.648365052710031E-025
  6.648334870238361E-025
  6.648335260563996E-025
  6.648307312751032E-025
  6.648297681338999E-025
  6.648289119871598E-025
  6.648261773874989E-025
  6.648247701751732E-025
  6.648235006081336E-025
  6.648210445772253E-025
  6.648201240470332E-025
  6.648178732774723E-025
  6.648170051221270E-025
  6.648137485930865E-025
  6.648130000836909E-025
  6.648112948011493E-025
  6.648100823550346E-025
  6.648079882575618E-025
  6.648061676629696E-025
  6.648036417540607E-025
  6.648023491443117E-025
  6.648010181467776E-025
  6.647991729212613E-025
  6.647970083813089E-025
  6.647953198930990E-025
  6.647928792129450E-025
  6.647909399665047E-025
  6.647895863815703E-025
  6.647872123854871E-025
  6.647851361161215E-025
  6.647830873898058E-025
  6.647817970857412E-025
  6.647793987533223E-025
  6.647769397399717E-025
  6.647750497546037E-025
  6.647727809734948E-025
  6.647709060939035E-025
  6.647683479394741E-025
  6.647664250625320E-025
  6.647641270292506E-025
  6.647618720354819E-025
  6.647601262188347E-025
  6.647575634268325E-025
  6.647557674302679E-025
  6.647534163558590E-025
  6.647503560786465E-025
  6.647485170201872E-025
  6.647459298944496E-025
  6.647439353358964E-025
  6.647411870338623E-025
  6.647390976193651E-025
  6.647362545530884E-025
  6.647342057457027E-025
  6.647317319004569E-025
  6.647289148026056E-025
  6.647268624799086E-025
  6.647237211604219E-025
  6.647215107915374E-025
  6.647190234519191E-025
  6.647163410856357E-025
  6.647135763694169E-025
  6.647109820326692E-025
  6.647080282708315E-025
  6.647054007044599E-025
  6.647024169323235E-025
  6.646996032738404E-025
  6.646969177919388E-025
  6.646945076379983E-025
  6.646914871912133E-025
  6.646882465039169E-025
  6.646862136351211E-025
  6.646826979956156E-025
  6.646795059153788E-025
  6.646771366843271E-025
  6.646735286401429E-025
  6.646710779293350E-025
  6.646678753164619E-025
  6.646645911941392E-025
  6.646615970094068E-025
  6.646582245944690E-025
  6.646549277634818E-025
  6.646519389754803E-025
  6.646486415640402E-025
  6.646452798951096E-025
  6.646423810871034E-025
  6.646389653922127E-025
  6.646353932401122E-025
  6.646320097247912E-025
  6.646290367628427E-025
  6.646250644314516E-025
  6.646215848532295E-025
  6.646181601400083E-025
  6.646146700189278E-025
  6.646109791472938E-025
  6.646072831880719E-025
  6.646036769386291E-025
  6.646001945821773E-025
  6.645966540815877E-025
  6.645930339060788E-025
  6.645885265075651E-025
  6.645850424720849E-025
  6.645812338383565E-025
  6.645774119665468E-025
  6.645735704246583E-025
  6.645693716726242E-025
  6.645655711776158E-025
  6.645616630659730E-025
  6.645575952602420E-025
  6.645531731236648E-025
  6.645490123446687E-025
  6.645449444070110E-025
  6.645407141236178E-025
  6.645365097539747E-025
  6.645320255388984E-025
  6.645279181571742E-025
  6.645234057225364E-025
  6.645189589720337E-025
  6.645147168322820E-025
  6.645099683453563E-025
  6.645055826998655E-025
  6.645006808995796E-025
  6.644964492379072E-025
  6.644917466217984E-025
  6.644867921662785E-025
  6.644821532197143E-025
  6.644773005843559E-025
  6.644726402846406E-025
  6.644674438128340E-025
  6.644626153613249E-025
  6.644578214786488E-025
  6.644525885594335E-025
  6.644475448455010E-025
  6.644425387889460E-025
  6.644373228381457E-025
  6.644321398643696E-025
  6.644268336060332E-025
  6.644214790158302E-025
  6.644162103769475E-025
  6.644108235790820E-025
  6.644053024031219E-025
  6.643997540848858E-025
  6.643940974056923E-025
  6.643884563065406E-025
  6.643829341142948E-025
  6.643770439572723E-025
  6.643715369231117E-025
  6.643656057787204E-025
  6.643596605443366E-025
  6.643537665901873E-025
  6.643476827406945E-025
  6.643417833162157E-025
  6.643357087863149E-025
  6.643295040308208E-025
  6.643232741851908E-025
  6.643170440507711E-025
  6.643106420550588E-025
  6.643042649923043E-025
  6.642978530737315E-025
  6.642913113142744E-025
  6.642848141954926E-025
  6.642782268606469E-025
  6.642714776327262E-025
  6.642647642633193E-025
  6.642579178632723E-025
  6.642510620838233E-025
  6.642441396795613E-025
  6.642370769485995E-025
  6.642301072702606E-025
  6.642230468493973E-025
  6.642157187833976E-025
  6.642085741508966E-025
  6.642011832035215E-025
  6.641938049424654E-025
  6.641863003607168E-025
  6.641787605046403E-025
  6.641710896640725E-025
  6.641634741191635E-025
  6.641557593040387E-025
  6.641479338399898E-025
  6.641400616365485E-025
  6.641321085677573E-025
  6.641241001745021E-025
  6.641159743695200E-025
  6.641078635279794E-025
  6.640995224380007E-025
  6.640912631411539E-025
  6.640827723665568E-025
  6.640743602404823E-025
  6.640657671712788E-025
  6.640571417855785E-025
  6.640484433486576E-025
  6.640395524918340E-025
  6.640307233994000E-025
  6.640217248404624E-025
  6.640127482031645E-025
  6.640035764230960E-025
  6.639943869174776E-025
  6.639850697471907E-025
  6.639757151535973E-025
  6.639662428097994E-025
  6.639566870043429E-025
  6.639470671332036E-025
  6.639372600623099E-025
  6.639274926485227E-025
  6.639175481018229E-025
  6.639076036260427E-025
  6.638974895525086E-025
  6.638872902370390E-025
  6.638770615774554E-025
  6.638666266107424E-025
  6.638561613792720E-025
  6.638456137825986E-025
  6.638349024232902E-025
  6.638241798933741E-025
  6.638133060523695E-025
  6.638023826146548E-025
  6.637912624666629E-025
  6.637801252090097E-025
  6.637688523300974E-025
  6.637574970556940E-025
  6.637460138649548E-025
  6.637344572075167E-025
  6.637227645079652E-025
  6.637109815583363E-025
  6.636990632730888E-025
  6.636870511093637E-025
  6.636749481201425E-025
  6.636626888909449E-025
  6.636503751737517E-025
  6.636378909480091E-025
  6.636253321351099E-025
  6.636126096782246E-025
  6.635998170799519E-025
  6.635869239956275E-025
  6.635738445247729E-025
  6.635607063853286E-025
  6.635474158295603E-025
  6.635340300568820E-025
  6.635204745815536E-025
  6.635068399818343E-025
  6.634930813350685E-025
  6.634791509991714E-025
  6.634651501408214E-025
  6.634509944508205E-025
  6.634366889185104E-025
  6.634222871604824E-025
  6.634077150331910E-025
  6.633930284297693E-025
  6.633781991084692E-025
  6.633632578358534E-025
  6.633481688429550E-025
  6.633329443614618E-025
  6.633175530348123E-025
  6.633020529687792E-025
  6.632864208522066E-025
  6.632705959946464E-025
  6.632546736437126E-025
  6.632385944304495E-025
  6.632223394776627E-025
  6.632059634694200E-025
  6.631894306404494E-025
  6.631727503930434E-025
  6.631559130715645E-025
  6.631389113948942E-025
  6.631217673016335E-025
  6.631044762175974E-025
  6.630870135753066E-025
  6.630693925299427E-025
  6.630516072667488E-025
  6.630336553820706E-025
  6.630155436994338E-025
  6.629972747528078E-025
  6.629788222223113E-025
  6.629602274376231E-025
  6.629414365557044E-025
  6.629224779465810E-025
  6.629033557444575E-025
  6.628840534530980E-025
  6.628645799337297E-025
  6.628449171800288E-025
  6.628250799259642E-025
  6.628050568143770E-025
  6.627848664167343E-025
  6.627644799553702E-025
  6.627439064598275E-025
  6.627231495032415E-025
  6.627022008883734E-025
  6.626810716856617E-025
  6.626597363317597E-025
  6.626381985860680E-025
  6.626164842230145E-025
  6.625945614729872E-025
  6.625724328751098E-025
  6.625501074404700E-025
  6.625275815248749E-025
  6.625048426702437E-025
  6.624819076336038E-025
  6.624587594709499E-025
  6.624353989964525E-025
  6.624118293878212E-025
  6.623880439473966E-025
  6.623640268686718E-025
  6.623398115741666E-025
  6.623153642395316E-025
  6.622906943417781E-025
  6.622658080838609E-025
  6.622406824678800E-025
  6.622153398045168E-025
  6.621897599486020E-025
  6.621639451474400E-025
  6.621378968107864E-025
  6.621116223738806E-025
  6.620850951455441E-025
  6.620583323912185E-025
  6.620313230578016E-025
  6.620040692692578E-025
  6.619765683186931E-025
  6.619488184378688E-025
  6.619208160069084E-025
  6.618925549755688E-025
  6.618640437307192E-025
  6.618352684047668E-025
  6.618062322870636E-025
  6.617769309280874E-025
  6.617473681178458E-025
  6.617175321516262E-025
  6.616874335102897E-025
  6.616570532920689E-025
  6.616264001761664E-025
  6.615954689027746E-025
  6.615642524596749E-025
  6.615327591303843E-025
  6.615009772669390E-025
  6.614689083142452E-025
  6.614365486606490E-025
  6.614038955966051E-025
  6.613709428013844E-025
  6.613376976867659E-025
  6.613041478896186E-025
  6.612702934057335E-025
  6.612361325333353E-025
  6.612016641728617E-025
  6.611668838561532E-025
  6.611317866030808E-025
  6.610963735676372E-025
  6.610606389727257E-025
  6.610245816988708E-025
  6.609881966610938E-025
  6.609514871543068E-025
  6.609144438338636E-025
  6.608770633313210E-025
  6.608393469192308E-025
  6.608012907005282E-025
  6.607628875104149E-025
  6.607241411384964E-025
  6.606850412835768E-025
  6.606455924537470E-025
  6.606057859281036E-025
  6.605656193097964E-025
  6.605250907525778E-025
  6.604841978870506E-025
  6.604429358014844E-025
  6.604013015482159E-025
  6.603592923922054E-025
  6.603169052128608E-025
  6.602741360543137E-025
  6.602309818089431E-025
  6.601874374104922E-025
  6.601435027891267E-025
  6.600991717590766E-025
  6.600544423647882E-025
  6.600093109755086E-025
  6.599637748976765E-025
  6.599178279949807E-025
  6.598714692623381E-025
  6.598246932141205E-025
  6.597774972912506E-025
  6.597298780521391E-025
  6.596818308385328E-025
  6.596333518620604E-025
  6.595844383725973E-025
  6.595350873061733E-025
  6.594852932719495E-025
  6.594350518255785E-025
  6.593843611716458E-025
  6.593332158865500E-025
  6.592816129717260E-025
  6.592295485239141E-025
  6.591770162181855E-025
  6.591240151135501E-025
  6.590705404550150E-025
  6.590165867233085E-025
  6.589621514168821E-025
  6.589072282784336E-025
  6.588518154199296E-025
  6.587959081456536E-025
  6.587395008971151E-025
  6.586825906515437E-025
  6.586251725734062E-025
  6.585672425549852E-025
  6.585087958920555E-025
  6.584498277288255E-025
  6.583903345071693E-025
  6.583303117905453E-025
  6.582697542529843E-025
  6.582086572775773E-025
  6.581470170220061E-025
  6.580848288124497E-025
  6.580220872129488E-025
  6.579587882895226E-025
  6.578949260957278E-025
  6.578304974348299E-025
  6.577654967532560E-025
  6.576999189818729E-025
  6.576337599581432E-025
  6.575670137721266E-025
  6.574996759994887E-025
  6.574317412698318E-025
  6.573632045806494E-025
  6.572940615881574E-025
  6.572243064326330E-025
  6.571539339120747E-025
  6.570829393026299E-025
  6.570113169002475E-025
  6.569390613088287E-025
  6.568661679727642E-025
  6.567926310863934E-025
  6.567184446673679E-025
  6.566436042356473E-025
  6.565681039346330E-025
  6.564919380847123E-025
  6.564151008561886E-025
  6.563375872801034E-025
  6.562593914581217E-025
  6.561805076708405E-025
  6.561009301533314E-025
  6.560206530089503E-025
  6.559396704469663E-025
  6.558579768809097E-025
  6.557755661441441E-025
  6.556924321811007E-025
  6.556085694065506E-025
  6.555239714862419E-025
  6.554386326556418E-025
  6.553525463015840E-025
  6.552657066107087E-025
  6.551781070995962E-025
  6.550897417063168E-025
  6.550006042239436E-025
  6.549106878810316E-025
  6.548199868240425E-025
  6.547284942377181E-025
  6.546362040096350E-025
  6.545431091099262E-025
  6.544492033505219E-025
  6.543544799970212E-025
  6.542589323029661E-025
  6.541625537530773E-025
  6.540653373969383E-025
  6.539672764899151E-025
  6.538683642530785E-025
  6.537685934835661E-025
  6.536679576716651E-025
  6.535664496881964E-025
  6.534640623584571E-025
  6.533607885875631E-025
  6.532566212654690E-025
  6.531515533073552E-025
  6.530455774529422E-025
  6.529386862936720E-025
  6.528308727219095E-025
  6.527221291324944E-025
  6.526124481773445E-025
  6.525018224095380E-025
  6.523902442511802E-025
  6.522777061818236E-025
  6.521642004278174E-025
  6.520497195763819E-025
  6.519342557155373E-025
  6.518178011643634E-025
  6.517003479835778E-025
  6.515818882730664E-025
  6.514624142793562E-025
  6.513419179182287E-025
  6.512203911842422E-025
  6.510978259771439E-025
  6.509742142473202E-025
  6.508495476835722E-025
  6.507238181131776E-025
  6.505970172949164E-025
  6.504691369213244E-025
  6.503401685575645E-025
  6.502101037001258E-025
  6.500789339809050E-025
  6.499466508273980E-025
  6.498132455953893E-025
  6.496787097414863E-025
  6.495430344896923E-025
  6.494062111413078E-025
  6.492682309290796E-025
  6.491290849559855E-025
  6.489887643555601E-025
  6.488472601434913E-025
  6.487045633185820E-025
  6.485606649220735E-025
  6.484155557563749E-025
  6.482692266695935E-025
  6.481216684911705E-025
  6.479728719725144E-025
  6.478228277646154E-025
  6.476715264797747E-025
  6.475189588037236E-025
  6.473651151934525E-025
  6.472099861957628E-025
  6.470535621418544E-025
  6.468958334808272E-025
  6.467367905591477E-025
  6.465764236378355E-025
  6.464147228971800E-025
  6.462516785947806E-025
  6.460872807915211E-025
  6.459215196063355E-025
  6.457543850198234E-025
  6.455858670392836E-025
  6.454159555633016E-025
  6.452446404846620E-025
  6.450719116245077E-025
  6.448977587526668E-025
  6.447221715739922E-025
  6.445451397817299E-025
  6.443666530003053E-025
  6.441867007991453E-025
  6.440052726991987E-025
  6.438223581750149E-025
  6.436379466548605E-025
  6.434520275120105E-025
  6.432645900878600E-025
  6.430756236739665E-025
  6.428851174883077E-025
  6.426930607102491E-025
  6.424994425055943E-025
  6.423042519567130E-025
  6.421074781073553E-025
  6.419091099493686E-025
  6.417091364586824E-025
  6.415075465291941E-025
  6.413043290247128E-025
  6.410994727716621E-025
  6.408929665371038E-025
  6.406847990626466E-025
  6.404749590232689E-025
  6.402634350528736E-025
  6.400502157699529E-025
  6.398352897305522E-025
  6.396186454449042E-025
  6.394002713740219E-025
  6.391801559700023E-025
  6.389582876056765E-025
  6.387346546517181E-025
  6.385092453941067E-025
  6.382820481398522E-025
  6.380530510875419E-025
  6.378222424520905E-025
  6.375896103899537E-025
  6.373551430078163E-025
  6.371188283959719E-025
  6.368806546125544E-025
  6.366406096482303E-025
  6.363986815018050E-025
  6.361548581020533E-025
  6.359091273751034E-025
  6.356614771747870E-025
  6.354118953701216E-025
  6.351603697544636E-025
  6.349068881205358E-025
  6.346514382166970E-025
  6.343940077697115E-025
  6.341345844736530E-025
  6.338731559921860E-025
  6.336097099660807E-025
  6.333442340113989E-025
  6.330767157056637E-025
  6.328071426302430E-025
  6.325355023099958E-025
  6.322617822604164E-025
  6.319859699833207E-025
  6.317080529457477E-025
  6.314280186058056E-025
  6.311458543948789E-025
  6.308615477199479E-025
  6.305750859831901E-025
  6.302864565668718E-025
  6.299956468304584E-025
  6.297026441272754E-025
  6.294074357898446E-025
  6.291100091440979E-025
  6.288103515010516E-025
  6.285084501582143E-025
  6.282042924096269E-025
  6.278978655393340E-025
  6.275891568195559E-025
  6.272781535204079E-025
  6.269648429080401E-025
  6.266492122391497E-025
  6.263312487710461E-025
  6.260109397584980E-025
  6.256882724629193E-025
  6.253632341297109E-025
  6.250358120213457E-025
  6.247059933982423E-025
  6.243737655283760E-025
  6.240391156743219E-025
  6.237020311210753E-025
  6.233624991526914E-025
  6.230205070638421E-025
  6.226760421616520E-025
  6.223290917632726E-025
  6.219796432019803E-025
  6.216276838267751E-025
  6.212732009985461E-025
  6.209161820996472E-025
  6.205566145330234E-025
  6.201944857184908E-025
  6.198297830997580E-025
  6.194624941450553E-025
  6.190926063452839E-025
  6.187201072207905E-025
  6.183449843177714E-025
  6.179672252125076E-025
  6.175868175159899E-025
  6.172037488649910E-025
  6.168180069367126E-025
  6.164295794422742E-025
  6.160384541294638E-025
  6.156446187857605E-025
  6.152480612409318E-025
  6.148487693641495E-025
  6.144467310722789E-025
  6.140419343239415E-025
  6.136343671286949E-025
  6.132240175424933E-025
  6.128108736741740E-025
  6.123949236842449E-025
  6.119761557871426E-025
  6.115545582543126E-025
  6.111301194138288E-025
  6.107028276542037E-025
  6.102726714242863E-025
  6.098396392374643E-025
  6.094037196714333E-025
  6.089649013695099E-025
  6.085231730447178E-025
  6.080785234805359E-025
  6.076309415319131E-025
  6.071804161286650E-025
  6.067269362759224E-025
  6.062704910564381E-025
  6.058110696340641E-025
  6.053486612515955E-025
  6.048832552371907E-025
  6.044148410043764E-025
  6.039434080536327E-025
  6.034689459730221E-025
  6.029914444439164E-025
  6.025108932394537E-025
  6.020272822280225E-025
  6.015406013746001E-025
  6.010508407429509E-025
  6.005579904983537E-025
  6.000620409075275E-025
  5.995629823420456E-025
  5.990608052808078E-025
  5.985555003108934E-025
  5.980470581290902E-025
  5.975354695454502E-025
  5.970207254847860E-025
  5.965028169868994E-025
  5.959817352110867E-025
  5.954574714359640E-025
  5.949300170635478E-025
  5.943993636188805E-025
  5.938655027539926E-025
  5.933284262483614E-025
  5.927881260120525E-025
  5.922445940869506E-025
  5.916978226488255E-025
  5.911478040092430E-025
  5.905945306177724E-025
  5.900379950640789E-025
  5.894781900788512E-025
  5.889151085369626E-025
  5.883487434579511E-025
  5.877790880102583E-025
  5.872061355103546E-025
  5.866298794264091E-025
  5.860503133799269E-025
  5.854674311473240E-025
  5.848812266615784E-025
  5.842916940146732E-025
  5.836988274591678E-025
  5.831026214096568E-025
  5.825030704455955E-025
  5.819001693118957E-025
  5.812939129213912E-025
  5.806842963567576E-025
  5.800713148719692E-025
  5.794549638938611E-025
  5.788352390244576E-025
  5.782121360423101E-025
  5.775856509039464E-025
  5.769557797463348E-025
  5.763225188878124E-025
  5.756858648299639E-025
  5.750458142594225E-025
  5.744023640493976E-025
  5.737555112612067E-025
  5.731052531457959E-025
  5.724515871453436E-025
  5.717945108951166E-025
  5.711340222243158E-025
  5.704701191580936E-025
  5.698027999189471E-025
  5.691320629278007E-025
  5.684579068060404E-025
  5.677803303762960E-025
  5.670993326639012E-025
  5.664149128987808E-025
  5.657270705162701E-025
  5.650358051580507E-025
  5.643411166744498E-025
  5.636430051247336E-025
  5.629414707787709E-025
  5.622365141178523E-025
  5.615281358363331E-025
  5.608163368421964E-025
  5.601011182586592E-025
  5.593824814247641E-025
  5.586604278966600E-025
  5.579349594485084E-025
  5.572060780733560E-025
  5.564737859843800E-025
  5.557380856152356E-025
  5.549989796213335E-025
  5.542564708806113E-025
  5.535105624940067E-025
  5.527612577866882E-025
  5.520085603082367E-025
  5.512524738338578E-025
  5.504930023644809E-025
  5.497301501278429E-025
  5.489639215786422E-025
  5.481943213994121E-025
  5.474213545008685E-025
  5.466450260221839E-025
  5.458653413316539E-025
  5.450823060269795E-025
  5.442959259355998E-025
  5.435062071149121E-025
  5.427131558526876E-025
  5.419167786671727E-025
  5.411170823071952E-025
  5.403140737524725E-025
  5.395077602135832E-025
  5.386981491319510E-025
  5.378852481801606E-025
  5.370690652614806E-025
  5.362496085101369E-025
  5.354268862911424E-025
  5.346009071999532E-025
  5.337716800624265E-025
  5.329392139345794E-025
  5.321035181022662E-025
  5.312646020807817E-025
  5.304224756146919E-025
  5.295771486771639E-025
  5.287286314697545E-025
  5.278769344216581E-025
  5.270220681894788E-025
  5.261640436563692E-025
  5.253028719315111E-025
  5.244385643495095E-025
  5.235711324695526E-025
  5.227005880747889E-025
  5.218269431714191E-025
  5.209502099879613E-025
  5.200704009742482E-025
  5.191875288006332E-025
  5.183016063569299E-025
  5.174126467514929E-025
  5.165206633100538E-025
  5.156256695747250E-025
  5.147276793028426E-025
  5.138267064657939E-025
  5.129227652478064E-025
  5.120158700446386E-025
  5.111060354624105E-025
  5.101932763161268E-025
  5.092776076284081E-025
  5.083590446280490E-025
  5.074376027484965E-025
  5.065132976264818E-025
  5.055861451003769E-025
  5.046561612086796E-025
  5.037233621884217E-025
  5.027877644734810E-025
  5.018493846929148E-025
  5.009082396692709E-025
  4.999643464167942E-025
  4.990177221396601E-025
  4.980683842301269E-025
  4.971163502667036E-025
  4.961616380122450E-025
  4.952042654120232E-025
  4.942442505917644E-025
  4.932816118556351E-025
  4.923163676842558E-025
  4.913485367326335E-025
  4.903781378280355E-025
  4.894051899679079E-025
  4.884297123177216E-025
  4.874517242087606E-025
  4.864712451359777E-025
  4.854882947556882E-025
  4.845028928833441E-025
  4.835150594912455E-025
  4.825248147062086E-025
  4.815321788072390E-025
  4.805371722231486E-025
  4.795398155301692E-025
  4.785401294495489E-025
  4.775381348450988E-025
  4.765338527207425E-025
  4.755273042180316E-025
  4.745185106136456E-025
  4.735074933168633E-025
  4.724942738670224E-025
  4.714788739309769E-025
  4.704613153004830E-025
  4.694416198896627E-025
  4.684198097323129E-025
  4.673959069793492E-025
  4.663699338961415E-025
  4.653419128598191E-025
  4.643118663566826E-025
  4.632798169794429E-025
  4.622457874245767E-025
  4.612098004896027E-025
  4.601718790703820E-025
  4.591320461583727E-025
  4.580903248379125E-025
  4.570467382834835E-025
  4.560013097569517E-025
  4.549540626048240E-025
  4.539050202554839E-025
  4.528542062164295E-025
  4.518016440715133E-025
  4.507473574781572E-025
  4.496913701645942E-025
  4.486337059270847E-025
  4.475743886271556E-025
  4.465134421888021E-025
  4.454508905957378E-025
  4.443867578886069E-025
  4.433210681622198E-025
  4.422538455627888E-025
  4.411851142851589E-025
  4.401148985700510E-025
  4.390432227013147E-025
  4.379701110031723E-025
  4.368955878374866E-025
  4.358196776010236E-025
  4.347424047227261E-025
  4.336637936610084E-025
  4.325838689010428E-025
  4.315026549520622E-025
  4.304201763446857E-025
  4.293364576282373E-025
  4.282515233680924E-025
  4.271653981430294E-025
  4.260781065425974E-025
  4.249896731644975E-025
  4.239001226119817E-025
  4.228094794912631E-025
  4.217177684089484E-025
  4.206250139694855E-025
  4.195312407726218E-025
  4.184364734108928E-025
  4.173407364671175E-025
  4.162440545119270E-025
  4.151464521012946E-025
  4.140479537741073E-025
  4.129485840497412E-025
  4.118483674256672E-025
  4.107473283750778E-025
  4.096454913445359E-025
  4.085428807516440E-025
  4.074395209827392E-025
  4.063354363906186E-025
  4.052306512922750E-025
  4.041251899666698E-025
  4.030190766525285E-025
  4.019123355461581E-025
  4.008049907992911E-025
  3.996970665169652E-025
  3.985885867554155E-025
  3.974795755200068E-025
  3.963700567631866E-025
  3.952600543824667E-025
  3.941495922184357E-025
  3.930386940527998E-025
  3.919273836064470E-025
  3.908156845375520E-025
  3.897036204396965E-025
  3.885912148400318E-025
  3.874784911974614E-025
  3.863654729008651E-025
  3.852521832673374E-025
  3.841386455404733E-025
  3.830248828886767E-025
  3.819109184034961E-025
  3.807967750980011E-025
  3.796824759051812E-025
  3.785680436763827E-025
  3.774535011797707E-025
  3.763388710988304E-025
  3.752241760308919E-025
  3.741094384856941E-025
  3.729946808839742E-025
  3.718799255560935E-025
  3.707651947406941E-025
  3.696505105833848E-025
  3.685358951354636E-025
  3.674213703526674E-025
  3.663069580939587E-025
  3.651926801203371E-025
  3.640785580936913E-025
  3.629646135756762E-025
  3.618508680266235E-025
  3.607373428044857E-025
  3.596240591638098E-025
  3.585110382547424E-025
  3.573983011220684E-025
  3.562858687042765E-025
  3.551737618326617E-025
  3.540620012304523E-025
  3.529506075119725E-025
  3.518396011818350E-025
  3.507290026341592E-025
  3.496188321518266E-025
  3.485091099057619E-025
  3.473998559542456E-025
  3.462910902422519E-025
  3.451828326008250E-025
  3.440751027464749E-025
  3.429679202806071E-025
  3.418613046889811E-025
  3.407552753411947E-025
  3.396498514901973E-025
  3.385450522718334E-025
  3.374408967044091E-025
  3.363374036882918E-025
  3.352345920055277E-025
  3.341324803194981E-025
  3.330310871745889E-025
  3.319304309958972E-025
  3.308305300889556E-025
  3.297314026394866E-025
  3.286330667131790E-025
  3.275355402554914E-025
  3.264388410914758E-025
  3.253429869256317E-025
  3.242479953417762E-025
  3.231538838029423E-025
  3.220606696512974E-025
  3.209683701080880E-025
  3.198770022735992E-025
  3.187865831271428E-025
  3.176971295270643E-025
  3.166086582107681E-025
  3.155211857947668E-025
  3.144347287747495E-025
  3.133493035256672E-025
  3.122649263018423E-025
  3.111816132370904E-025
  3.100993803448674E-025
  3.090182435184299E-025
  3.079382185310143E-025
  3.068593210360338E-025
  3.057815665672919E-025
  3.047049705392111E-025
  3.036295482470793E-025
  3.025553148673107E-025
  3.014822854577221E-025
  3.004104749578220E-025
  2.993398981891189E-025
  2.982705698554371E-025
  2.972025045432514E-025
  2.961357167220304E-025
  2.950702207445963E-025
  2.940060308474948E-025
  2.929431611513766E-025
  2.918816256613899E-025
  2.908214382675879E-025
  2.897626127453403E-025
  2.887051627557614E-025
  2.876491018461427E-025
  2.865944434504004E-025
  2.855412008895241E-025
  2.844893873720447E-025
  2.834390159944997E-025
  2.823900997419148E-025
  2.813426514882873E-025
  2.802966839970804E-025
  2.792522099217216E-025
  2.782092418061095E-025
  2.771677920851253E-025
  2.761278730851501E-025
  2.750894970245876E-025
  2.740526760143928E-025
  2.730174220586029E-025
  2.719837470548760E-025
  2.709516627950293E-025
  2.699211809655843E-025
  2.688923131483149E-025
  2.678650708207961E-025
  2.668394653569584E-025
  2.658155080276419E-025
  2.647932100011539E-025
  2.637725823438285E-025
  2.627536360205854E-025
  2.617363818954937E-025
  2.607208307323306E-025
  2.597069931951476E-025
  2.586948798488321E-025
  2.576845011596700E-025
  2.566758674959087E-025
  2.556689891283214E-025
  2.546638762307646E-025
  2.536605388807425E-025
  2.526589870599628E-025
  2.516592306548981E-025
  2.506612794573385E-025
  2.496651431649476E-025
  2.486708313818135E-025
  2.476783536189989E-025
  2.466877192950881E-025
  2.456989377367303E-025
  2.447120181791817E-025
  2.437269697668434E-025
  2.427438015537958E-025
  2.417625225043305E-025
  2.407831414934766E-025
  2.398056673075252E-025
  2.388301086445508E-025
  2.378564741149227E-025
  2.368847722418210E-025
  2.359150114617401E-025
  2.349472001249928E-025
  2.339813464962065E-025
  2.330174587548181E-025
  2.320555449955599E-025
  2.310956132289434E-025
  2.301376713817370E-025
  2.291817272974383E-025
  2.282277887367414E-025
  2.272758633779991E-025
  2.263259588176775E-025
  2.253780825708092E-025
  2.244322420714362E-025
  2.234884446730510E-025
  2.225466976490276E-025
  2.216070081930527E-025
  2.206693834195441E-025
  2.197338303640699E-025
  2.188003559837552E-025
  2.178689671576892E-025
  2.169396706873204E-025
  2.160124732968504E-025
  2.150873816336187E-025
  2.141644022684834E-025
  2.132435416961936E-025
  2.123248063357576E-025
  2.114082025308043E-025
  2.104937365499386E-025
  2.095814145870895E-025
  2.086712427618551E-025
  2.077632271198373E-025
  2.068573736329752E-025
  2.059536881998673E-025
  2.050521766460928E-025
  2.041528447245225E-025
  2.032556981156275E-025
  2.023607424277780E-025
  2.014679831975413E-025
  2.005774258899674E-025
  1.996890758988760E-025
  1.988029385471315E-025
  1.979190190869176E-025
  1.970373227000002E-025
  1.961578544979924E-025
  1.952806195226062E-025
  1.944056227459043E-025
  1.935328690705438E-025
  1.926623633300163E-025
  1.917941102888801E-025
  1.909281146429907E-025
  1.900643810197233E-025
  1.892029139781923E-025
  1.883437180094636E-025
  1.874867975367654E-025
  1.866321569156903E-025
  1.857798004343966E-025
  1.849297323138014E-025
  1.840819567077726E-025
  1.832364777033132E-025
  1.823932993207444E-025
  1.815524255138812E-025
  1.807138601702079E-025
  1.798776071110461E-025
  1.790436700917200E-025
  1.782120528017176E-025
  1.773827588648502E-025
  1.765557918394046E-025
  1.757311552182953E-025
  1.749088524292101E-025
  1.740888868347560E-025
  1.732712617325984E-025
  1.724559803556000E-025
  1.716430458719544E-025
  1.708324613853185E-025
  1.700242299349416E-025
  1.692183544957916E-025
  1.684148379786783E-025
  1.676136832303760E-025
  1.668148930337412E-025
  1.660184701078302E-025
  1.652244171080135E-025
  1.644327366260889E-025
  1.636434311903908E-025
  1.628565032659015E-025
  1.620719552543561E-025
  1.612897894943498E-025
  1.605100082614410E-025
  1.597326137682551E-025
  1.589576081645851E-025
  1.581849935374929E-025
  1.574147719114077E-025
  1.566469452482252E-025
  1.558815154474044E-025
  1.551184843460655E-025
  1.543578537190847E-025
  1.535996252791905E-025
  1.528438006770591E-025
  1.520903815014089E-025
  1.513393692790945E-025
  1.505907654752026E-025
  1.498445714931446E-025
  1.491007886747528E-025
  1.483594183003732E-025
  1.476204615889621E-025
  1.468839196981796E-025
  1.461497937244862E-025
  1.454180847032379E-025
  1.446887936087841E-025
  1.439619213545635E-025
  1.432374687932034E-025
  1.425154367166174E-025
  1.417958258561068E-025
  1.410786368824594E-025
  1.403638704060534E-025
  1.396515269769595E-025
  1.389416070850450E-025
  1.382341111600805E-025
  1.375290395718456E-025
  1.368263926302393E-025
  1.361261705853877E-025
  1.354283736277578E-025
  1.347330018882698E-025
  1.340400554384119E-025
  1.333495342903584E-025
  1.326614383970874E-025
  1.319757676525014E-025
  1.312925218915509E-025
  1.306117008903586E-025
  1.299333043663456E-025
  1.292573319783618E-025
  1.285837833268158E-025
  1.279126579538087E-025
  1.272439553432702E-025
  1.265776749210961E-025
  1.259138160552897E-025
  1.252523780561036E-025
  1.245933601761861E-025
  1.239367616107286E-025
  1.232825814976166E-025
  1.226308189175821E-025
  1.219814728943606E-025
  1.213345423948481E-025
  1.206900263292637E-025
  1.200479235513119E-025
  1.194082328583514E-025
  1.187709529915626E-025
  1.181360826361208E-025
  1.175036204213717E-025
  1.168735649210088E-025
  1.162459146532544E-025
  1.156206680810436E-025
  1.149978236122115E-025
  1.143773795996823E-025
  1.137593343416616E-025
  1.131436860818337E-025
  1.125304330095583E-025
  1.119195732600737E-025
  1.113111049147003E-025
  1.107050260010493E-025
  1.101013344932324E-025
  1.095000283120764E-025
  1.089011053253393E-025
  1.083045633479306E-025
  1.077104001421339E-025
  1.071186134178325E-025
  1.065292008327387E-025
  1.059421599926255E-025
  1.053574884515615E-025
  1.047751837121492E-025
  1.041952432257649E-025
  1.036176643928042E-025
  1.030424445629275E-025
  1.024695810353112E-025
  1.018990710588989E-025
  1.013309118326592E-025
  1.007651005058426E-025
  1.002016341782446E-025
  9.964050990046918E-026
  9.908172467419727E-026
  9.852527545245606E-026
  9.797115913989296E-026
  9.741937259305094E-026
  9.686991262064790E-026
  9.632277598385753E-026
  9.577795939659441E-026
  9.523545952580034E-026
  9.469527299173431E-026
  9.415739636826486E-026
  9.362182618316544E-026
  9.308855891841132E-026
  9.255759101048067E-026
  9.202891885065649E-026
  9.150253878533263E-026
  9.097844711632103E-026
  9.045664010116249E-026
  8.993711395343855E-026
  8.941986484308743E-026
  8.890488889672079E-026
  8.839218219794383E-026
  8.788174078767662E-026
  8.737356066447950E-026
  8.686763778487798E-026
  8.636396806369307E-026
  8.586254737437017E-026
  8.536337154931352E-026
  8.486643638021966E-026
  8.437173761841559E-026
  8.387927097519648E-026
  8.338903212216706E-026
  8.290101669158386E-026
  8.241522027670025E-026
  8.193163843211167E-026
  8.145026667410485E-026
  8.097110048100662E-026
  8.049413529353584E-026
  8.001936651515581E-026
  7.954678951242954E-026
  7.907639961537526E-026
  7.860819211782460E-026
  7.814216227778086E-026
  7.767830531778048E-026
  7.721661642525340E-026
  7.675709075288768E-026
  7.629972341899273E-026
  7.584450950786557E-026
  7.539144407015675E-026
  7.494052212323925E-026
  7.449173865157637E-026
  7.404508860709250E-026
  7.360056690954316E-026
  7.315816844688784E-026
  7.271788807566205E-026
  7.227972062135100E-026
  7.184366087876424E-026
  7.140970361241034E-026
  7.097784355687326E-026
  7.054807541718838E-026
  7.012039386921949E-026
  6.969479356003729E-026
  6.927126910829594E-026
  6.884981510461349E-026
  6.843042611194977E-026
  6.801309666598560E-026
  6.759782127550367E-026
  6.718459442276751E-026
  6.677341056390239E-026
  6.636426412927514E-026
  6.595714952387545E-026
  6.555206112769600E-026
  6.514899329611362E-026
  6.474794036026981E-026
  6.434889662745142E-026
  6.395185638147163E-026
  6.355681388305019E-026
  6.316376337019381E-026
  6.277269905857673E-026
  6.238361514191976E-026
  6.199650579237123E-026
  6.161136516088477E-026
  6.122818737759955E-026
  6.084696655221770E-026
  6.046769677438342E-026
  6.009037211405944E-026
  5.971498662190485E-026
  5.934153432965099E-026
  5.897000925047754E-026
  5.860040537938736E-026
  5.823271669358163E-026
  5.786693715283227E-026
  5.750306069985623E-026
  5.714108126068647E-026
  5.678099274504406E-026
  5.642278904670781E-026
  5.606646404388439E-026
  5.571201159957617E-026
  5.535942556194906E-026
  5.500869976469878E-026
  5.465982802741633E-026
  5.431280415595197E-026
  5.396762194277876E-026
  5.362427516735409E-026
  5.328275759648072E-026
  5.294306298466592E-026
  5.260518507448018E-026
  5.226911759691357E-026
  5.193485427173188E-026
  5.160238880783023E-026
  5.127171490358653E-026
  5.094282624721229E-026
  5.061571651710309E-026
  5.029037938218650E-026
  4.996680850226962E-026
  4.964499752838367E-026
  4.932494010312887E-026
  4.900662986101560E-026
  4.869006042880591E-026
  4.837522542585173E-026
  4.806211846443283E-026
  4.775073315009182E-026
  4.744106308196850E-026
  4.713310185313164E-026
  4.682684305090941E-026
  4.652228025721796E-026
  4.621940704888846E-026
  4.591821699799104E-026
  4.561870367215906E-026
  4.532086063490920E-026
  4.502468144596155E-026
  4.473015966155612E-026
  4.443728883476884E-026
  4.414606251582466E-026
  4.385647425240908E-026
  4.356851758997742E-026
  4.328218607206255E-026
  4.299747324057986E-026
  4.271437263613089E-026
  4.243287779830432E-026
  4.215298226597560E-026
  4.187467957760316E-026
  4.159796327152440E-026
  4.132282688624760E-026
  4.104926396074331E-026
  4.077726803473218E-026
  4.050683264897199E-026
  4.023795134554125E-026
  3.997061766812156E-026
  3.970482516227706E-026
  3.944056737573227E-026
  3.917783785864707E-026
  3.891663016389014E-026
  3.865693784730933E-026
  3.839875446800082E-026
  3.814207358857467E-026
  3.788688877541964E-026
  3.763319359896410E-026
  3.738098163393623E-026
  3.713024645962053E-026
  3.688098166011312E-026
  3.663318082457383E-026
  3.638683754747697E-026
  3.614194542885833E-026
  3.589849807456169E-026
  3.565648909648120E-026
  3.541591211280288E-026
  3.517676074824248E-026
  3.493902863428241E-026
  3.470270940940475E-026
  3.446779671932337E-026
  3.423428421721253E-026
  3.400216556393400E-026
  3.377143442826112E-026
  3.354208448710103E-026
  3.331410942571415E-026
  3.308750293793167E-026
  3.286225872637016E-026
  3.263837050264444E-026
  3.241583198757742E-026
  3.219463691140831E-026
  3.197477901399759E-026
  3.175625204503056E-026
  3.153904976421772E-026
  3.132316594149334E-026
  3.110859435721129E-026
  3.089532880233881E-026
  3.068336307864780E-026
  3.047269099890372E-026
  3.026330638705208E-026
  3.005520307840294E-026
  2.984837491981260E-026
  2.964281576986331E-026
  2.943851949904045E-026
  2.923547998990738E-026
  2.903369113727829E-026
  2.883314684838826E-026
  2.863384104306127E-026
  2.843576765387586E-026
  2.823892062632876E-026
  2.804329391899544E-026
  2.784888150368951E-026
  2.765567736561876E-026
  2.746367550353976E-026
  2.727286992990950E-026
  2.708325467103550E-026
  2.689482376722296E-026
  2.670757127292021E-026
  2.652149125686156E-026
  2.633657780220823E-026
  2.615282500668680E-026
  2.597022698272571E-026
  2.578877785758914E-026
  2.560847177350939E-026
  2.542930288781628E-026
  2.525126537306504E-026
  2.507435341716162E-026
  2.489856122348619E-026
  2.472388301101399E-026
  2.455031301443475E-026
  2.437784548426929E-026
  2.420647468698462E-026
  2.403619490510637E-026
  2.386700043732974E-026
  2.369888559862766E-026
  2.353184472035767E-026
  2.336587215036607E-026
  2.320096225309048E-026
  2.303710940966004E-026
  2.287430801799398E-026
  2.271255249289764E-026
  2.255183726615719E-026
  2.239215678663153E-026
  2.223350552034310E-026
  2.207587795056601E-026
  2.191926857791268E-026
  2.176367192041824E-026
  2.160908251362330E-026
  2.145549491065450E-026
  2.130290368230353E-026
  2.115130341710370E-026
  2.100068872140549E-026
  2.085105421944929E-026
  2.070239455343709E-026
  2.055470438360168E-026
  2.040797838827476E-026
  2.026221126395241E-026
  2.011739772535958E-026
  1.997353250551205E-026
  1.983061035577741E-026
  1.968862604593345E-026
  1.954757436422556E-026
  1.940745011742189E-026
  1.926824813086714E-026
  1.912996324853430E-026
  1.899259033307514E-026
  1.885612426586866E-026
  1.872055994706811E-026
  1.858589229564608E-026
  1.845211624943862E-026
  1.831922676518672E-026
  1.818721881857726E-026
  1.805608740428151E-026
  1.792582753599281E-026
  1.779643424646181E-026
  1.766790258753128E-026
  1.754022763016817E-026
  1.741340446449524E-026
  1.728742819982041E-026
  1.716229396466517E-026
  1.703799690679097E-026
  1.691453219322479E-026
