  6.650000630118434E-025
  6.650000460323116E-025
  6.650000288956695E-025
  6.650000116004650E-025
  6.649999941452286E-025
  6.649999765284822E-025
  6.649999587487291E-025
  6.649999408044624E-025
  6.649999226941596E-025
  6.649999044162844E-025
  6.649998859692851E-025
  6.649998673515985E-025
  6.649998485616447E-025
  6.649998295978295E-025
  6.649998104585441E-025
  6.649997911421652E-025
  6.649997716470542E-025
  6.649997519715568E-025
  6.649997321140043E-025
  6.649997120727121E-025
  6.649996918459803E-025
  6.649996714320929E-025
  6.649996508293182E-025
  6.649996300359085E-025
  6.649996090500992E-025
  6.649995878701110E-025
  6.649995664941468E-025
  6.649995449203933E-025
  6.649995231470195E-025
  6.649995011721801E-025
  6.649994789940096E-025
  6.649994566106268E-025
  6.649994340201335E-025
  6.649994112206129E-025
  6.649993882101307E-025
  6.649993649867357E-025
  6.649993415484571E-025
  6.649993178933063E-025
  6.649992940192779E-025
  6.649992699243444E-025
  6.649992456064646E-025
  6.649992210635738E-025
  6.649991962935898E-025
  6.649991712944122E-025
  6.649991460639208E-025
  6.649991205999741E-025
  6.649990949004124E-025
  6.649990689630558E-025
  6.649990427857033E-025
  6.649990163661351E-025
  6.649989897021098E-025
  6.649989627913646E-025
  6.649989356316182E-025
  6.649989082205652E-025
  6.649988805558814E-025
  6.649988526352191E-025
  6.649988244562099E-025
  6.649987960164638E-025
  6.649987673135681E-025
  6.649987383450869E-025
  6.649987091085650E-025
  6.649986796015191E-025
  6.649986498214494E-025
  6.649986197658278E-025
  6.649985894321046E-025
  6.649985588177074E-025
  6.649985279200386E-025
  6.649984967364768E-025
  6.649984652643771E-025
  6.649984335010697E-025
  6.649984014438605E-025
  6.649983690900286E-025
  6.649983364368312E-025
  6.649983034814972E-025
  6.649982702212318E-025
  6.649982366532126E-025
  6.649982027745918E-025
  6.649981685824962E-025
  6.649981340740257E-025
  6.649980992462518E-025
  6.649980640962205E-025
  6.649980286209494E-025
  6.649979928174304E-025
  6.649979566826258E-025
  6.649979202134694E-025
  6.649978834068681E-025
  6.649978462596994E-025
  6.649978087688126E-025
  6.649977709310265E-025
  6.649977327431317E-025
  6.649976942018893E-025
  6.649976553040278E-025
  6.649976160462498E-025
  6.649975764252240E-025
  6.649975364375892E-025
  6.649974960799532E-025
  6.649974553488929E-025
  6.649974142409534E-025
  6.649973727526457E-025
  6.649973308804514E-025
  6.649972886208191E-025
  6.649972459701629E-025
  6.649972029248648E-025
  6.649971594812744E-025
  6.649971156357039E-025
  6.649970713844370E-025
  6.649970267237172E-025
  6.649969816497573E-025
  6.649969361587325E-025
  6.649968902467850E-025
  6.649968439100190E-025
  6.649967971445058E-025
  6.649967499462755E-025
  6.649967023113250E-025
  6.649966542356117E-025
  6.649966057150636E-025
  6.649965567455591E-025
  6.649965073229445E-025
  6.649964574430309E-025
  6.649964071015735E-025
  6.649963562943211E-025
  6.649963050169644E-025
  6.649962532651275E-025
  6.649962010344527E-025
  6.649961483204634E-025
  6.649960951187717E-025
  6.649960414247440E-025
  6.649959872339754E-025
  6.649959325417137E-025
  6.649958773433584E-025
  6.649958216343672E-025
  6.649957654098746E-025
  6.649957086649857E-025
  6.649956513952406E-025
  6.649955935954605E-025
  6.649955352612164E-025
  6.649954763867311E-025
  6.649954169675200E-025
  6.649953569986987E-025
  6.649952964745927E-025
  6.649952353914015E-025
  6.649951737424545E-025
  6.649951115227634E-025
  6.649950487282079E-025
  6.649949853519246E-025
  6.649949213887813E-025
  6.649948568342779E-025
  6.649947916831845E-025
  6.649947259276645E-025
  6.649946595665722E-025
  6.649945925875497E-025
  6.649945249924104E-025
  6.649944567680921E-025
  6.649943879161292E-025
  6.649943184280922E-025
  6.649942482893845E-025
  6.649941775100623E-025
  6.649941060666185E-025
  6.649940339838139E-025
  6.649939612068936E-025
  6.649938877572992E-025
  6.649938136538016E-025
  6.649937388541140E-025
  6.649936633559695E-025
  6.649935871548742E-025
  6.649935102685074E-025
  6.649934326277954E-025
  6.649933543277109E-025
  6.649932752337526E-025
  6.649931955287349E-025
  6.649931149885105E-025
  6.649930336848191E-025
  6.649929516517764E-025
  6.649928688505610E-025
  6.649927853713537E-025
  6.649927010344899E-025
  6.649926158689856E-025
  6.649925300583890E-025
  6.649924433548722E-025
  6.649923559033361E-025
  6.649922673977002E-025
  6.649921786353564E-025
  6.649920885876172E-025
  6.649919978293049E-025
  6.649919063186881E-025
  6.649918136809119E-025
  6.649917201426490E-025
  6.649916263125397E-025
  6.649915312401315E-025
  6.649914352868184E-025
  6.649913381570954E-025
  6.649912401246171E-025
  6.649911418491974E-025
  6.649910427680492E-025
  6.649909422909458E-025
  6.649908409040462E-025
  6.649907392810669E-025
  6.649906355711820E-025
  6.649905312107425E-025
  6.649904253940982E-025
  6.649903199084186E-025
  6.649902133841315E-025
  6.649901024401276E-025
  6.649899986988282E-025
  6.649898861679055E-025
  6.649897732023271E-025
  6.649896610337669E-025
  6.649895482019017E-025
  6.649894328440513E-025
  6.649893215627367E-025
  6.649892024430780E-025
  6.649890828185619E-025
  6.649889662396583E-025
  6.649888481695942E-025
  6.649887272275146E-025
  6.649886080044745E-025
  6.649884798912444E-025
  6.649883552746769E-025
  6.649882392149973E-025
  6.649881048505258E-025
  6.649879787428619E-025
  6.649878472721717E-025
  6.649877156959081E-025
  6.649875957578734E-025
  6.649874557505923E-025
  6.649873325485766E-025
  6.649871886322941E-025
  6.649870460056530E-025
  6.649869132968675E-025
  6.649867741244592E-025
  6.649866285018583E-025
  6.649864985647578E-025
  6.649863373726589E-025
  6.649862098746404E-025
  6.649860530207801E-025
  6.649858950174927E-025
  6.649857624814927E-025
  6.649856168794958E-025
  6.649854834081701E-025
  6.649853247102558E-025
  6.649851756013211E-025
  6.649850044377922E-025
  6.649848578043052E-025
  6.649846996344977E-025
  6.649845384083423E-025
  6.649843943565131E-025
  6.649842404382982E-025
  6.649840605542396E-025
  6.649838690331637E-025
  6.649836809970466E-025
  6.649835824065483E-025
  6.649833444651714E-025
  6.649832205718297E-025
  6.649830875325440E-025
  6.649828753912556E-025
  6.649826634338676E-025
  6.649824953080443E-025
  6.649823138722248E-025
  6.649821244130582E-025
  6.649819837390574E-025
  6.649818017237257E-025
  6.649815931622277E-025
  6.649813289032232E-025
  6.649813357298324E-025
  6.649811307285067E-025
  6.649808136939126E-025
  6.649806359941497E-025
  6.649804259739117E-025
  6.649801139408371E-025
  6.649799763773189E-025
  6.649797491016725E-025
  6.649798379320742E-025
  6.649793457420783E-025
  6.649792653935718E-025
  6.649790130898018E-025
  6.649786945206091E-025
  6.649786405279358E-025
  6.649782875072796E-025
  6.649781638642661E-025
  6.649778598384588E-025
  6.649778039682552E-025
  6.649773914645504E-025
  6.649772038541923E-025
  6.649769555402735E-025
  6.649768589612457E-025
  6.649765547507103E-025
  6.649762577135701E-025
  6.649761198709704E-025
  6.649757028244708E-025
  6.649754547296984E-025
  6.649752780042817E-025
  6.649752964623475E-025
  6.649749822747373E-025
  6.649745973291106E-025
  6.649745028218125E-025
  6.649738221216335E-025
  6.649735953792285E-025
  6.649733001402693E-025
  6.649736030635812E-025
  6.649733346181158E-025
  6.649726968437447E-025
  6.649726385867880E-025
  6.649721899549513E-025
  6.649718449124175E-025
  6.649716441414258E-025
  6.649713608138453E-025
  6.649712897980719E-025
  6.649711508288558E-025
  6.649703839771895E-025
  6.649703017195109E-025
  6.649705243697546E-025
  6.649700530775610E-025
  6.649695854375428E-025
  6.649693160758896E-025
  6.649685319115446E-025
  6.649683418681383E-025
  6.649685724555852E-025
  6.649675903003809E-025
  6.649677361560143E-025
  6.649672497082306E-025
  6.649676960068797E-025
  6.649661562569544E-025
  6.649662281938026E-025
  6.649657707021778E-025
  6.649653362991057E-025
  6.649656522277986E-025
  6.649650830732923E-025
  6.649648488665204E-025
  6.649649788095235E-025
  6.649643345615739E-025
  6.649640938057469E-025
  6.649632517225240E-025
  6.649621801938677E-025
  6.649620784394149E-025
  6.649624990363328E-025
  6.649617353040250E-025
  6.649618194254394E-025
  6.649604199423650E-025
  6.649609241169148E-025
  6.649598698652613E-025
  6.649603807088897E-025
  6.649600385544674E-025
  6.649587386167640E-025
  6.649581949893472E-025
  6.649574340648650E-025
  6.649577867684708E-025
  6.649577766842403E-025
  6.649569245590375E-025
  6.649564460242698E-025
  6.649560173862615E-025
  6.649556549499564E-025
  6.649556297025823E-025
  6.649543934741543E-025
  6.649547268664859E-025
  6.649544946292308E-025
  6.649536929999485E-025
  6.649541158527366E-025
  6.649528429576561E-025
  6.649516929467617E-025
  6.649515591233396E-025
  6.649515035488507E-025
  6.649503990083240E-025
  6.649504712301173E-025
  6.649491083703265E-025
  6.649494914263100E-025
  6.649498821373433E-025
  6.649490044702228E-025
  6.649479079406752E-025
  6.649466036409855E-025
  6.649474944032093E-025
  6.649463620384648E-025
  6.649453875296166E-025
  6.649442449288212E-025
  6.649446211000612E-025
  6.649443454371931E-025
  6.649429071452114E-025
  6.649442479482013E-025
  6.649429098594821E-025
  6.649423855002280E-025
  6.649407887403359E-025
  6.649425896959959E-025
  6.649407986784502E-025
  6.649404600040823E-025
  6.649405279693278E-025
  6.649398582049148E-025
  6.649393410618173E-025
  6.649388311820239E-025
  6.649375736421945E-025
  6.649368859881918E-025
  6.649363291151586E-025
  6.649351862865971E-025
  6.649350811871563E-025
  6.649350761692987E-025
  6.649324288636369E-025
  6.649325798609716E-025
  6.649315935021370E-025
  6.649310285147510E-025
  6.649317662092923E-025
  6.649305861576992E-025
  6.649280626068001E-025
  6.649296905599925E-025
  6.649281875807547E-025
  6.649276988376507E-025
  6.649260908011849E-025
  6.649260436319221E-025
  6.649255700368181E-025
  6.649263096643859E-025
  6.649237349022641E-025
  6.649226086761247E-025
  6.649221382850738E-025
  6.649206168455122E-025
  6.649201548705898E-025
  6.649210896217763E-025
  6.649194013250888E-025
  6.649196577825535E-025
  6.649174806125042E-025
  6.649169077935348E-025
  6.649158268871910E-025
  6.649176309560740E-025
  6.649143854021314E-025
  6.649143914415835E-025
  6.649130234382594E-025
  6.649120037308524E-025
  6.649125086121131E-025
  6.649109351964826E-025
  6.649094819252851E-025
  6.649096024599763E-025
  6.649089455295035E-025
  6.649063624832772E-025
  6.649060761265449E-025
  6.649060251640467E-025
  6.649054193414280E-025
  6.649044636174528E-025
  6.649044097721407E-025
  6.649017988411680E-025
  6.649011498743728E-025
  6.649012012143544E-025
  6.648993696385360E-025
  6.648970361809137E-025
  6.648969937653796E-025
  6.648960460006458E-025
  6.648958496412998E-025
  6.648943097089113E-025
  6.648930171006369E-025
  6.648917766829662E-025
  6.648920074462432E-025
  6.648890360589852E-025
  6.648902642870159E-025
  6.648872735159632E-025
  6.648869193590852E-025
  6.648865296252649E-025
  6.648851255813386E-025
  6.648835737855036E-025
  6.648814900630592E-025
  6.648821655670934E-025
  6.648805918785858E-025
  6.648793705962772E-025
  6.648774928749971E-025
  6.648769178910115E-025
  6.648750465566112E-025
  6.648745558103039E-025
  6.648738204005717E-025
  6.648725602498263E-025
  6.648711164123377E-025
  6.648704373416957E-025
  6.648682572585174E-025
  6.648686183885327E-025
  6.648671937107531E-025
  6.648653442014400E-025
  6.648641173888006E-025
  6.648624407932022E-025
  6.648608399019060E-025
  6.648595893606328E-025
  6.648599297257074E-025
  6.648581058603036E-025
  6.648565316798855E-025
  6.648567455693442E-025
  6.648533774297147E-025
  6.648526435117478E-025
  6.648503594196834E-025
  6.648488373709954E-025
  6.648476710600189E-025
  6.648465633500044E-025
  6.648445827950241E-025
  6.648436738858330E-025
  6.648426072510354E-025
  6.648403363370445E-025
  6.648389041209219E-025
  6.648367687025057E-025
  6.648363480141114E-025
  6.648348214495436E-025
  6.648320610927616E-025
  6.648325889917859E-025
  6.648298887149110E-025
  6.648281867457660E-025
  6.648267037692794E-025
  6.648247407981018E-025
  6.648230222119768E-025
  6.648214131234471E-025
  6.648196263812710E-025
  6.648184083869673E-025
  6.648172624779202E-025
  6.648152840433394E-025
  6.648126019308385E-025
  6.648116324373174E-025
  6.648093507777971E-025
  6.648075570137324E-025
  6.648060622446268E-025
  6.648043758499421E-025
  6.648027984505133E-025
  6.648007919593208E-025
  6.647986064556678E-025
  6.647966751337075E-025
  6.647951124106925E-025
  6.647934854087789E-025
  6.647904039129543E-025
  6.647893012596150E-025
  6.647870700445460E-025
  6.647859072684003E-025
  6.647833651931697E-025
  6.647816258526606E-025
  6.647797857639954E-025
  6.647770151682636E-025
  6.647748891451659E-025
  6.647726846247394E-025
  6.647714787907529E-025
  6.647690888671429E-025
  6.647664675747269E-025
  6.647647007195250E-025
  6.647619710737163E-025
  6.647601005759548E-025
  6.647574229765196E-025
  6.647556045833638E-025
  6.647537864898262E-025
  6.647512765163912E-025
  6.647485401710269E-025
  6.647464658755357E-025
  6.647435750147064E-025
  6.647413215482781E-025
  6.647394168227339E-025
  6.647365922836378E-025
  6.647338655154437E-025
  6.647309048278898E-025
  6.647293685091983E-025
  6.647264594822597E-025
  6.647247189040707E-025
  6.647217611509462E-025
  6.647193155032297E-025
  6.647169218959197E-025
  6.647136217522616E-025
  6.647111297513007E-025
  6.647085759291024E-025
  6.647058553644028E-025
  6.647032103998038E-025
  6.647002721434379E-025
  6.646979876650967E-025
  6.646945269241078E-025
  6.646917372467649E-025
  6.646891696545118E-025
  6.646863350415378E-025
  6.646834062131982E-025
  6.646799796423482E-025
  6.646771833475043E-025
  6.646749578825097E-025
  6.646714177257745E-025
  6.646684858461471E-025
  6.646650965046605E-025
  6.646623775599611E-025
  6.646588543963834E-025
  6.646558077615286E-025
  6.646522840683718E-025
  6.646492150841707E-025
  6.646462193781068E-025
  6.646427222277906E-025
  6.646394929329667E-025
  6.646360693082418E-025
  6.646327892186843E-025
  6.646294566079134E-025
  6.646258015934527E-025
  6.646225597617283E-025
  6.646191334158331E-025
  6.646154242689617E-025
  6.646117321192188E-025
  6.646080098573330E-025
  6.646043091184643E-025
  6.646009933133527E-025
  6.645969421838756E-025
  6.645936097735433E-025
  6.645894006719075E-025
  6.645856535092424E-025
  6.645819066709253E-025
  6.645781748221833E-025
  6.645741799640600E-025
  6.645705295441038E-025
  6.645662501466122E-025
  6.645620807688493E-025
  6.645584121429703E-025
  6.645541169550646E-025
  6.645499706516602E-025
  6.645460754991611E-025
  6.645414790858214E-025
  6.645371433790926E-025
  6.645329750333272E-025
  6.645285214857955E-025
  6.645242297461986E-025
  6.645198613329303E-025
  6.645153924486597E-025
  6.645108041323941E-025
  6.645064579464426E-025
  6.645017713036310E-025
  6.644972415951236E-025
  6.644925970065749E-025
  6.644878020536275E-025
  6.644828731380668E-025
  6.644784225298871E-025
  6.644733366494360E-025
  6.644685986618669E-025
  6.644636706975261E-025
  6.644586900523976E-025
  6.644535618493024E-025
  6.644485457718304E-025
  6.644432404278001E-025
  6.644383852552381E-025
  6.644331792388177E-025
  6.644279515230672E-025
  6.644225692617027E-025
  6.644173055471518E-025
  6.644118272914686E-025
  6.644063719112964E-025
  6.644008085837860E-025
  6.643953678625038E-025
  6.643898035102471E-025
  6.643840991920877E-025
  6.643782755496847E-025
  6.643726244868226E-025
  6.643666630004145E-025
  6.643610313458532E-025
  6.643550410907153E-025
  6.643490034481185E-025
  6.643428897583993E-025
  6.643368436535058E-025
  6.643307393765281E-025
  6.643244992110786E-025
  6.643182817357362E-025
  6.643119188238932E-025
  6.643056339428270E-025
  6.642992601261794E-025
  6.642926655954156E-025
  6.642861384968797E-025
  6.642795554825659E-025
  6.642728194454215E-025
  6.642661249724351E-025
  6.642592492433333E-025
  6.642524463069898E-025
  6.642455873406349E-025
  6.642386267094820E-025
  6.642315048838047E-025
  6.642244810337664E-025
  6.642172635987667E-025
  6.642099598028632E-025
  6.642025982232896E-025
  6.641952714085237E-025
  6.641879228800803E-025
  6.641803368096330E-025
  6.641727827494832E-025
  6.641651853617692E-025
  6.641572960657838E-025
  6.641496631410196E-025
  6.641417718408477E-025
  6.641337714272680E-025
  6.641257648668637E-025
  6.641176832179561E-025
  6.641095613030073E-025
  6.641013414733639E-025
  6.640930060585497E-025
  6.640845720003794E-025
  6.640761763551271E-025
  6.640676541593756E-025
  6.640589469490829E-025
  6.640502497260455E-025
  6.640415235065998E-025
  6.640326605714021E-025
  6.640236833109930E-025
  6.640146582373585E-025
  6.640055399194870E-025
  6.639963907544970E-025
  6.639870998479310E-025
  6.639777012722673E-025
  6.639682906765073E-025
  6.639587314836961E-025
  6.639491553525163E-025
  6.639393989518705E-025
  6.639295984536902E-025
  6.639196386909644E-025
  6.639097479047055E-025
  6.638996775537875E-025
  6.638895047892203E-025
  6.638792137623920E-025
  6.638689085934451E-025
  6.638584205757976E-025
  6.638478687994799E-025
  6.638372280624796E-025
  6.638265249175300E-025
  6.638156768039922E-025
  6.638047245968025E-025
  6.637936693748637E-025
  6.637825369219135E-025
  6.637713060624718E-025
  6.637599437862879E-025
  6.637484989814355E-025
  6.637369539064190E-025
  6.637253013521337E-025
  6.637135310229671E-025
  6.637016602276884E-025
  6.636896186471014E-025
  6.636775340890575E-025
  6.636653538093752E-025
  6.636530326624819E-025
  6.636406213424535E-025
  6.636280708260165E-025
  6.636153886655735E-025
  6.636025845995104E-025
  6.635897135120160E-025
  6.635767218046091E-025
  6.635635687136799E-025
  6.635503401074946E-025
  6.635369609944927E-025
  6.635234448256508E-025
  6.635098322502303E-025
  6.634960796303247E-025
  6.634822139595606E-025
  6.634682213854110E-025
  6.634540774143116E-025
  6.634398417202757E-025
  6.634254352550061E-025
  6.634109010267148E-025
  6.633962621013511E-025
  6.633814670430642E-025
  6.633665393263048E-025
  6.633514790333218E-025
  6.633362983873300E-025
  6.633209571445574E-025
  6.633054727579058E-025
  6.632898439474267E-025
  6.632741210892445E-025
  6.632581857701687E-025
  6.632421275517046E-025
  6.632259116245498E-025
  6.632095800799180E-025
  6.631930890911485E-025
  6.631764172788912E-025
  6.631596578031957E-025
  6.631426799761392E-025
  6.631255598224078E-025
  6.631082936703180E-025
  6.630908597320743E-025
  6.630732946059419E-025
  6.630555560473707E-025
  6.630376292124473E-025
  6.630195670342617E-025
  6.630013298074887E-025
  6.629829093643630E-025
  6.629643596091217E-025
  6.629456007344447E-025
  6.629266931992463E-025
  6.629075988076963E-025
  6.628883455438454E-025
  6.628689069734652E-025
  6.628492861426468E-025
  6.628294926780486E-025
  6.628095202365546E-025
  6.627893644359948E-025
  6.627690287386451E-025
  6.627484934196205E-025
  6.627277728678487E-025
  6.627068844956427E-025
  6.626857858175771E-025
  6.626644963480830E-025
  6.626430007190072E-025
  6.626213400412264E-025
  6.625994631601930E-025
  6.625773857922387E-025
  6.625551035732021E-025
  6.625326280524322E-025
  6.625099419655122E-025
  6.624870521479988E-025
  6.624639507832719E-025
  6.624406254793304E-025
  6.624171082239752E-025
  6.623933711043263E-025
  6.623694178437688E-025
  6.623452401736770E-025
  6.623208485340754E-025
  6.622962313909836E-025
  6.622713979301575E-025
  6.622463241070027E-025
  6.622210338947707E-025
  6.621955079647682E-025
  6.621697565605736E-025
  6.621437579043568E-025
  6.621175348864246E-025
  6.620910636624472E-025
  6.620643539765652E-025
  6.620374043545274E-025
  6.620102077300791E-025
  6.619827635886118E-025
  6.619550723222864E-025
  6.619271272369064E-025
  6.618989331614887E-025
  6.618704739176439E-025
  6.618417618302792E-025
  6.618127837575371E-025
  6.617835536816318E-025
  6.617540429791285E-025
  6.617242754161333E-025
  6.616942331719663E-025
  6.616639208140462E-025
  6.616333299320127E-025
  6.616024612867558E-025
  6.615713124635682E-025
  6.615398875353757E-025
  6.615081708851734E-025
  6.614761697686556E-025
  6.614438763048426E-025
  6.614112898592891E-025
  6.613784103165385E-025
  6.613452319067461E-025
  6.613117513662519E-025
  6.612779694871682E-025
  6.612438834632718E-025
  6.612094868511224E-025
  6.611747762438403E-025
  6.611397536169903E-025
  6.611044160052102E-025
  6.610687614282070E-025
  6.610327770340293E-025
  6.609964689599902E-025
  6.609598318524615E-025
  6.609228684734225E-025
  6.608855674259081E-025
  6.608479295404817E-025
  6.608099522667303E-025
  6.607716318731079E-025
  6.607329643709283E-025
  6.606939480120348E-025
  6.606545816338554E-025
  6.606148586185695E-025
  6.605747774785156E-025
  6.605343340050403E-025
  6.604935273347520E-025
  6.604523522302511E-025
  6.604108052162014E-025
  6.603688849432790E-025
  6.603265855198357E-025
  6.602839064792488E-025
  6.602408424869182E-025
  6.601973895421384E-025
  6.601535460994821E-025
  6.601093118396344E-025
  6.600646765134175E-025
  6.600196399674179E-025
  6.599741978516392E-025
  6.599283488785083E-025
  6.598820861487356E-025
  6.598354099691267E-025
  6.597883130799397E-025
  6.597407931880043E-025
  6.596928474869109E-025
  6.596444718462288E-025
  6.595956606285629E-025
  6.595464124267870E-025
  6.594967227267827E-025
  6.594465887281359E-025
  6.593960043397446E-025
  6.593449673192393E-025
  6.592934721988497E-025
  6.592415169477411E-025
  6.591890954789427E-025
  6.591362070302033E-025
  6.590828436131923E-025
  6.590290040218476E-025
  6.589746830103824E-025
  6.589198767164539E-025
  6.588645807981176E-025
  6.588087902182497E-025
  6.587525015205798E-025
  6.586957116773364E-025
  6.586384143673895E-025
  6.585806060334215E-025
  6.585222824234459E-025
  6.584634392370617E-025
  6.584040707731792E-025
  6.583441742523098E-025
  6.582837453905432E-025
  6.582227762460607E-025
  6.581612669447852E-025
  6.580992099212532E-025
  6.580366005744194E-025
  6.579734345903127E-025
  6.579097076528169E-025
  6.578454146060204E-025
  6.577805514601177E-025
  6.577151123313111E-025
  6.576490916825421E-025
  6.575824869027652E-025
  6.575152909140601E-025
  6.574474997513969E-025
  6.573791076183467E-025
  6.573101102869446E-025
  6.572405023524979E-025
  6.571702787346347E-025
  6.570994337726905E-025
  6.570279622886330E-025
  6.569558592707984E-025
  6.568831199184035E-025
  6.568097380923128E-025
  6.567357089964947E-025
  6.566610265987620E-025
  6.565856854099368E-025
  6.565096802609488E-025
  6.564330058557724E-025
  6.563556559201565E-025
  6.562776249030456E-025
  6.561989078977060E-025
  6.561194983996046E-025
  6.560393909050630E-025
  6.559585799448323E-025
  6.558770590558815E-025
  6.557948225769520E-025
  6.557118644694217E-025
  6.556281788612474E-025
  6.555437598105995E-025
  6.554586011532205E-025
  6.553726971319486E-025
  6.552860410407026E-025
  6.551986267844615E-025
  6.551104484378203E-025
  6.550214995111190E-025
  6.549317735612969E-025
  6.548412644537523E-025
  6.547499655008787E-025
  6.546578705750334E-025
  6.545649728365787E-025
  6.544712657177622E-025
  6.543767429133322E-025
  6.542813978291550E-025
  6.541852230976410E-025
  6.540882127556501E-025
  6.539903595943971E-025
  6.538916568081219E-025
  6.537920975916195E-025
  6.536916749844738E-025
  6.535903819603999E-025
  6.534882116106037E-025
  6.533851567191791E-025
  6.532812103003367E-025
  6.531763650680993E-025
  6.530706138892336E-025
  6.529639495495639E-025
  6.528563644222133E-025
  6.527478515752963E-025
  6.526384032787761E-025
  6.525280121034066E-025
  6.524166707244512E-025
  6.523043714599975E-025
  6.521911067642028E-025
  6.520768688169754E-025
  6.519616500057610E-025
  6.518454425900365E-025
  6.517282388548373E-025
  6.516100307200199E-025
  6.514908104234292E-025
  6.513705699465981E-025
  6.512493013688377E-025
  6.511269965658057E-025
  6.510036474305726E-025
  6.508792458310011E-025
  6.507537835073979E-025
  6.506272521443820E-025
  6.504996436019071E-025
  6.503709493740613E-025
  6.502411611437107E-025
  6.501102703108872E-025
  6.499782685496276E-025
  6.498451470570377E-025
  6.497108973542176E-025
  6.495755107631844E-025
  6.494389785843277E-025
  6.493012920443499E-025
  6.491624422249199E-025
  6.490224203099512E-025
  6.488812173370979E-025
  6.487388244006843E-025
  6.485952324329696E-025
  6.484504323038417E-025
  6.483044148806856E-025
  6.481571710826078E-025
  6.480086915905741E-025
  6.478589670635857E-025
  6.477079882887687E-025
  6.475557457911002E-025
  6.474022301632680E-025
  6.472474318722732E-025
  6.470913413881058E-025
  6.469339491198239E-025
  6.467752454109081E-025
  6.466152205416221E-025
  6.464538648092024E-025
  6.462911684174666E-025
  6.461271214151201E-025
  6.459617140222120E-025
  6.457949362395672E-025
  6.456267780170666E-025
  6.454572293676500E-025
  6.452862801096109E-025
  6.451139201639766E-025
  6.449401393055891E-025
  6.447649272662569E-025
  6.445882737187799E-025
  6.444101683720293E-025
  6.442306007900535E-025
  6.440495604873733E-025
  6.438670370151657E-025
  6.436830198104937E-025
  6.434974982512412E-025
  6.433104617197282E-025
  6.431218995023553E-025
  6.429318008899570E-025
  6.427401550524604E-025
  6.425469511595501E-025
  6.423521784003447E-025
  6.421558257750207E-025
  6.419578822877093E-025
  6.417583369717093E-025
  6.415571787492885E-025
  6.413543964941016E-025
  6.411499790747684E-025
  6.409439152510046E-025
  6.407361938075290E-025
  6.405268034503821E-025
  6.403157328484563E-025
  6.401029706148481E-025
  6.398885053520812E-025
  6.396723255884085E-025
  6.394544198212614E-025
  6.392347765093608E-025
  6.390133840866736E-025
  6.387902308905689E-025
  6.385653052998044E-025
  6.383385955934240E-025
  6.381100900268441E-025
  6.378797768400072E-025
  6.376476442014036E-025
  6.374136802584957E-025
  6.371778731173592E-025
  6.369402108595278E-025
  6.367006815200366E-025
  6.364592731124657E-025
  6.362159735844199E-025
  6.359707708936173E-025
  6.357236529383509E-025
  6.354746075945413E-025
  6.352236226936867E-025
  6.349706860471922E-025
  6.347157854350476E-025
  6.344589086084894E-025
  6.342000432932368E-025
  6.339391771754710E-025
  6.336762979254626E-025
  6.334113931780117E-025
  6.331444505608895E-025
  6.328754576554283E-025
  6.326044020263796E-025
  6.323312712229999E-025
  6.320560527668720E-025
  6.317787341522526E-025
  6.314993028619525E-025
  6.312177463590093E-025
  6.309340520838723E-025
  6.306482074564819E-025
  6.303601998891001E-025
  6.300700167702509E-025
  6.297776454783960E-025
  6.294830733813238E-025
  6.291862878214869E-025
  6.288872761362727E-025
  6.285860256666418E-025
  6.282825237209689E-025
  6.279767576114067E-025
  6.276687146426464E-025
  6.273583821079070E-025
  6.270457473003979E-025
  6.267307975053745E-025
  6.264135200093952E-025
  6.260939020948403E-025
  6.257719310385154E-025
  6.254475941312587E-025
  6.251208786503592E-025
  6.247917718869515E-025
  6.244602611335681E-025
  6.241263336833751E-025
  6.237899768435103E-025
  6.234511779267738E-025
  6.231099242545443E-025
  6.227662031603667E-025
  6.224200019869068E-025
  6.220713080968247E-025
  6.217201088599485E-025
  6.213663916670539E-025
  6.210101439263969E-025
  6.206513530633821E-025
  6.202900065240528E-025
  6.199260917809281E-025
  6.195595963239743E-025
  6.191905076739402E-025
  6.188188133697196E-025
  6.184445009865865E-025
  6.180675581261532E-025
  6.176879724192759E-025
  6.173057315339682E-025
  6.169208231658521E-025
  6.165332350526849E-025
  6.161429549635233E-025
  6.157499707122979E-025
  6.153542701519849E-025
  6.149558411731093E-025
  6.145546717148989E-025
  6.141507497612199E-025
  6.137440633438427E-025
  6.133346005384797E-025
  6.129223494781163E-025
  6.125072983438962E-025
  6.120894353721337E-025
  6.116687488565230E-025
  6.112452271437098E-025
  6.108188586446208E-025
  6.103896318279778E-025
  6.099575352271903E-025
  6.095225574393168E-025
  6.090846871281927E-025
  6.086439130244863E-025
  6.082002239310024E-025
  6.077536087227885E-025
  6.073040563451039E-025
  6.068515558227788E-025
  6.063960962547275E-025
  6.059376668221937E-025
  6.054762567857266E-025
  6.050118554889066E-025
  6.045444523606066E-025
  6.040740369168386E-025
  6.036005987623978E-025
  6.031241275918918E-025
  6.026446131935492E-025
  6.021620454488986E-025
  6.016764143370346E-025
  6.011877099346213E-025
  6.006959224183365E-025
  6.002010420689821E-025
  5.997030592680994E-025
  5.992019645065463E-025
  5.986977483812933E-025
  5.981904016005159E-025
  5.976799149829762E-025
  5.971662794628861E-025
  5.966494860888701E-025
  5.961295260276058E-025
  5.956063905662870E-025
  5.950800711139630E-025
  5.945505592015191E-025
  5.940178464871108E-025
  5.934819247560128E-025
  5.929427859227705E-025
  5.924004220330670E-025
  5.918548252671671E-025
  5.913059879393282E-025
  5.907539025017106E-025
  5.901985615450925E-025
  5.896399578019952E-025
  5.890780841475737E-025
  5.885129336015891E-025
  5.879444993316088E-025
  5.873727746527370E-025
  5.867977530310694E-025
  5.862194280852817E-025
  5.856377935883600E-025
  5.850528434693764E-025
  5.844645718155517E-025
  5.838729728733756E-025
  5.832780410522376E-025
  5.826797709237148E-025
  5.820781572255979E-025
  5.814731948621157E-025
  5.808648789070422E-025
  5.802532046038722E-025
  5.796381673693873E-025
  5.790197627941595E-025
  5.783979866439234E-025
  5.777728348631921E-025
  5.771443035741972E-025
  5.765123890813467E-025
  5.758770878704491E-025
  5.752383966122307E-025
  5.745963121626577E-025
  5.739508315653995E-025
  5.733019520526946E-025
  5.726496710472934E-025
  5.719939861638203E-025
  5.713348952106504E-025
  5.706723961907651E-025
  5.700064873035672E-025
  5.693371669463206E-025
  5.686644337157275E-025
  5.679882864087339E-025
  5.673087240245075E-025
  5.666257457654810E-025
  5.659393510383917E-025
  5.652495394564939E-025
  5.645563108395979E-025
  5.638596652159642E-025
  5.631596028237238E-025
  5.624561241113529E-025
  5.617492297393410E-025
  5.610389205812364E-025
  5.603251977244138E-025
  5.596080624714346E-025
  5.588875163408000E-025
  5.581635610683592E-025
  5.574361986078527E-025
  5.567054311318195E-025
  5.559712610327165E-025
  5.552336909237116E-025
  5.544927236393600E-025
  5.537483622365034E-025
  5.530006099950015E-025
  5.522494704184032E-025
  5.514949472345323E-025
  5.507370443964513E-025
  5.499757660825575E-025
  5.492111166976781E-025
  5.484431008731006E-025
  5.476717234675615E-025
  5.468969895671945E-025
  5.461189044862788E-025
  5.453374737675356E-025
  5.445527031823531E-025
  5.437645987312673E-025
  5.429731666439946E-025
  5.421784133798668E-025
  5.413803456278350E-025
  5.405789703066401E-025
  5.397742945650405E-025
  5.389663257816641E-025
  5.381550715651153E-025
  5.373405397539865E-025
  5.365227384166757E-025
  5.357016758514702E-025
  5.348773605860727E-025
  5.340498013776846E-025
  5.332190072127240E-025
  5.323849873064355E-025
  5.315477511025620E-025
  5.307073082731844E-025
  5.298636687180592E-025
  5.290168425643484E-025
  5.281668401660302E-025
  5.273136721033444E-025
  5.264573491823920E-025
  5.255978824342722E-025
  5.247352831145898E-025
  5.238695627026782E-025
  5.230007329008588E-025
  5.221288056337537E-025
  5.212537930472225E-025
  5.203757075077686E-025
  5.194945616013770E-025
  5.186103681327522E-025
  5.177231401242294E-025
  5.168328908146700E-025
  5.159396336585101E-025
  5.150433823245744E-025
  5.141441506949517E-025
  5.132419528637084E-025
  5.123368031356681E-025
  5.114287160252416E-025
  5.105177062549464E-025
  5.096037887541376E-025
  5.086869786575865E-025
  5.077672913040132E-025
  5.068447422346051E-025
  5.059193471915824E-025
  5.049911221164982E-025
  5.040600831487408E-025
  5.031262466239391E-025
  5.021896290721501E-025
  5.012502472162962E-025
  5.003081179703429E-025
  4.993632584375566E-025
  4.984156859086882E-025
  4.974654178600843E-025
  4.965124719519036E-025
  4.955568660261065E-025
  4.945986181045537E-025
  4.936377463870322E-025
  4.926742692491918E-025
  4.917082052405935E-025
  4.907395730825543E-025
  4.897683916660637E-025
  4.887946800496759E-025
  4.878184574573122E-025
  4.868397432761104E-025
  4.858585570541629E-025
  4.848749184982759E-025
  4.838888474717238E-025
  4.829003639919389E-025
  4.819094882281485E-025
  4.809162404990938E-025
  4.799206412705797E-025
  4.789227111531455E-025
  4.779224708995973E-025
  4.769199414026009E-025
  4.759151436921665E-025
  4.749080989332344E-025
  4.738988284231084E-025
  4.728873535889761E-025
  4.718736959853441E-025
  4.708578772914824E-025
  4.698399193088463E-025
  4.688198439584967E-025
  4.677976732784846E-025
  4.667734294212066E-025
  4.657471346508189E-025
  4.647188113405261E-025
  4.636884819699709E-025
  4.626561691225339E-025
  4.616218954826533E-025
  4.605856838331250E-025
  4.595475570524087E-025
  4.585075381119155E-025
  4.574656500732679E-025
  4.564219160856058E-025
  4.553763593828086E-025
  4.543290032808052E-025
  4.532798711747929E-025
  4.522289865364962E-025
  4.511763729114389E-025
  4.501220539161619E-025
  4.490660532354809E-025
  4.480083946197326E-025
  4.469491018820191E-025
  4.458881988954494E-025
  4.448257095903879E-025
  4.437616579517026E-025
  4.426960680160156E-025
  4.416289638689671E-025
  4.405603696424702E-025
  4.394903095119718E-025
  4.384188076937294E-025
  4.373458884420927E-025
  4.362715760467854E-025
  4.351958948301992E-025
  4.341188691446957E-025
  4.330405233699285E-025
  4.319608819101498E-025
  4.308799691915629E-025
  4.297978096596504E-025
  4.287144277765466E-025
  4.276298480184003E-025
  4.265440948727653E-025
  4.254571928359925E-025
  4.243691664106479E-025
  4.232800401029481E-025
  4.221898384201972E-025
  4.210985858682516E-025
  4.200063069490078E-025
  4.189130261578915E-025
  4.178187679813801E-025
  4.167235568945361E-025
  4.156274173585666E-025
  4.145303738183968E-025
  4.134324507002661E-025
  4.123336724093548E-025
  4.112340633274118E-025
  4.101336478104254E-025
  4.090324501863127E-025
  4.079304947526183E-025
  4.068278057742533E-025
  4.057244074812535E-025
  4.046203240665608E-025
  4.035155796838269E-025
  4.024101984452452E-025
  4.013042044194170E-025
  4.001976216292296E-025
  3.990904740497681E-025
  3.979827856062554E-025
  3.968745801720211E-025
  3.957658815664872E-025
  3.946567135531995E-025
  3.935470998378694E-025
  3.924370640664604E-025
  3.913266298232879E-025
  3.902158206291623E-025
  3.891046599395521E-025
  3.879931711427818E-025
  3.868813775582555E-025
  3.857693024347168E-025
  3.846569689485306E-025
  3.835444002020039E-025
  3.824316192217300E-025
  3.813186489569705E-025
  3.802055122780623E-025
  3.790922319748562E-025
  3.779788307551943E-025
  3.768653312434063E-025
  3.757517559788487E-025
  3.746381274144673E-025
  3.735244679153960E-025
  3.724107997575862E-025
  3.712971451264665E-025
  3.701835261156320E-025
  3.690699647255740E-025
  3.679564828624294E-025
  3.668431023367712E-025
  3.657298448624246E-025
  3.646167320553196E-025
  3.635037854323683E-025
  3.623910264103822E-025
  3.612784763050139E-025
  3.601661563297334E-025
  3.590540875948321E-025
  3.579422911064648E-025
  3.568307877657143E-025
  3.557195983676919E-025
  3.546087436006685E-025
  3.534982440452317E-025
  3.523881201734788E-025
  3.512783923482378E-025
  3.501690808223150E-025
  3.490602057377782E-025
  3.479517871252652E-025
  3.468438449033227E-025
  3.457363988777746E-025
  3.446294687411193E-025
  3.435230740719543E-025
  3.424172343344309E-025
  3.413119688777353E-025
  3.402072969355991E-025
  3.391032376258354E-025
  3.379998099499043E-025
  3.368970327925039E-025
  3.357949249211882E-025
  3.346935049860091E-025
  3.335927915191926E-025
  3.324928029348283E-025
  3.313935575285941E-025
  3.302950734775022E-025
  3.291973688396703E-025
  3.281004615541143E-025
  3.270043694405729E-025
  3.259091101993452E-025
  3.248147014111606E-025
  3.237211605370655E-025
  3.226285049183378E-025
  3.215367517764166E-025
  3.204459182128625E-025
  3.193560212093316E-025
  3.182670776275741E-025
  3.171791042094531E-025
  3.160921175769838E-025
  3.150061342323925E-025
  3.139211705581939E-025
  3.128372428172874E-025
  3.117543671530764E-025
  3.106725595895992E-025
  3.095918360316816E-025
  3.085122122651070E-025
  3.074337039568029E-025
  3.063563266550421E-025
  3.052800957896649E-025
  3.042050266723111E-025
  3.031311344966721E-025
  3.020584343387557E-025
  3.009869411571672E-025
  2.999166697934008E-025
  2.988476349721506E-025
  2.977798513016296E-025
  2.967133332739049E-025
  2.956480952652441E-025
  2.945841515364740E-025
  2.935215162333514E-025
  2.924602033869449E-025
  2.914002269140270E-025
  2.903416006174786E-025
  2.892843381867020E-025
  2.882284531980436E-025
  2.871739591152272E-025
  2.861208692897953E-025
  2.850691969615591E-025
  2.840189552590575E-025
  2.829701572000212E-025
  2.819228156918499E-025
  2.808769435320893E-025
  2.798325534089220E-025
  2.787896579016575E-025
  2.777482694812364E-025
  2.767084005107313E-025
  2.756700632458615E-025
  2.746332698355053E-025
  2.735980323222238E-025
  2.725643626427823E-025
  2.715322726286809E-025
  2.705017740066845E-025
  2.694728783993607E-025
  2.684455973256166E-025
  2.674199422012399E-025
  2.663959243394425E-025
  2.653735549514060E-025
  2.643528451468276E-025
  2.633338059344714E-025
  2.623164482227150E-025
  2.613007828201019E-025
  2.602868204358915E-025
  2.592745716806129E-025
  2.582640470666133E-025
  2.572552570086115E-025
  2.562482118242487E-025
  2.552429217346381E-025
  2.542393968649140E-025
  2.532376472447811E-025
  2.522376828090592E-025
  2.512395133982308E-025
  2.502431487589815E-025
  2.492485985447442E-025
  2.482558723162345E-025
  2.472649795419911E-025
  2.462759295989043E-025
  2.452887317727531E-025
  2.443033952587267E-025
  2.433199291619538E-025
  2.423383424980222E-025
  2.413586441934942E-025
  2.403808430864245E-025
  2.394049479268669E-025
  2.384309673773823E-025
  2.374589100135381E-025
  2.364887843244092E-025
  2.355205987130671E-025
  2.345543614970717E-025
  2.335900809089526E-025
  2.326277650966901E-025
  2.316674221241868E-025
  2.307090599717395E-025
  2.297526865365009E-025
  2.287983096329391E-025
  2.278459369932918E-025
  2.268955762680133E-025
  2.259472350262168E-025
  2.250009207561131E-025
  2.240566408654411E-025
  2.231144026818928E-025
  2.221742134535357E-025
  2.212360803492262E-025
  2.203000104590165E-025
  2.193660107945607E-025
  2.184340882895090E-025
  2.175042497999003E-025
  2.165765021045465E-025
  2.156508519054122E-025
  2.147273058279876E-025
  2.138058704216561E-025
  2.128865521600552E-025
  2.119693574414320E-025
  2.110542925889925E-025
  2.101413638512449E-025
  2.092305774023367E-025
  2.083219393423871E-025
  2.074154556978100E-025
  2.065111324216373E-025
  2.056089753938291E-025
  2.047089904215838E-025
  2.038111832396385E-025
  2.029155595105662E-025
  2.020221248250657E-025
  2.011308847022467E-025
  2.002418445899081E-025
  1.993550098648125E-025
  1.984703858329525E-025
  1.975879777298151E-025
  1.967077907206364E-025
  1.958298299006549E-025
  1.949541002953559E-025
  1.940806068607145E-025
  1.932093544834289E-025
  1.923403479811529E-025
  1.914735921027204E-025
  1.906090915283661E-025
  1.897468508699412E-025
  1.888868746711247E-025
  1.880291674076279E-025
  1.871737334873977E-025
  1.863205772508124E-025
  1.854697029708744E-025
  1.846211148533975E-025
  1.837748170371921E-025
  1.829308135942425E-025
  1.820891085298844E-025
  1.812497057829744E-025
  1.804126092260593E-025
  1.795778226655375E-025
  1.787453498418210E-025
  1.779151944294896E-025
  1.770873600374457E-025
  1.762618502090616E-025
  1.754386684223267E-025
  1.746178180899900E-025
  1.737993025596994E-025
  1.729831251141383E-025
  1.721692889711601E-025
  1.713577972839179E-025
  1.705486531409936E-025
  1.697418595665233E-025
  1.689374195203202E-025
  1.681353358979955E-025
  1.673356115310772E-025
  1.665382491871257E-025
  1.657432515698491E-025
  1.649506213192142E-025
  1.641603610115587E-025
  1.633724731596982E-025
  1.625869602130343E-025
  1.618038245576599E-025
  1.610230685164640E-025
  1.602446943492329E-025
  1.594687042527542E-025
  1.586951003609153E-025
  1.579238847448037E-025
  1.571550594128060E-025
  1.563886263107053E-025
  1.556245873217779E-025
  1.548629442668912E-025
  1.541036989045981E-025
  1.533468529312338E-025
  1.525924079810105E-025
  1.518403656261132E-025
  1.510907273767937E-025
  1.503434946814665E-025
  1.495986689268032E-025
  1.488562514378292E-025
  1.481162434780165E-025
  1.473786462493829E-025
  1.466434608925847E-025
  1.459106884870174E-025
  1.451803300509099E-025
  1.444523865414244E-025
  1.437268588547547E-025
  1.430037478262267E-025
  1.422830542303979E-025
  1.415647787811608E-025
  1.408489221318439E-025
  1.401354848753182E-025
  1.394244675440999E-025
  1.387158706104595E-025
  1.380096944865274E-025
  1.373059395244063E-025
  1.366046060162794E-025
  1.359056941945257E-025
  1.352092042318324E-025
  1.345151362413120E-025
  1.338234902766207E-025
  1.331342663320768E-025
  1.324474643427844E-025
  1.317630841847546E-025
  1.310811256750341E-025
  1.304015885718311E-025
  1.297244725746461E-025
  1.290497773244039E-025
  1.283775024035886E-025
  1.277076473363798E-025
  1.270402115887918E-025
  1.263751945688159E-025
  1.257125956265637E-025
  1.250524140544134E-025
  1.243946490871596E-025
  1.237392999021644E-025
  1.230863656195114E-025
  1.224358453021626E-025
  1.217877379561184E-025
  1.211420425305789E-025
  1.204987579181094E-025
  1.198578829548075E-025
  1.192194164204746E-025
  1.185833570387876E-025
  1.179497034774767E-025
  1.173184543485022E-025
  1.166896082082387E-025
  1.160631635576581E-025
  1.154391188425181E-025
  1.148174724535517E-025
  1.141982227266626E-025
  1.135813679431191E-025
  1.129669063297565E-025
  1.123548360591762E-025
  1.117451552499543E-025
  1.111378619668477E-025
  1.105329542210065E-025
  1.099304299701879E-025
  1.093302871189748E-025
  1.087325235189943E-025
  1.081371369691429E-025
  1.075441252158114E-025
  1.069534859531162E-025
  1.063652168231298E-025
  1.057793154161177E-025
  1.051957792707756E-025
  1.046146058744725E-025
  1.040357926634928E-025
  1.034593370232862E-025
  1.028852362887157E-025
  1.023134877443125E-025
  1.017440886245311E-025
  1.011770361140093E-025
  1.006123273478293E-025
  1.000499594117833E-025
  9.948992934264022E-026
  9.893223412841759E-026
  9.837687070865364E-026
  9.782383597468445E-026
  9.727312676992199E-026
  9.672473989013687E-026
  9.617867208374125E-026
  9.563492005207782E-026
  9.509348044970770E-026
  9.455434988470454E-026
  9.401752491894818E-026
  9.348300206842331E-026
  9.295077780351888E-026
  9.242084854933165E-026
  9.189321068597040E-026
  9.136786054886481E-026
  9.084479442907421E-026
  9.032400857360158E-026
  8.980549918570696E-026
  8.928926242522607E-026
  8.877529440888843E-026
  8.826359121064032E-026
  8.775414886196785E-026
  8.724696335222404E-026
  8.674203062895575E-026
  8.623934659823584E-026
  8.573890712499396E-026
  8.524070803335237E-026
  8.474474510696138E-026
  8.425101408933870E-026
  8.375951068420900E-026
  8.327023055584674E-026
  8.278316932941948E-026
  8.229832259133452E-026
  8.181568588958535E-026
  8.133525473410238E-026
  8.085702459710180E-026
  8.038099091344015E-026
  7.990714908096669E-026
  7.943549446087990E-026
  7.896602237808402E-026
  7.849872812154789E-026
  7.803360694466403E-026
  7.757065406561112E-026
  7.710986466771471E-026
  7.665123389981248E-026
  7.619475687661787E-026
  7.574042867908747E-026
  7.528824435478678E-026
  7.483819891825931E-026
  7.439028735139523E-026
  7.394450460380251E-026
  7.350084559317663E-026
  7.305930520567378E-026
  7.261987829628300E-026
  7.218255968920025E-026
  7.174734417820209E-026
  7.131422652702144E-026
  7.088320146972275E-026
  7.045426371107856E-026
  7.002740792694590E-026
  6.960262876464429E-026
  6.917992084333270E-026
  6.875927875438856E-026
  6.834069706178566E-026
  6.792417030247356E-026
  6.750969298675635E-026
  6.709725959867241E-026
  6.668686459637347E-026
  6.627850241250509E-026
  6.587216745458578E-026
  6.546785410538728E-026
  6.506555672331437E-026
  6.466526964278454E-026
  6.426698717460829E-026
  6.387070360636802E-026
  6.347641320279820E-026
  6.308411020616416E-026
  6.269378883664170E-026
  6.230544329269495E-026
  6.191906775145577E-026
  6.153465636910102E-026
  6.115220328123074E-026
  6.077170260324464E-026
  6.039314843071951E-026
  6.001653483978463E-026
  5.964185588749801E-026
  5.926910561222054E-026
  5.889827803399104E-026
  5.852936715489916E-026
  5.816236695945834E-026
  5.779727141497836E-026
  5.743407447193606E-026
  5.707277006434564E-026
  5.671335211012900E-026
  5.635581451148283E-026
  5.600015115524804E-026
  5.564635591327489E-026
  5.529442264278945E-026
  5.494434518675774E-026
  5.459611737424944E-026
  5.424973302079991E-026
  5.390518592877167E-026
  5.356246988771385E-026
  5.322157867472167E-026
  5.288250605479300E-026
  5.254524578118524E-026
  5.220979159576961E-026
  5.187613722938524E-026
  5.154427640219041E-026
  5.121420282401416E-026
  5.088591019470469E-026
  5.055939220447781E-026
  5.023464253426256E-026
  4.991165485604644E-026
  4.959042283321822E-026
  4.927094012090976E-026
  4.895320036633571E-026
  4.863719720913216E-026
  4.832292428169294E-026
  4.801037520950498E-026
  4.769954361148123E-026
  4.739042310029245E-026
  4.708300728269675E-026
  4.677728975986778E-026
  4.647326412772070E-026
  4.617092397723690E-026
  4.587026289478583E-026
  4.557127446244655E-026
  4.527395225832557E-026
  4.497828985687440E-026
  4.468428082920385E-026
  4.439191874339764E-026
  4.410119716482263E-026
  4.381210965643859E-026
  4.352464977910448E-026
  4.323881109188407E-026
  4.295458715234831E-026
  4.267197151687678E-026
  4.239095774095572E-026
  4.211153937947580E-026
  4.183370998702572E-026
  4.155746311818552E-026
  4.128279232781628E-026
  4.100969117134906E-026
  4.073815320507033E-026
  4.046817198640638E-026
  4.019974107420475E-026
  3.993285402901403E-026
  3.966750441336085E-026
  3.940368579202544E-026
  3.914139173231415E-026
  3.888061580433042E-026
  3.862135158124297E-026
  3.836359263955216E-026
  3.810733255935375E-026
  3.785256492460069E-026
  3.759928332336229E-026
  3.734748134808160E-026
  3.709715259582984E-026
  3.684829066855923E-026
  3.660088917335290E-026
  3.635494172267296E-026
  3.611044193460593E-026
  3.586738343310612E-026
  3.562575984823633E-026
  3.538556481640674E-026
  3.514679198061074E-026
  3.490943499065937E-026
  3.467348750341243E-026
  3.443894318300803E-026
  3.420579570108912E-026
  3.397403873702863E-026
  3.374366597815088E-026
  3.351467111995219E-026
  3.328704786631785E-026
  3.306078992973747E-026
  3.283589103151761E-026
  3.261234490199263E-026
  3.239014528073222E-026
  3.216928591674758E-026
  3.194976056869453E-026
  3.173156300507474E-026
  3.151468700443437E-026
  3.129912635556033E-026
  3.108487485767445E-026
  3.087192632062505E-026
  3.066027456507629E-026
  3.044991342269525E-026
  3.024083673633641E-026
  3.003303836022437E-026
  2.982651216013344E-026
  2.962125201356570E-026
  2.941725180992623E-026
  2.921450545069629E-026
  2.901300684960397E-026
  2.881274993279299E-026
  2.861372863898854E-026
  2.841593691966142E-026
  2.821936873918981E-026
  2.802401807501816E-026
  2.782987891781495E-026
  2.763694527162706E-026
  2.744521115403252E-026
  2.725467059629083E-026
  2.706531764349128E-026
  2.687714635469844E-026
  2.669015080309636E-026
  2.650432507612940E-026
  2.631966327564214E-026
  2.613615951801588E-026
  2.595380793430394E-026
  2.577260267036398E-026
  2.559253788698894E-026
  2.541360776003497E-026
  2.523580648054805E-026
  2.505912825488772E-026
  2.488356730484936E-026
  2.470911786778369E-026
  2.453577419671484E-026
  2.436353056045561E-026
  2.419238124372137E-026
  2.402232054724111E-026
  2.385334278786730E-026
  2.368544229868274E-026
  2.351861342910627E-026
  2.335285054499570E-026
  2.318814802874929E-026
  2.302450027940475E-026
  2.286190171273668E-026
  2.270034676135157E-026
  2.253982987478138E-026
  2.238034551957440E-026
  2.222188817938508E-026
  2.206445235506094E-026
  2.190803256472860E-026
  2.175262334387672E-026
  2.159821924543826E-026
  2.144481483986981E-026
  2.129240471522972E-026
  2.114098347725401E-026
  2.099054574943067E-026
  2.084108617307185E-026
  2.069259940738459E-026
  2.054508012953917E-026
  2.039852303473650E-026
  2.025292283627273E-026
  2.010827426560298E-026
  1.996457207240272E-026
  1.982181102462770E-026
  1.967998590857199E-026
  1.953909152892448E-026
  1.939912270882331E-026
  1.926007428990928E-026
  1.912194113237666E-026
  1.898471811502330E-026
  1.884840013529824E-026
  1.871298210934835E-026
  1.857845897206285E-026
  1.844482567711673E-026
  1.831207719701179E-026
  1.818020852311715E-026
  1.804921466570716E-026
  1.791909065399852E-026
  1.778983153618534E-026
  1.766143237947316E-026
  1.753388827011088E-026
  1.740719431342178E-026
  1.728134563383255E-026
  1.715633737490124E-026
  1.703216469934348E-026
  1.690882278905748E-026
  1.678630684514730E-026
  1.666461208794516E-026
  1.654373375703168E-026
  1.642366711125567E-026
  1.630440742875144E-026
  1.618595000695573E-026
