  6.650077270325450E-025
  6.650077233592664E-025
  6.650077196519987E-025
  6.650077159104282E-025
  6.650077121342368E-025
  6.650077083231056E-025
  6.650077044767106E-025
  6.650077005947246E-025
  6.650076966768196E-025
  6.650076927226625E-025
  6.650076887319178E-025
  6.650076847042473E-025
  6.650076806393096E-025
  6.650076765367589E-025
  6.650076723962482E-025
  6.650076682174259E-025
  6.650076639999372E-025
  6.650076597434241E-025
  6.650076554475264E-025
  6.650076511118798E-025
  6.650076467361150E-025
  6.650076423198622E-025
  6.650076378627465E-025
  6.650076333643887E-025
  6.650076288244091E-025
  6.650076242424219E-025
  6.650076196180369E-025
  6.650076149508633E-025
  6.650076102405059E-025
  6.650076054865637E-025
  6.650076006886330E-025
  6.650075958463078E-025
  6.650075909591776E-025
  6.650075860268271E-025
  6.650075810488382E-025
  6.650075760247888E-025
  6.650075709542516E-025
  6.650075658367975E-025
  6.650075606719927E-025
  6.650075554593982E-025
  6.650075501985725E-025
  6.650075448890692E-025
  6.650075395304368E-025
  6.650075341222226E-025
  6.650075286639658E-025
  6.650075231552049E-025
  6.650075175954721E-025
  6.650075119842957E-025
  6.650075063211995E-025
  6.650075006057035E-025
  6.650074948373228E-025
  6.650074890155672E-025
  6.650074831399444E-025
  6.650074772099548E-025
  6.650074712250961E-025
  6.650074651848595E-025
  6.650074590887336E-025
  6.650074529362008E-025
  6.650074467267397E-025
  6.650074404598232E-025
  6.650074341349188E-025
  6.650074277514918E-025
  6.650074213089988E-025
  6.650074148068949E-025
  6.650074082446270E-025
  6.650074016216399E-025
  6.650073949373704E-025
  6.650073881912523E-025
  6.650073813827138E-025
  6.650073745111764E-025
  6.650073675760571E-025
  6.650073605767679E-025
  6.650073535127155E-025
  6.650073463832995E-025
  6.650073391879168E-025
  6.650073319259553E-025
  6.650073245968000E-025
  6.650073171998286E-025
  6.650073097344140E-025
  6.650073021999230E-025
  6.650072945957159E-025
  6.650072869211483E-025
  6.650072791755685E-025
  6.650072713583197E-025
  6.650072634687392E-025
  6.650072555061568E-025
  6.650072474698979E-025
  6.650072393592800E-025
  6.650072311736157E-025
  6.650072229122105E-025
  6.650072145743634E-025
  6.650072061593668E-025
  6.650071976665078E-025
  6.650071890950651E-025
  6.650071804443116E-025
  6.650071717135138E-025
  6.650071629019313E-025
  6.650071540088157E-025
  6.650071450334136E-025
  6.650071359749626E-025
  6.650071268326948E-025
  6.650071176058348E-025
  6.650071082935999E-025
  6.650070988952003E-025
  6.650070894098374E-025
  6.650070798367080E-025
  6.650070701749995E-025
  6.650070604238921E-025
  6.650070505825594E-025
  6.650070406501657E-025
  6.650070306258684E-025
  6.650070205088185E-025
  6.650070102981553E-025
  6.650069999930146E-025
  6.650069895925216E-025
  6.650069790957940E-025
  6.650069685019412E-025
  6.650069578100648E-025
  6.650069470192577E-025
  6.650069361286045E-025
  6.650069251371815E-025
  6.650069140440562E-025
  6.650069028482869E-025
  6.650068915489250E-025
  6.650068801450105E-025
  6.650068686355779E-025
  6.650068570196493E-025
  6.650068452962396E-025
  6.650068334643554E-025
  6.650068215229916E-025
  6.650068094711359E-025
  6.650067973077653E-025
  6.650067850318490E-025
  6.650067726423449E-025
  6.650067601382019E-025
  6.650067475183598E-025
  6.650067347817470E-025
  6.650067219272842E-025
  6.650067089538810E-025
  6.650066958604358E-025
  6.650066826458388E-025
  6.650066693089685E-025
  6.650066558486933E-025
  6.650066422638723E-025
  6.650066285533523E-025
  6.650066147159703E-025
  6.650066007505525E-025
  6.650065866559148E-025
  6.650065724308604E-025
  6.650065580741834E-025
  6.650065435846657E-025
  6.650065289610787E-025
  6.650065142021804E-025
  6.650064993067205E-025
  6.650064842734341E-025
  6.650064691010465E-025
  6.650064537882706E-025
  6.650064383338071E-025
  6.650064227363456E-025
  6.650064069945619E-025
  6.650063911071221E-025
  6.650063750726771E-025
  6.650063588898670E-025
  6.650063425573197E-025
  6.650063260736492E-025
  6.650063094374570E-025
  6.650062926473317E-025
  6.650062757018500E-025
  6.650062585995733E-025
  6.650062413390513E-025
  6.650062239188196E-025
  6.650062063374006E-025
  6.650061885933020E-025
  6.650061706850200E-025
  6.650061526110348E-025
  6.650061343698126E-025
  6.650061159598069E-025
  6.650060973794548E-025
  6.650060786271816E-025
  6.650060597013954E-025
  6.650060406004914E-025
  6.650060213228485E-025
  6.650060018668316E-025
  6.650059822307911E-025
  6.650059624130595E-025
  6.650059424119578E-025
  6.650059222257873E-025
  6.650059018528375E-025
  6.650058812913782E-025
  6.650058605396665E-025
  6.650058395959413E-025
  6.650058184584265E-025
  6.650057971253283E-025
  6.650057755948376E-025
  6.650057538651277E-025
  6.650057319343553E-025
  6.650057098006600E-025
  6.650056874621636E-025
  6.650056649169727E-025
  6.650056421631728E-025
  6.650056191988351E-025
  6.650055960220105E-025
  6.650055726307338E-025
  6.650055490230200E-025
  6.650055251968674E-025
  6.650055011502535E-025
  6.650054768811386E-025
  6.650054523874650E-025
  6.650054276671544E-025
  6.650054027181091E-025
  6.650053775382133E-025
  6.650053521253311E-025
  6.650053264773058E-025
  6.650053005919628E-025
  6.650052744671050E-025
  6.650052481005176E-025
  6.650052214899627E-025
  6.650051946331834E-025
  6.650051675279019E-025
  6.650051401718177E-025
  6.650051125626112E-025
  6.650050846979391E-025
  6.650050565754394E-025
  6.650050281927247E-025
  6.650049995473883E-025
  6.650049706369995E-025
  6.650049414591066E-025
  6.650049120112337E-025
  6.650048822908834E-025
  6.650048522955337E-025
  6.650048220226400E-025
  6.650047914696361E-025
  6.650047606339272E-025
  6.650047295128999E-025
  6.650046981039132E-025
  6.650046664043020E-025
  6.650046344113789E-025
  6.650046021224282E-025
  6.650045695347117E-025
  6.650045366454648E-025
  6.650045034518981E-025
  6.650044699511939E-025
  6.650044361405122E-025
  6.650044020169836E-025
  6.650043675777144E-025
  6.650043328197825E-025
  6.650042977402392E-025
  6.650042623361097E-025
  6.650042266043891E-025
  6.650041905420467E-025
  6.650041541460241E-025
  6.650041174132332E-025
  6.650040803405576E-025
  6.650040429248534E-025
  6.650040051629450E-025
  6.650039670516308E-025
  6.650039285876766E-025
  6.650038897678201E-025
  6.650038505887675E-025
  6.650038110471959E-025
  6.650037711397504E-025
  6.650037308630457E-025
  6.650036902136657E-025
  6.650036491881616E-025
  6.650036077830526E-025
  6.650035659948270E-025
  6.650035238199401E-025
  6.650034812548139E-025
  6.650034382958367E-025
  6.650033949393657E-025
  6.650033511817220E-025
  6.650033070191938E-025
  6.650032624480346E-025
  6.650032174644641E-025
  6.650031720646648E-025
  6.650031262447866E-025
  6.650030800009430E-025
  6.650030333292100E-025
  6.650029862256283E-025
  6.650029386862030E-025
  6.650028907069004E-025
  6.650028422836514E-025
  6.650027934123474E-025
  6.650027440888424E-025
  6.650026943089525E-025
  6.650026440684558E-025
  6.650025933630888E-025
  6.650025421885507E-025
  6.650024905405015E-025
  6.650024384145575E-025
  6.650023858062990E-025
  6.650023327112618E-025
  6.650022791249423E-025
  6.650022250427948E-025
  6.650021704602316E-025
  6.650021153726220E-025
  6.650020597752927E-025
  6.650020036635282E-025
  6.650019470325671E-025
  6.650018898776068E-025
  6.650018321937983E-025
  6.650017739762477E-025
  6.650017152200163E-025
  6.650016559201212E-025
  6.650015960715305E-025
  6.650015356691674E-025
  6.650014747079086E-025
  6.650014131825821E-025
  6.650013510879682E-025
  6.650012884188003E-025
  6.650012251697622E-025
  6.650011613354872E-025
  6.650010969105611E-025
  6.650010318895185E-025
  6.650009662668438E-025
  6.650009000369702E-025
  6.650008331942783E-025
  6.650007657330996E-025
  6.650006976477094E-025
  6.650006289323329E-025
  6.650005595811413E-025
  6.650004895882509E-025
  6.650004189477244E-025
  6.650003476535688E-025
  6.650002756997368E-025
  6.650002030801244E-025
  6.650001297885707E-025
  6.650000558188580E-025
  6.649999811647133E-025
  6.649999058198010E-025
  6.649998297777313E-025
  6.649997530320536E-025
  6.649996755762558E-025
  6.649995974037693E-025
  6.649995185079613E-025
  6.649994388821391E-025
  6.649993585195486E-025
  6.649992774133720E-025
  6.649991955567293E-025
  6.649991129426771E-025
  6.649990295642052E-025
  6.649989454142430E-025
  6.649988604856486E-025
  6.649987747712233E-025
  6.649986882636878E-025
  6.649986009557068E-025
  6.649985128398839E-025
  6.649984239087291E-025
  6.649983341547044E-025
  6.649982435702182E-025
  6.649981521475309E-025
  6.649980598789290E-025
  6.649979667565717E-025
  6.649978727725779E-025
  6.649977779189323E-025
  6.649976821876651E-025
  6.649975855706078E-025
  6.649974880595048E-025
  6.649973896462181E-025
  6.649972903221904E-025
  6.649971900792706E-025
  6.649970889087668E-025
  6.649969868019872E-025
  6.649968837506498E-025
  6.649967797455026E-025
  6.649966747785227E-025
  6.649965688399178E-025
  6.649964619212946E-025
  6.649963540131802E-025
  6.649962451066656E-025
  6.649961351931038E-025
  6.649960242608297E-025
  6.649959123035141E-025
  6.649957993088041E-025
  6.649956852690825E-025
  6.649955701785827E-025
  6.649954540165959E-025
  6.649953367823209E-025
  6.649952184614197E-025
  6.649950990448057E-025
  6.649949785327348E-025
  6.649948568930555E-025
  6.649947341426036E-025
  6.649946102398132E-025
  6.649944851994748E-025
  6.649943590143617E-025
  6.649942316260834E-025
  6.649941030797022E-025
  6.649939733777467E-025
  6.649938424153509E-025
  6.649937102896852E-025
  6.649935769109371E-025
  6.649934423216229E-025
  6.649933064932158E-025
  6.649931692955912E-025
  6.649930309398751E-025
  6.649928913801708E-025
  6.649927504608811E-025
  6.649926080061734E-025
  6.649924645126383E-025
  6.649923195935132E-025
  6.649921734772149E-025
  6.649920258456906E-025
  6.649918769767587E-025
  6.649917264980541E-025
  6.649915746825353E-025
  6.649914217179321E-025
  6.649912671826252E-025
  6.649911111679177E-025
  6.649909539737191E-025
  6.649907951496422E-025
  6.649906349090108E-025
  6.649904725725343E-025
  6.649903091952482E-025
  6.649901444349206E-025
  6.649899781847095E-025
  6.649898096372127E-025
  6.649896398717485E-025
  6.649894706685194E-025
  6.649892969354611E-025
  6.649891233961992E-025
  6.649889479693252E-025
  6.649887699038464E-025
  6.649885922119442E-025
  6.649884105867043E-025
  6.649882280840265E-025
  6.649880439717751E-025
  6.649878591108629E-025
  6.649876709191506E-025
  6.649874810675247E-025
  6.649872897577357E-025
  6.649870994548473E-025
  6.649869084112627E-025
  6.649867022895614E-025
  6.649865113820890E-025
  6.649863064385785E-025
  6.649861069526525E-025
  6.649859004003194E-025
  6.649857010809741E-025
  6.649854981967431E-025
  6.649852773271266E-025
  6.649850755126831E-025
  6.649848627220698E-025
  6.649846434131192E-025
  6.649844233066529E-025
  6.649841954935236E-025
  6.649839687771196E-025
  6.649837410425381E-025
  6.649835497059122E-025
  6.649833081320404E-025
  6.649830863804007E-025
  6.649828291318678E-025
  6.649825831942356E-025
  6.649824111795785E-025
  6.649821030535910E-025
  6.649819066401097E-025
  6.649816283357493E-025
  6.649814132325664E-025
  6.649811402172765E-025
  6.649809757281062E-025
  6.649806555427457E-025
  6.649804359234728E-025
  6.649801790730532E-025
  6.649798971016392E-025
  6.649796796179145E-025
  6.649793538624559E-025
  6.649790660950075E-025
  6.649787951597870E-025
  6.649785401133457E-025
  6.649782438610368E-025
  6.649779780073996E-025
  6.649776894860795E-025
  6.649774915442201E-025
  6.649771514441552E-025
  6.649769010401639E-025
  6.649765737585763E-025
  6.649763044465947E-025
  6.649760729898578E-025
  6.649755996046296E-025
  6.649753851016052E-025
  6.649752281867528E-025
  6.649748514137568E-025
  6.649744333277871E-025
  6.649743215311341E-025
  6.649737999523814E-025
  6.649734802266695E-025
  6.649735013558772E-025
  6.649728889979643E-025
  6.649724558301908E-025
  6.649722950089264E-025
  6.649720596379302E-025
  6.649715449427476E-025
  6.649713708224157E-025
  6.649710689037610E-025
  6.649705976630716E-025
  6.649703638240939E-025
  6.649699672076522E-025
  6.649690802868737E-025
  6.649694119433140E-025
  6.649687711820494E-025
  6.649687851092273E-025
  6.649676772694286E-025
  6.649676673723373E-025
  6.649668433903265E-025
  6.649672351660614E-025
  6.649670061236368E-025
  6.649664718002305E-025
  6.649659323785565E-025
  6.649660343168369E-025
  6.649649472938223E-025
  6.649641514330111E-025
  6.649640069277911E-025
  6.649639083336915E-025
  6.649638448231784E-025
  6.649624140639172E-025
  6.649628158177512E-025
  6.649620395708677E-025
  6.649619589027169E-025
  6.649611149427325E-025
  6.649608947793115E-025
  6.649608784775663E-025
  6.649601424443751E-025
  6.649599699083681E-025
  6.649590299760759E-025
  6.649583063835033E-025
  6.649580928003713E-025
  6.649588615573679E-025
  6.649574059471845E-025
  6.649566734021675E-025
  6.649558620135643E-025
  6.649556526097797E-025
  6.649555878415096E-025
  6.649552826313855E-025
  6.649539560622499E-025
  6.649530213087405E-025
  6.649539645519005E-025
  6.649517726768555E-025
  6.649522583696134E-025
  6.649522365965180E-025
  6.649506737462270E-025
  6.649505516094524E-025
  6.649505247376788E-025
  6.649506471870064E-025
  6.649486436173848E-025
  6.649499397786341E-025
  6.649489733028197E-025
  6.649470569978521E-025
  6.649463030635656E-025
  6.649459280435731E-025
  6.649457282714299E-025
  6.649458363260979E-025
  6.649450514616238E-025
  6.649443543813235E-025
  6.649443995643642E-025
  6.649428804501477E-025
  6.649435142318106E-025
  6.649416369532802E-025
  6.649404996247422E-025
  6.649404024383550E-025
  6.649392675267674E-025
  6.649390947986816E-025
  6.649378554189657E-025
  6.649385915519271E-025
  6.649361899898075E-025
  6.649361948224191E-025
  6.649363335575954E-025
  6.649353044274780E-025
  6.649334359250490E-025
  6.649337082478859E-025
  6.649330491948754E-025
  6.649312925680804E-025
  6.649327244482944E-025
  6.649307615188831E-025
  6.649304806679789E-025
  6.649290920930773E-025
  6.649281851289123E-025
  6.649279359714692E-025
  6.649285141997809E-025
  6.649265766988512E-025
  6.649264828600046E-025
  6.649245968996270E-025
  6.649254838729263E-025
  6.649237093572919E-025
  6.649227626270216E-025
  6.649219591814609E-025
  6.649221863533856E-025
  6.649211622353625E-025
  6.649189869647927E-025
  6.649187457809208E-025
  6.649168948371419E-025
  6.649176332892087E-025
  6.649164499009521E-025
  6.649155758786387E-025
  6.649137829651914E-025
  6.649136654060092E-025
  6.649128719768151E-025
  6.649126158579844E-025
  6.649104455316129E-025
  6.649102010155369E-025
  6.649083001891981E-025
  6.649087585566516E-025
  6.649067922577831E-025
  6.649061344143232E-025
  6.649066456383362E-025
  6.649042293375199E-025
  6.649038742878766E-025
  6.649030679485621E-025
  6.649022677923972E-025
  6.648996667186305E-025
  6.648998242187093E-025
  6.648988437451730E-025
  6.648980248063196E-025
  6.648960945256416E-025
  6.648961204876812E-025
  6.648947149998267E-025
  6.648935604005561E-025
  6.648927677502254E-025
  6.648919796120264E-025
  6.648898383654437E-025
  6.648894109179124E-025
  6.648880630746538E-025
  6.648861030810752E-025
  6.648866486424036E-025
  6.648858741850363E-025
  6.648831959976647E-025
  6.648823088254770E-025
  6.648817465014505E-025
  6.648797054127018E-025
  6.648788857407433E-025
  6.648789878678779E-025
  6.648766189803521E-025
  6.648756368313366E-025
  6.648748574924565E-025
  6.648733844379051E-025
  6.648718970083840E-025
  6.648706744343241E-025
  6.648688677717784E-025
  6.648672680373697E-025
  6.648666932381419E-025
  6.648657735516972E-025
  6.648628766183453E-025
  6.648619547575759E-025
  6.648612800147564E-025
  6.648601266244420E-025
  6.648588098069490E-025
  6.648568460663789E-025
  6.648563072190147E-025
  6.648540588341096E-025
  6.648532777762217E-025
  6.648517226908375E-025
  6.648504201584170E-025
  6.648485897046472E-025
  6.648472245795648E-025
  6.648453763631272E-025
  6.648447786577447E-025
  6.648426317524085E-025
  6.648413618725719E-025
  6.648398780707100E-025
  6.648379609527709E-025
  6.648361230867277E-025
  6.648351202131118E-025
  6.648333226199560E-025
  6.648315730320239E-025
  6.648294973414445E-025
  6.648286782251539E-025
  6.648267820684523E-025
  6.648254101428973E-025
  6.648234043909856E-025
  6.648219408468899E-025
  6.648202197476674E-025
  6.648182106221991E-025
  6.648164733899208E-025
  6.648147060112964E-025
  6.648130644700121E-025
  6.648112477850990E-025
  6.648091395574405E-025
  6.648074179624596E-025
  6.648056583530555E-025
  6.648039347667048E-025
  6.648017165041132E-025
  6.647998467937264E-025
  6.647980178609221E-025
  6.647958964367865E-025
  6.647940934503294E-025
  6.647920292663444E-025
  6.647900252500588E-025
  6.647879524292639E-025
  6.647861368292266E-025
  6.647836749612781E-025
  6.647820310296338E-025
  6.647797534466333E-025
  6.647777939330514E-025
  6.647755254854541E-025
  6.647735050608843E-025
  6.647712282666750E-025
  6.647691422541773E-025
  6.647667442975988E-025
  6.647645592618795E-025
  6.647623931018551E-025
  6.647602611293119E-025
  6.647577696760245E-025
  6.647552149186754E-025
  6.647531483104128E-025
  6.647508520107784E-025
  6.647485825144865E-025
  6.647459724132014E-025
  6.647435768138594E-025
  6.647412395696739E-025
  6.647387585202349E-025
  6.647362546831385E-025
  6.647336924103564E-025
  6.647311026318511E-025
  6.647285664509706E-025
  6.647259962934424E-025
  6.647235114129373E-025
  6.647207470092654E-025
  6.647182194182320E-025
  6.647155172288455E-025
  6.647124922500812E-025
  6.647099157461787E-025
  6.647070929579253E-025
  6.647042883315718E-025
  6.647016951090323E-025
  6.646987636056963E-025
  6.646959325467899E-025
  6.646930992558454E-025
  6.646900807141171E-025
  6.646872381798304E-025
  6.646842511386384E-025
  6.646811912396825E-025
  6.646781568915203E-025
  6.646751081536689E-025
  6.646720836393447E-025
  6.646689361481253E-025
  6.646657864193673E-025
  6.646625993256224E-025
  6.646593995492313E-025
  6.646561607346041E-025
  6.646530038952098E-025
  6.646496451674894E-025
  6.646463957796967E-025
  6.646430789525520E-025
  6.646396189039144E-025
  6.646361940492379E-025
  6.646328482919367E-025
  6.646293471912174E-025
  6.646258144265316E-025
  6.646222680906169E-025
  6.646187702482061E-025
  6.646151303739652E-025
  6.646115444903325E-025
  6.646078475634168E-025
  6.646041166883809E-025
  6.646004089820893E-025
  6.645966121539548E-025
  6.645928629191167E-025
  6.645889649246050E-025
  6.645850682176689E-025
  6.645811826601865E-025
  6.645772625705672E-025
  6.645732563259501E-025
  6.645692354920039E-025
  6.645651812518059E-025
  6.645610929338600E-025
  6.645569721581590E-025
  6.645527615180769E-025
  6.645485806181258E-025
  6.645443369311696E-025
  6.645400492425794E-025
  6.645357241466690E-025
  6.645313659436159E-025
  6.645269251871926E-025
  6.645225154720643E-025
  6.645180216361921E-025
  6.645134873199148E-025
  6.645089430769814E-025
  6.645042981176429E-025
  6.644996462133339E-025
  6.644949365715603E-025
  6.644902058114688E-025
  6.644854094955145E-025
  6.644805864469979E-025
  6.644757196305818E-025
  6.644707954990589E-025
  6.644658421024811E-025
  6.644608205460502E-025
  6.644557606559527E-025
  6.644506557760646E-025
  6.644455159818385E-025
  6.644403019327852E-025
  6.644350560351225E-025
  6.644297574392499E-025
  6.644244174726572E-025
  6.644190277253479E-025
  6.644135715223417E-025
  6.644080719557915E-025
  6.644025343881758E-025
  6.643969406341364E-025
  6.643912838917860E-025
  6.643856003670420E-025
  6.643798560747127E-025
  6.643740393334826E-025
  6.643681875765843E-025
  6.643622677191946E-025
  6.643563061328973E-025
  6.643502937262158E-025
  6.643442037614296E-025
  6.643380670530669E-025
  6.643318765272948E-025
  6.643256291340829E-025
  6.643193286507097E-025
  6.643129617999194E-025
  6.643065366793848E-025
  6.643000613839710E-025
  6.642935149957812E-025
  6.642869104834191E-025
  6.642802569815101E-025
  6.642735327495183E-025
  6.642667376795773E-025
  6.642598948162069E-025
  6.642529793754802E-025
  6.642460119112620E-025
  6.642389725871037E-025
  6.642318740543640E-025
  6.642246990662889E-025
  6.642174587475951E-025
  6.642101573325846E-025
  6.642027905527161E-025
  6.641953486244220E-025
  6.641878454949725E-025
  6.641802692515478E-025
  6.641726222679187E-025
  6.641648999512646E-025
  6.641571197651975E-025
  6.641492581676037E-025
  6.641413309737149E-025
  6.641333255761091E-025
  6.641252412007294E-025
  6.641170974901851E-025
  6.641088669367139E-025
  6.641005654525073E-025
  6.640921881327267E-025
  6.640837282568777E-025
  6.640751901035623E-025
  6.640665786315486E-025
  6.640578850970985E-025
  6.640491115723369E-025
  6.640402565777388E-025
  6.640313239411941E-025
  6.640223047088797E-025
  6.640132074017839E-025
  6.640040196929317E-025
  6.639947504725740E-025
  6.639853948862039E-025
  6.639759520752402E-025
  6.639664248189486E-025
  6.639568120489346E-025
  6.639471062326966E-025
  6.639373156231815E-025
  6.639274315131703E-025
  6.639174544827290E-025
  6.639073910416913E-025
  6.638972294746217E-025
  6.638869753080778E-025
  6.638766286882937E-025
  6.638661874960786E-025
  6.638556485785572E-025
  6.638450134261081E-025
  6.638342818635808E-025
  6.638234494739257E-025
  6.638125162605091E-025
  6.638014851157452E-025
  6.637903504195800E-025
  6.637791151423685E-025
  6.637677750332353E-025
  6.637563313135402E-025
  6.637447810687293E-025
  6.637331261761822E-025
  6.637213625877230E-025
  6.637094924368308E-025
  6.636975122648403E-025
  6.636854217245930E-025
  6.636732208823817E-025
  6.636609057215123E-025
  6.636484797486556E-025
  6.636359385396642E-025
  6.636232815621411E-025
  6.636105086264500E-025
  6.635976181250824E-025
  6.635846111902555E-025
  6.635714814290003E-025
  6.635582334682107E-025
  6.635448628057163E-025
  6.635313680587201E-025
  6.635177512126431E-025
  6.635040075186384E-025
  6.634901389952683E-025
  6.634761423982095E-025
  6.634620165463411E-025
  6.634477609941163E-025
  6.634333751058158E-025
  6.634188580618182E-025
  6.634042065519918E-025
  6.633894186313486E-025
  6.633744982386440E-025
  6.633594390911526E-025
  6.633442418284017E-025
  6.633289059168482E-025
  6.633134274493439E-025
  6.632978086659714E-025
  6.632820454868312E-025
  6.632661377508163E-025
  6.632500839203544E-025
  6.632338827245084E-025
  6.632175332477575E-025
  6.632010331060514E-025
  6.631843819222988E-025
  6.631675782519393E-025
  6.631506197382991E-025
  6.631335064030119E-025
  6.631162358783812E-025
  6.630988066141782E-025
  6.630812175817782E-025
  6.630634672403222E-025
  6.630455543905456E-025
  6.630274770481069E-025
  6.630092338239589E-025
  6.629908234876815E-025
  6.629722445461268E-025
  6.629534950811005E-025
  6.629345739122983E-025
  6.629154789417477E-025
  6.628962095157001E-025
  6.628767635392040E-025
  6.628571388693010E-025
  6.628373345203313E-025
  6.628173494185459E-025
  6.627971802640221E-025
  6.627768271769593E-025
  6.627562871778682E-025
  6.627355595052603E-025
  6.627146414834178E-025
  6.626935322830155E-025
  6.626722298924442E-025
  6.626507326498496E-025
  6.626290382350314E-025
  6.626071455125296E-025
  6.625850521145774E-025
  6.625627569822259E-025
  6.625402577689121E-025
  6.625175527960309E-025
  6.624946400046938E-025
  6.624715175855616E-025
  6.624481837894675E-025
  6.624246366879047E-025
  6.624008743772940E-025
  6.623768946980985E-025
  6.623526954947892E-025
  6.623282754487345E-025
  6.623036322980134E-025
  6.622787637105544E-025
  6.622536679815154E-025
  6.622283430506447E-025
  6.622027866301494E-025
  6.621769969355072E-025
  6.621509716231746E-025
  6.621247086860841E-025
  6.620982057794011E-025
  6.620714611317433E-025
  6.620444722582067E-025
  6.620172371994228E-025
  6.619897534502983E-025
  6.619620187988085E-025
  6.619340313244801E-025
  6.619057882820850E-025
  6.618772878598452E-025
  6.618485274182124E-025
  6.618195047356088E-025
  6.617902174309576E-025
  6.617606630283243E-025
  6.617308392126318E-025
  6.617007437435833E-025
  6.616703739943303E-025
  6.616397274085565E-025
  6.616088017491217E-025
  6.615775943580182E-025
  6.615461026865872E-025
  6.615143242588616E-025
  6.614822565597943E-025
  6.614498968824079E-025
  6.614172426970138E-025
  6.613842912616617E-025
  6.613510400384340E-025
  6.613174863248941E-025
  6.612836272978982E-025
  6.612494604095092E-025
  6.612149826897507E-025
  6.611801916265529E-025
  6.611450842864745E-025
  6.611096577143452E-025
  6.610739092998112E-025
  6.610378360337766E-025
  6.610014350497074E-025
  6.609647034089914E-025
  6.609276382205925E-025
  6.608902364854502E-025
  6.608524951131731E-025
  6.608144111834941E-025
  6.607759816818701E-025
  6.607372034567236E-025
  6.606980734502556E-025
  6.606585884654293E-025
  6.606187454320088E-025
  6.605785411210668E-025
  6.605379723673709E-025
  6.604970359038465E-025
  6.604557284682739E-025
  6.604140467661671E-025
  6.603719874882866E-025
  6.603295473192411E-025
  6.602867228238942E-025
  6.602435106751421E-025
  6.601999073505924E-025
  6.601559094606242E-025
  6.601115134896010E-025
  6.600667159197308E-025
  6.600215132327781E-025
  6.599759018176396E-025
  6.599298780444622E-025
  6.598834383135278E-025
  6.598365789511094E-025
  6.597892962315263E-025
  6.597415864875198E-025
  6.596934458772172E-025
  6.596448706834178E-025
  6.595958570104967E-025
  6.595464010522124E-025
  6.594964988974463E-025
  6.594461466279205E-025
  6.593953402859141E-025
  6.593440759159306E-025
  6.592923494480404E-025
  6.592401568717196E-025
  6.591874940883024E-025
  6.591343569776494E-025
  6.590807413820519E-025
  6.590266431141656E-025
  6.589720579665822E-025
  6.589169816706533E-025
  6.588614099266237E-025
  6.588053383963531E-025
  6.587487627719595E-025
  6.586916785964065E-025
  6.586340814683886E-025
  6.585759668999760E-025
  6.585173303898712E-025
  6.584581674188484E-025
  6.583984733656287E-025
  6.583382436402825E-025
  6.582774735691753E-025
  6.582161584817557E-025
  6.581542936350657E-025
  6.580918742493083E-025
  6.580288955526740E-025
  6.579653526626009E-025
  6.579012407095772E-025
  6.578365547641992E-025
  6.577712898730038E-025
  6.577054410297002E-025
  6.576390031840577E-025
  6.575719712520622E-025
  6.575043401281951E-025
  6.574361046214701E-025
  6.573672595474278E-025
  6.572977996472456E-025
  6.572277196436518E-025
  6.571570141791042E-025
  6.570856779155024E-025
  6.570137054216258E-025
  6.569410912341914E-025
  6.568678298657537E-025
  6.567939157618005E-025
  6.567193433413690E-025
  6.566441069702464E-025
  6.565682009805965E-025
  6.564916196414191E-025
  6.564143572041118E-025
  6.563364078506203E-025
  6.562577657277857E-025
  6.561784249382531E-025
  6.560983795394626E-025
  6.560176235479626E-025
  6.559361509195092E-025
  6.558539555763565E-025
  6.557710313807265E-025
  6.556873721666660E-025
  6.556029717127836E-025
  6.555178237403576E-025
  6.554319219308304E-025
  6.553452599254554E-025
  6.552578313106909E-025
  6.551696296218880E-025
  6.550806483433249E-025
  6.549908809163827E-025
  6.549003207390692E-025
  6.548089611386602E-025
  6.547167954207868E-025
  6.546238168182417E-025
  6.545300185213185E-025
  6.544353936718996E-025
  6.543399353605301E-025
  6.542436366252406E-025
  6.541464904515288E-025
  6.540484897766427E-025
  6.539496274788572E-025
  6.538498963996375E-025
  6.537492893098133E-025
  6.536477989385964E-025
  6.535454179590320E-025
  6.534421389901540E-025
  6.533379546023618E-025
  6.532328573075516E-025
  6.531268395676321E-025
  6.530198937829438E-025
  6.529120123117208E-025
  6.528031874466080E-025
  6.526934114310096E-025
  6.525826764496479E-025
  6.524709746381327E-025
  6.523582980702042E-025
  6.522446387683733E-025
  6.521299886962465E-025
  6.520143397617075E-025
  6.518976838208231E-025
  6.517800126619444E-025
  6.516613180319496E-025
  6.515415916087997E-025
  6.514208250176400E-025
  6.512990098245592E-025
  6.511761375415130E-025
  6.510521996195769E-025
  6.509271874503112E-025
  6.508010923733052E-025
  6.506739056635409E-025
  6.505456185391517E-025
  6.504162221605465E-025
  6.502857076301787E-025
  6.501540659856767E-025
  6.500212882142854E-025
  6.498873652359386E-025
  6.497522879162833E-025
  6.496160470572056E-025
  6.494786334027814E-025
  6.493400376372229E-025
  6.492002503847158E-025
  6.490592622060086E-025
  6.489170636049354E-025
  6.487736450227166E-025
  6.486289968423776E-025
  6.484831093818163E-025
  6.483359729010783E-025
  6.481875776003631E-025
  6.480379136125294E-025
  6.478869710172785E-025
  6.477347398256167E-025
  6.475812099913643E-025
  6.474263714065467E-025
  6.472702138996867E-025
  6.471127272391533E-025
  6.469539011293554E-025
  6.467937252167659E-025
  6.466321890813539E-025
  6.464692822452669E-025
  6.463049941657309E-025
  6.461393142388728E-025
  6.459722318004374E-025
  6.458037361216890E-025
  6.456338164126736E-025
  6.454624618216244E-025
  6.452896614355794E-025
  6.451154042780947E-025
  6.449396793109456E-025
  6.447624754355165E-025
  6.445837814894986E-025
  6.444035862489116E-025
  6.442218784294110E-025
  6.440386466828340E-025
  6.438538796014630E-025
  6.436675657146112E-025
  6.434796934900755E-025
  6.432902513357360E-025
  6.430992275968468E-025
  6.429066105578061E-025
  6.427123884421832E-025
  6.425165494124122E-025
  6.423190815713901E-025
  6.421199729601131E-025
  6.419192115594972E-025
  6.417167852910414E-025
  6.415126820157978E-025
  6.413068895353880E-025
  6.410993955906423E-025
  6.408901878654172E-025
  6.406792539825674E-025
  6.404665815072183E-025
  6.402521579452308E-025
  6.400359707453460E-025
  6.398180072973179E-025
  6.395982549336260E-025
  6.393767009299357E-025
  6.391533325043227E-025
  6.389281368188127E-025
  6.387011009788179E-025
  6.384722120337321E-025
  6.382414569780511E-025
  6.380088227506886E-025
  6.377742962363371E-025
  6.375378642651760E-025
  6.372995136137853E-025
  6.370592310052156E-025
  6.368170031099323E-025
  6.365728165461112E-025
  6.363266578799649E-025
  6.360785136263943E-025
  6.358283702496139E-025
  6.355762141636441E-025
  6.353220317330376E-025
  6.350658092728015E-025
  6.348075330502456E-025
  6.345471892843254E-025
  6.342847641470485E-025
  6.340202437641211E-025
  6.337536142148747E-025
  6.334848615340473E-025
  6.332139717117027E-025
  6.329409306941312E-025
  6.326657243848717E-025
  6.323883386453309E-025
  6.321087592953315E-025
  6.318269721141035E-025
  6.315429628412418E-025
  6.312567171774001E-025
  6.309682207849656E-025
  6.306774592894333E-025
  6.303844182797458E-025
  6.300890833097577E-025
  6.297914398985872E-025
  6.294914735319817E-025
  6.291891696634248E-025
  6.288845137146157E-025
  6.285774910768427E-025
  6.282680871121695E-025
  6.279562871540887E-025
  6.276420765088977E-025
  6.273254404566887E-025
  6.270063642525634E-025
  6.266848331276215E-025
  6.263608322905567E-025
  6.260343469280754E-025
  6.257053622068757E-025
  6.253738632745264E-025
  6.250398352606901E-025
  6.247032632786199E-025
  6.243641324263024E-025
  6.240224277877547E-025
  6.236781344345233E-025
  6.233312374268403E-025
  6.229817218153781E-025
  6.226295726422869E-025
  6.222747749428804E-025
  6.219173137469089E-025
  6.215571740802659E-025
  6.211943409663599E-025
  6.208287994275991E-025
  6.204605344872428E-025
  6.200895311706195E-025
  6.197157745068531E-025
  6.193392495307096E-025
  6.189599412839384E-025
  6.185778348171723E-025
  6.181929151914861E-025
  6.178051674802318E-025
  6.174145767707450E-025
  6.170211281660808E-025
  6.166248067868925E-025
  6.162255977732335E-025
  6.158234862863533E-025
  6.154184575105586E-025
  6.150104966552302E-025
  6.145995889566477E-025
  6.141857196799020E-025
  6.137688741209298E-025
  6.133490376084926E-025
  6.129261955061294E-025
  6.125003332142916E-025
  6.120714361723625E-025
  6.116394898606467E-025
  6.112044798026617E-025
  6.107663915671049E-025
  6.103252107700812E-025
  6.098809230773099E-025
  6.094335142062096E-025
  6.089829699282365E-025
  6.085292760710646E-025
  6.080724185208869E-025
  6.076123832246626E-025
  6.071491561924961E-025
  6.066827234998362E-025
  6.062130712899970E-025
  6.057401857764169E-025
  6.052640532450741E-025
  6.047846600569155E-025
  6.043019926502985E-025
  6.038160375434551E-025
  6.033267813368870E-025
  6.028342107159883E-025
  6.023383124534584E-025
  6.018390734118715E-025
  6.013364805462245E-025
  6.008305209065449E-025
  6.003211816403836E-025
  5.998084499954950E-025
  5.992923133224550E-025
  5.987727590772566E-025
  5.982497748240020E-025
  5.977233482375643E-025
  5.971934671062554E-025
  5.966601193345356E-025
  5.961232929457374E-025
  5.955829760847693E-025
  5.950391570208935E-025
  5.944918241504237E-025
  5.939409659995481E-025
  5.933865712270816E-025
  5.928286286272414E-025
  5.922671271324649E-025
  5.917020558161963E-025
  5.911334038957654E-025
  5.905611607351103E-025
  5.899853158477213E-025
  5.894058588994115E-025
  5.888227797111864E-025
  5.882360682621134E-025
  5.876457146921719E-025
  5.870517093050975E-025
  5.864540425712932E-025
  5.858527051306733E-025
  5.852476877955525E-025
  5.846389815535233E-025
  5.840265775703021E-025
  5.834104671926727E-025
  5.827906419513020E-025
  5.821670935636524E-025
  5.815398139368423E-025
  5.809087951705297E-025
  5.802740295597611E-025
  5.796355095978638E-025
  5.789932279792817E-025
  5.783471776024194E-025
  5.776973515725177E-025
  5.770437432044640E-025
  5.763863460256335E-025
  5.757251537786923E-025
  5.750601604244204E-025
  5.743913601444970E-025
  5.737187473442737E-025
  5.730423166555627E-025
  5.723620629393749E-025
  5.716779812886643E-025
  5.709900670310398E-025
  5.702983157314776E-025
  5.696027231949991E-025
  5.689032854693421E-025
  5.681999988475916E-025
  5.674928598708200E-025
  5.667818653306710E-025
  5.660670122719392E-025
  5.653482979951241E-025
  5.646257200589432E-025
  5.638992762828460E-025
  5.631689647494737E-025
  5.624347838070862E-025
  5.616967320719997E-025
  5.609548084309420E-025
  5.602090120434044E-025
  5.594593423439591E-025
  5.587057990445300E-025
  5.579483821366419E-025
  5.571870918936178E-025
  5.564219288727494E-025
  5.556528939174306E-025
  5.548799881592367E-025
  5.541032130199775E-025
  5.533225702137029E-025
  5.525380617486627E-025
  5.517496899292241E-025
  5.509574573577450E-025
  5.501613669363982E-025
  5.493614218689515E-025
  5.485576256624945E-025
  5.477499821291191E-025
  5.469384953875517E-025
  5.461231698647274E-025
  5.453040102973145E-025
  5.444810217331873E-025
  5.436542095328386E-025
  5.428235793707459E-025
  5.419891372366692E-025
  5.411508894368975E-025
  5.403088425954381E-025
  5.394630036551418E-025
  5.386133798787714E-025
  5.377599788500025E-025
  5.369028084743697E-025
  5.360418769801476E-025
  5.351771929191582E-025
  5.343087651675285E-025
  5.334366029263671E-025
  5.325607157223908E-025
  5.316811134084605E-025
  5.307978061640765E-025
  5.299108044957767E-025
  5.290201192374909E-025
  5.281257615508019E-025
  5.272277429251519E-025
  5.263260751779651E-025
  5.254207704547096E-025
  5.245118412288694E-025
  5.235993003018614E-025
  5.226831608028640E-025
  5.217634361885764E-025
  5.208401402428988E-025
  5.199132870765429E-025
  5.189828911265591E-025
  5.180489671557890E-025
  5.171115302522409E-025
  5.161705958283880E-025
  5.152261796203863E-025
  5.142782976872173E-025
  5.133269664097452E-025
  5.123722024897047E-025
  5.114140229486006E-025
  5.104524451265315E-025
  5.094874866809369E-025
  5.085191655852572E-025
  5.075475001275182E-025
  5.065725089088383E-025
  5.055942108418481E-025
  5.046126251490369E-025
  5.036277713610154E-025
  5.026396693146973E-025
  5.016483391514084E-025
  5.006538013149046E-025
  4.996560765493201E-025
  4.986551858970314E-025
  4.976511506964425E-025
  4.966439925796951E-025
  4.956337334702933E-025
  4.946203955806567E-025
  4.936040014095940E-025
  4.925845737396969E-025
  4.915621356346596E-025
  4.905367104365234E-025
  4.895083217628403E-025
  4.884769935037685E-025
  4.874427498190861E-025
  4.864056151351378E-025
  4.853656141417049E-025
  4.843227717888024E-025
  4.832771132834053E-025
  4.822286640861060E-025
  4.811774499076998E-025
  4.801234967057014E-025
  4.790668306807939E-025
  4.780074782732104E-025
  4.769454661590503E-025
  4.758808212465306E-025
  4.748135706721696E-025
  4.737437417969150E-025
  4.726713622022023E-025
  4.715964596859580E-025
  4.705190622585422E-025
  4.694391981386325E-025
  4.683568957490504E-025
  4.672721837125346E-025
  4.661850908474569E-025
  4.650956461634906E-025
  4.640038788572184E-025
  4.629098183077036E-025
  4.618134940719990E-025
  4.607149358806173E-025
  4.596141736329574E-025
  4.585112373926767E-025
  4.574061573830338E-025
  4.562989639821826E-025
  4.551896877184275E-025
  4.540783592654464E-025
  4.529650094374710E-025
  4.518496691844394E-025
  4.507323695871115E-025
  4.496131418521577E-025
  4.484920173072160E-025
  4.473690273959236E-025
  4.462442036729218E-025
  4.451175777988381E-025
  4.439891815352493E-025
  4.428590467396201E-025
  4.417272053602273E-025
  4.405936894310663E-025
  4.394585310667451E-025
  4.383217624573632E-025
  4.371834158633832E-025
  4.360435236104926E-025
  4.349021180844575E-025
  4.337592317259769E-025
  4.326148970255258E-025
  4.314691465182060E-025
  4.303220127785934E-025
  4.291735284155889E-025
  4.280237260672751E-025
  4.268726383957812E-025
  4.257202980821535E-025
  4.245667378212399E-025
  4.234119903165837E-025
  4.222560882753380E-025
  4.210990644031899E-025
  4.199409513993062E-025
  4.187817819513014E-025
  4.176215887302256E-025
  4.164604043855735E-025
  4.152982615403289E-025
  4.141351927860255E-025
  4.129712306778466E-025
  4.118064077297504E-025
  4.106407564096309E-025
  4.094743091345151E-025
  4.083070982657947E-025
  4.071391561044966E-025
  4.059705148865954E-025
  4.048012067783660E-025
  4.036312638717822E-025
  4.024607181799575E-025
  4.012896016326344E-025
  4.001179460717231E-025
  3.989457832468884E-025
  3.977731448111926E-025
  3.966000623167802E-025
  3.954265672106357E-025
  3.942526908303779E-025
  3.930784644001258E-025
  3.919039190264163E-025
  3.907290856941849E-025
  3.895539952628056E-025
  3.883786784621980E-025
  3.872031658889918E-025
  3.860274880027637E-025
  3.848516751223338E-025
  3.836757574221371E-025
  3.824997649286566E-025
  3.813237275169307E-025
  3.801476749071276E-025
  3.789716366611958E-025
  3.777956421795846E-025
  3.766197206980370E-025
  3.754439012844603E-025
  3.742682128358676E-025
  3.730926840754003E-025
  3.719173435494236E-025
  3.707422196246977E-025
  3.695673404856335E-025
  3.683927341316203E-025
  3.672184283744363E-025
  3.660444508357374E-025
  3.648708289446252E-025
  3.636975899352973E-025
  3.625247608447790E-025
  3.613523685107309E-025
  3.601804395693467E-025
  3.590090004533240E-025
  3.578380773899212E-025
  3.566676963990984E-025
  3.554978832917356E-025
  3.543286636679355E-025
  3.531600629154096E-025
  3.519921062079431E-025
  3.508248185039458E-025
  3.496582245450840E-025
  3.484923488549888E-025
  3.473272157380548E-025
  3.461628492783142E-025
  3.449992733383928E-025
  3.438365115585478E-025
  3.426745873557856E-025
  3.415135239230587E-025
  3.403533442285440E-025
  3.391940710149979E-025
  3.380357267991886E-025
  3.368783338714130E-025
  3.357219142950810E-025
  3.345664899063865E-025
  3.334120823140446E-025
  3.322587128991117E-025
  3.311064028148763E-025
  3.299551729868241E-025
  3.288050441126757E-025
  3.276560366624978E-025
  3.265081708788821E-025
  3.253614667771987E-025
  3.242159441459154E-025
  3.230716225469866E-025
  3.219285213163080E-025
  3.207866595642413E-025
  3.196460561761977E-025
  3.185067298132933E-025
  3.173686989130585E-025
  3.162319816902179E-025
  3.150965961375240E-025
  3.139625600266543E-025
  3.128298909091656E-025
  3.116986061175032E-025
  3.105687227660705E-025
  3.094402577523475E-025
  3.083132277580666E-025
  3.071876492504392E-025
  3.060635384834308E-025
  3.049409114990899E-025
  3.038197841289191E-025
  3.027001719952973E-025
  3.015820905129458E-025
  3.004655548904351E-025
  2.993505801317402E-025
  2.982371810378321E-025
  2.971253722083088E-025
  2.960151680430688E-025
  2.949065827440156E-025
  2.937996303168034E-025
  2.926943245726109E-025
  2.915906791299533E-025
  2.904887074165212E-025
  2.893884226710499E-025
  2.882898379452190E-025
  2.871929661055764E-025
  2.860978198354892E-025
  2.850044116371176E-025
  2.839127538334110E-025
  2.828228585701282E-025
  2.817347378178710E-025
  2.806484033741455E-025
  2.795638668654288E-025
  2.784811397492624E-025
  2.774002333163508E-025
  2.763211586926801E-025
  2.752439268416418E-025
  2.741685485661704E-025
  2.730950345108898E-025
  2.720233951642650E-025
  2.709536408607604E-025
  2.698857817830068E-025
  2.688198279639640E-025
  2.677557892890945E-025
  2.666936754985312E-025
  2.656334961892507E-025
  2.645752608172395E-025
  2.635189786996626E-025
  2.624646590170248E-025
  2.614123108153305E-025
  2.603619430082322E-025
  2.593135643791783E-025
  2.582671835835488E-025
  2.572228091507798E-025
  2.561804494864845E-025
  2.551401128745540E-025
  2.541018074792536E-025
  2.530655413473011E-025
  2.520313224099311E-025
  2.509991584849465E-025
  2.499690572787509E-025
  2.489410263883658E-025
  2.479150733034297E-025
  2.468912054081766E-025
  2.458694299833987E-025
  2.448497542083836E-025
  2.438321851628357E-025
  2.428167298287707E-025
  2.418033950923929E-025
  2.407921877459427E-025
  2.397831144895275E-025
  2.387761819329217E-025
  2.377713965973453E-025
  2.367687649172145E-025
  2.357682932418690E-025
  2.347699878372682E-025
  2.337738548876645E-025
  2.327799004972444E-025
  2.317881306917459E-025
  2.307985514200426E-025
  2.298111685557034E-025
  2.288259878985162E-025
  2.278430151759913E-025
  2.268622560448239E-025
  2.258837160923347E-025
  2.249074008378739E-025
  2.239333157341989E-025
  2.229614661688172E-025
  2.219918574652985E-025
  2.210244948845576E-025
  2.200593836261030E-025
  2.190965288292527E-025
  2.181359355743225E-025
  2.171776088837771E-025
  2.162215537233520E-025
  2.152677750031424E-025
  2.143162775786592E-025
  2.133670662518543E-025
  2.124201457721125E-025
  2.114755208372104E-025
  2.105331960942465E-025
  2.095931761405338E-025
  2.086554655244677E-025
  2.077200687463535E-025
  2.067869902592113E-025
  2.058562344695406E-025
  2.049278057380616E-025
  2.040017083804182E-025
  2.030779466678567E-025
  2.021565248278667E-025
  2.012374470447995E-025
  2.003207174604483E-025
  1.994063401746050E-025
  1.984943192455824E-025
  1.975846586907116E-025
  1.966773624868061E-025
  1.957724345705999E-025
  1.948698788391567E-025
  1.939696991502508E-025
  1.930718993227190E-025
  1.921764831367901E-025
  1.912834543343800E-025
  1.903928166193680E-025
  1.895045736578414E-025
  1.886187290783180E-025
  1.877352864719407E-025
  1.868542493926504E-025
  1.859756213573312E-025
  1.850994058459351E-025
  1.842256063015809E-025
  1.833542261306309E-025
  1.824852687027454E-025
  1.816187373509169E-025
  1.807546353714773E-025
  1.798929660240928E-025
  1.790337325317298E-025
  1.781769380806064E-025
  1.773225858201227E-025
  1.764706788627721E-025
  1.756212202840336E-025
  1.747742131222478E-025
  1.739296603784740E-025
  1.730875650163331E-025
  1.722479299618292E-025
  1.714107581031609E-025
  1.705760522905143E-025
  1.697438153358418E-025
  1.689140500126266E-025
  1.680867590556352E-025
  1.672619451606534E-025
  1.664396109842135E-025
  1.656197591433062E-025
  1.648023922150838E-025
  1.639875127365499E-025
  1.631751232042404E-025
  1.623652260738928E-025
  1.615578237601087E-025
  1.607529186360039E-025
  1.599505130328531E-025
  1.591506092397249E-025
  1.583532095031102E-025
  1.575583160265428E-025
  1.567659309702153E-025
  1.559760564505860E-025
  1.551886945399843E-025
  1.544038472662079E-025
  1.536215166121167E-025
  1.528417045152228E-025
  1.520644128672773E-025
  1.512896435138520E-025
  1.505173982539218E-025
  1.497476788394411E-025
  1.489804869749219E-025
  1.482158243170076E-025
  1.474536924740486E-025
  1.466940930056748E-025
  1.459370274223705E-025
  1.451824971850470E-025
  1.444305037046186E-025
  1.436810483415785E-025
  1.429341324055746E-025
  1.421897571549911E-025
  1.414479237965275E-025
  1.407086334847856E-025
  1.399718873218532E-025
  1.392376863568978E-025
  1.385060315857580E-025
  1.377769239505437E-025
  1.370503643392366E-025
  1.363263535852987E-025
  1.356048924672829E-025
  1.348859817084513E-025
  1.341696219763966E-025
  1.334558138826719E-025
  1.327445579824238E-025
  1.320358547740343E-025
  1.313297046987675E-025
  1.306261081404249E-025
  1.299250654250052E-025
  1.292265768203742E-025
  1.285306425359406E-025
  1.278372627223404E-025
  1.271464374711277E-025
  1.264581668144761E-025
  1.257724507248865E-025
  1.250892891149045E-025
  1.244086818368452E-025
  1.237306286825295E-025
  1.230551293830260E-025
  1.223821836084053E-025
  1.217117909675012E-025
  1.210439510076834E-025
  1.203786632146378E-025
  1.197159270121587E-025
  1.190557417619488E-025
  1.183981067634312E-025
  1.177430212535689E-025
  1.170904844066974E-025
  1.164404953343656E-025
  1.157930530851869E-025
  1.151481566447025E-025
  1.145058049352534E-025
  1.138659968158629E-025
  1.132287310821319E-025
  1.125940064661415E-025
  1.119618216363695E-025
  1.113321751976144E-025
  1.107050656909343E-025
  1.100804915935912E-025
  1.094584513190111E-025
  1.088389432167518E-025
  1.082219655724822E-025
  1.076075166079732E-025
  1.069955944810982E-025
  1.063861972858448E-025
  1.057793230523378E-025
  1.051749697468719E-025
  1.045731352719555E-025
  1.039738174663656E-025
  1.033770141052129E-025
  1.027827229000169E-025
  1.021909414987927E-025
  1.016016674861470E-025
  1.010148983833862E-025
  1.004306316486321E-025
  9.984886467695164E-026
  9.926959480049251E-026
  9.869281928863293E-026
  9.811853534813844E-026
  9.754674012333098E-026
  9.697743069626546E-026
  9.641060408691875E-026
  9.584625725338590E-026
  9.528438709208807E-026
  9.472499043798818E-026
  9.416806406481752E-026
  9.361360468531027E-026
  9.306160895144855E-026
  9.251207345471505E-026
  9.196499472635680E-026
  9.142036923765478E-026
  9.087819340020541E-026
  9.033846356620840E-026
  8.980117602876429E-026
  8.926632702217953E-026
  8.873391272228111E-026
  8.820392924673742E-026
  8.767637265538930E-026
  8.715123895058628E-026
  8.662852407753407E-026
  8.610822392464544E-026
  8.559033432390301E-026
  8.507485105122503E-026
  8.456176982684204E-026
  8.405108631567792E-026
  8.354279612773945E-026
  8.303689481851177E-026
  8.253337788936119E-026
  8.203224078794334E-026
  8.153347890861928E-026
  8.103708759287581E-026
  8.054306212975402E-026
  8.005139775628165E-026
  7.956208965791306E-026
  7.907513296897287E-026
  7.859052277310738E-026
  7.810825410373889E-026
  7.762832194452736E-026
  7.715072122983486E-026
  7.667544684519773E-026
  7.620249362780026E-026
  7.573185636695588E-026
  7.526352980459033E-026
  7.479750863573143E-026
  7.433378750900078E-026
  7.387236102711148E-026
  7.341322374736777E-026
  7.295637018217067E-026
  7.250179479952444E-026
  7.204949202354934E-026
  7.159945623499496E-026
  7.115168177175963E-026
  7.070616292940952E-026
  7.026289396170377E-026
  6.982186908112025E-026
  6.938308245938443E-026
  6.894652822800149E-026
  6.851220047878965E-026
  6.808009326441659E-026
  6.765020059893695E-026
  6.722251645833324E-026
  6.679703478105652E-026
  6.637374946857114E-026
  6.595265438589834E-026
  6.553374336216419E-026
  6.511701019114574E-026
  6.470244863182132E-026
  6.429005240891928E-026
  6.387981521346985E-026
  6.347173070335561E-026
  6.306579250386489E-026
  6.266199420824369E-026
  6.226032937824957E-026
  6.186079154470489E-026
  6.146337420805099E-026
  6.106807083890159E-026
  6.067487487859725E-026
  6.028377973975843E-026
  5.989477880683992E-026
  5.950786543668336E-026
  5.912303295907032E-026
  5.874027467727434E-026
  5.835958386861281E-026
  5.798095378499753E-026
  5.760437765348487E-026
  5.722984867682458E-026
  5.685736003400850E-026
  5.648690488081646E-026
  5.611847635036288E-026
  5.575206755364047E-026
  5.538767158006387E-026
  5.502528149801044E-026
  5.466489035536082E-026
  5.430649118003676E-026
  5.395007698053808E-026
  5.359564074647679E-026
  5.324317544911091E-026
  5.289267404187419E-026
  5.254412946090581E-026
  5.219753462557674E-026
  5.185288243901428E-026
  5.151016578862436E-026
  5.116937754661153E-026
  5.083051057049626E-026
  5.049355770363046E-026
  5.015851177570928E-026
  4.982536560328200E-026
  4.949411199025848E-026
  4.916474372841432E-026
  4.883725359789228E-026
  4.851163436770165E-026
  4.818787879621411E-026
  4.786597963165690E-026
  4.754592961260322E-026
  4.722772146845920E-026
  4.691134791994792E-026
  4.659680167959080E-026
  4.628407545218465E-026
  4.597316193527699E-026
  4.566405381963651E-026
  4.535674378972188E-026
  4.505122452414568E-026
  4.474748869613620E-026
  4.444552897399461E-026
  4.414533802155016E-026
  4.384690849861006E-026
  4.355023306140772E-026
  4.325530436304581E-026
  4.296211505393724E-026
  4.267065778224055E-026
  4.238092519429411E-026
  4.209290993504438E-026
  4.180660464847221E-026
  4.152200197801384E-026
  4.123909456697978E-026
