   1233819.70643337     
   1263011.43505143     
   1322890.46778004     
   1424408.76849932     
   1615977.79522575     
   1878738.23287511     
   2166023.75944563     
   2441873.41165639     
   2687107.01218122     
   2894546.80227569     
   3063806.62186326     
   3197794.65879364     
   3300712.66598623     
   3377011.73170059     
   3430894.30557463     
   3466109.74158629     
   3485899.86155944     
   3493016.44764569     
   3489769.45170912     
   3478084.88665255     
   3459562.18923137     
   3435526.54331475     
   3407074.57766552     
   3375113.29327191     
   3340392.73008442     
   3303533.13270360     
   3265047.42008622     
   3225359.71612629     
   3184820.61128978     
   3143719.72879276     
   3102296.07669265     
   3060746.58492353     
   3019233.15521298     
   2977888.49230360     
   2936820.93567788     
   2896118.47060590     
   2855852.06377235     
   2816078.44286648     
   2776842.41667432     
   2738178.81515917     
   2700114.11468690     
   2662667.80140562     
   2625853.51685259     
   2589680.02191144     
   2554152.00874060     
   2519270.78574659     
   2485034.85561889     
   2451440.40391387     
   2418481.71196958     
   2386151.50625631     
   2354441.25383149     
   2323341.41250526     
   2292841.64222838     
   2262930.98402974     
   2233598.01108434     
   2204830.95623517     
   2176617.81949417     
   2148946.45840493     
   2121804.66390617     
   2095180.22378579     
   2069060.97549998     
   2043434.85007396     
   2018289.90821022     
   1993614.36987152     
   1969396.63826573     
   1945625.31902361     
   1922289.23536082     
   1899377.43974769     
   1876879.22261931     
   1854784.11861375     
   1833081.91071911     
   1811762.63256476     
   1790816.56927419     
   1770234.25703818     
   1750006.48161613     
   1730124.27595077     
   1710578.91713075     
   1691361.92264192     
   1672465.04629079     
   1653880.27358491     
   1635599.81695821     
   1617616.11064557     
   1599921.80550248     
   1582509.76359725     
   1565373.05281579     
   1548504.94138187     
   1531898.89240478     
   1515548.55838762     
   1499447.77587161     
   1483590.56005483     
   1467971.09952423     
   1452583.75107603     
   1437423.03464459     
   1422483.62828677     
   1407760.36336260     
   1393248.21972961     
   1378942.32115222     
   1364837.93076127     
   1350930.44670858     
   1337215.39784233     
   1323688.43962615     
