   1070158.62321368     
   1092147.25534281     
   1131318.73295742     
   1168788.29812398     
   1207824.53349803     
   1256286.97531435     
   1323492.59260072     
   1414263.10066829     
   1527588.68580111     
   1658646.51790688     
   1801201.70303123     
   1949204.22655705     
   2097555.37171928     
   2242331.86919201     
   2380728.77975110     
   2510887.20568456     
   2631695.69554610     
   2742606.28165064     
   2843480.10646768     
   2934464.92462292     
   3015901.35213993     
   3088252.97077527     
   3152055.31610132     
   3207879.37437798     
   3256306.00048763     
   3297908.43071090     
   3333240.71979661     
   3362830.46392529     
   3387174.58719868     
   3406737.28848686     
   3421949.48645619     
   3433209.28028730     
   3440883.07750111     
   3445307.13858769     
   3446789.36090879     
   3445611.17683601     
   3442029.47998327     
   3436278.52133727     
   3428571.73694881     
   3419103.48377550     
   3408050.66998586     
   3395574.27365711     
   3381820.74840186     
   3366923.31806877     
   3351003.16472594     
   3334170.51554501     
   3316525.63462453     
   3298159.72692307     
   3279155.76049375     
   3259589.21393856     
   3239528.75522761     
   3219036.85795897     
   3198170.36048256     
   3176980.97329552     
   3155515.73929252     
   3133817.45133749     
   3111925.03119211     
   3089873.87340002     
   3067696.15743691     
   3045421.13124686     
   3023075.36870639     
   3000683.00373959     
   2978265.94297572     
   2955844.05940036     
   2933435.36829735     
   2911056.18769981     
   2888721.28429258     
   2866444.00650359     
   2844236.40580802     
   2822109.34737640     
   2800072.61095468     
   2778134.98313167     
   2756304.34149003     
   2734587.73154477     
   2712991.43709419     
   2691521.04456522     
   2670181.50184587     
   2648977.17223811     
   2627911.88378800     
   2606988.97452505     
   2586211.33390741     
   2565581.44081496     
   2545101.39845832     
   2524772.96630529     
   2504597.58949366     
   2484576.42580442     
   2464710.37034851     
   2445000.07839440     
   2425445.98622825     
   2406048.33041163     
   2386807.16540062     
   2367722.37980609     
   2348793.71138283     
   2330020.76071215     
   2311403.00389677     
   2292939.80417990     
   2274630.42264327     
   2256474.02811596     
   2238469.70619936     
   2220616.46760633     
   2202913.25590266     
