  -505954.583948121     
  -494711.584733706     
  -481784.678756118     
  -470873.234080027     
  -460800.960006079     
  -451428.678957561     
  -442644.749687276     
  -434350.051774024     
  -426464.013937973     
  -418923.083139661     
  -411677.151485662     
  -404686.245353453     
  -397917.970104767     
  -391345.651134341     
  -384947.001968256     
  -378703.165919224     
  -372598.017110092     
  -366617.641451254     
  -360749.943602773     
  -354984.343386993     
  -349311.536797631     
  -343723.304527721     
  -338212.356133232     
  -332772.201441612     
  -327397.043184415     
  -322081.686461718     
  -316821.461778565     
  -311612.159195936     
  -306449.971715642     
  -301331.446439217     
  -296253.442353345     
  -291213.093828165     
  -286207.779089655     
  -281235.093061280     
  -276292.824068480     
  -271378.933976112     
  -266491.541383841     
  -261628.907548117     
  -256789.424729746     
  -251971.606692180     
  -247174.081094668     
  -242395.583541301     
  -237634.953062234     
  -232891.128816873     
  -228163.147823241     
  -223450.143531226     
  -218751.345071975     
  -214066.077029467     
  -209393.759596049     
  -204733.908986849     
  -200086.138004081     
  -195450.156654625     
  -190825.772740056     
  -186212.892349280     
  -181611.520197438     
  -177021.759766003     
  -172443.813208866     
  -167877.980999281     
  -163324.661300805     
  -158784.349052752     
  -154257.634767390     
  -149745.203041711     
  -145247.830791140     
  -140766.385216585     
  -136301.821519780     
  -131855.180383421     
  -127427.585235631     
  -123020.239318599     
  -118634.422582752     
  -114271.488428078     
  -109932.860314028     
  -105620.028259531     
  -101334.545254183     
  -97078.0236005114     
  -92852.1312071178     
  -88658.5878507448     
  -84499.1614249057     
  -80375.6641910085     
  -76289.9490472418     
  -72243.9058288494     
  -68239.4576524256     
  -64278.5573158024     
  -60363.1837634943     
  -56495.3386271216     
  -52677.0428485441     
  -48910.3333929023     
  -45197.2600573795     
  -41539.8823808478     
  -37940.2666585064     
  -34400.4830648904     
  -30922.6028878143     
  -27508.6958751665     
  -24160.8276957951     
  -20881.0575151441     
  -17671.4356857610     
  -14534.0015523484     
  -11470.7813705089     
  -8483.78633805694     
  -5575.01073736925     
  -2746.43018693061     
  0.000000000000000E+000
