  -355239.019703976     
  -340974.754671919     
  -321894.718995104     
  -305498.088332891     
  -290461.663429974     
  -276377.234503238     
  -263014.936858379     
  -250226.262792375     
  -237907.066254475     
  -225979.414540999     
  -214382.015653405     
  -203064.861536984     
  -191986.011445596     
  -181109.513699180     
  -170403.988411085     
  -159841.646589721     
  -149397.634675708     
  -139049.636965600     
  -128777.680130021     
  -118564.085523885     
  -108393.516518933     
  -98253.0731337840     
  -88132.3946346563     
  -78023.7409717380     
  -67922.0342156202     
  -57824.8503246595     
  -47732.3589303203     
  -37647.2141780609     
  -27574.4031301280     
  -17521.0601240073     
  -7496.25614728321     
   2489.22791087564     
   12423.1360337392     
   22291.9728585925     
   32081.2346633295     
   41775.6309794768     
   51359.2934033046     
   60815.9692059301     
   70129.1982286771     
   79282.4722866681     
   88259.3768969524     
   97043.7156106068     
   105619.617576087     
   113971.629211221     
   122084.791029490     
   129944.700768720     
   137537.564019593     
   144850.233560390     
   151870.238582812     
   158585.804949250     
   164985.867562570     
   171060.075859516     
   176798.793363447     
   182193.092154123     
   187234.743033907     
   191916.202093756     
   196230.594309325     
   200171.694727877     
   203733.907742535     
   206912.244890455     
   209702.301556338     
   212100.232913322     
   214102.729387274     
   215706.991890436     
   216910.707033422     
   217712.022492469     
   218109.522679609     
   218102.204838455     
   217689.455665476     
   216871.028537345     
   215647.021407765     
   214017.855422403     
   211984.254287628     
   209547.224417952     
   206708.035877415     
   203468.204122517     
   199829.472546999     
   195793.795823657     
   191363.324033322     
   186540.387567389     
   181327.482787141     
   175727.258420505     
   169742.502675053     
   163376.131044516     
   156631.174784878     
   149510.770035517     
   142018.147560424     
   134156.623084164     
   125929.588197438     
   117340.501807095     
   108392.882105990     
   99090.2990383441     
   89436.3672368427     
   79434.7394084393     
   69089.1001462720     
   58403.1601460538     
   47380.6508058993     
   36025.3191893810     
   24340.9233323394     
   12331.2278747743     
  0.000000000000000E+000
