   1242555.11764296     
   1269545.18613561     
   1326410.52585001     
   1423411.51110299     
   1608806.90734602     
   1865970.83833378     
   2149518.29477648     
   2423580.02862449     
   2668576.31929811     
   2876855.79872789     
   3047634.55216170     
   3183527.03302474     
   3288532.11147152     
   3366966.88647853     
   3422948.78802791     
   3460175.74094673     
   3481860.64855210     
   3490741.17623025     
   3489122.70113147     
   3478932.65899938     
   3461775.54031872     
   3438983.64747747     
   3411661.76720092     
   3380725.43613130     
   3346933.18976528     
   3310913.47290115     
   3273186.96216621     
   3234185.02056615     
   3194264.92907184     
   3153722.45215656     
   3112802.20750037     
   3071706.23098667     
   3030601.06034024     
   2989623.60238097     
   2948886.00110248     
   2908479.68375595     
   2868478.73021812     
   2828942.68353463     
   2789918.89886894     
   2751444.51003514     
   2713548.07854569     
   2676250.97880980     
   2639568.56324697     
   2603511.14392560     
   2568084.82035923     
   2533292.17864068     
   2499132.88239353     
   2465604.17265205     
   2432701.29116204     
   2400417.83888227     
   2368746.07977222     
   2337677.19826457     
   2307201.51741474     
   2277308.68378319     
   2247987.82384978     
   2219227.67640260     
   2191016.70436887     
   2163343.18912557     
   2136195.30986335     
   2109561.21024485     
   2083429.05412865     
   2057787.07199930     
   2032623.59949363     
   2007927.10911159     
   1983686.23608149     
   1959889.79934017     
   1936526.81826469     
   1913586.52576334     
   1891058.37834079     
   1868932.06347999     
   1847197.50491449     
   1825844.86589010     
   1804864.55095088     
   1784247.20626243     
   1763983.71894085     
   1744065.21533858     
   1724483.05859661     
   1705228.84553273     
   1686294.40303809     
   1667671.78396030     
   1649353.26277971     
   1631331.33089871     
   1613598.69179767     
   1596148.25600476     
   1578973.13600796     
   1562066.64105664     
   1545422.27198898     
   1529033.71597743     
   1512894.84141264     
   1496999.69269586     
   1481342.48522682     
   1465917.60034719     
   1450719.58044464     
   1435743.12411777     
   1420983.08146009     
   1406434.44940931     
   1392092.36726797     
   1377952.11228253     
   1364009.09537650     
   1350258.85696489     
   1336697.06291928     
   1323319.50061761     
