   1234944.90565012     
   1264340.81394130     
   1326330.44360762     
   1467476.92242881     
   1784523.25908125     
   2244652.51054853     
   2759765.81340216     
   3261155.86747968     
   3711686.99399485     
   4096906.71681506     
   4415228.23178715     
   4671341.36979785     
   4872448.95364315     
   5026304.28658207     
   5140273.59257908     
   5220947.35690565     
   5274031.51971996     
   5304372.75599295     
   5316041.22649375     
   5312431.83011745     
   5296365.08631461     
   5270179.31309476     
   5235811.15054083     
   5194864.12350607     
   5148666.13381756     
   5098317.22881940     
   5044729.07667747     
   4988657.49320519     
   4930729.20893791     
   4871463.89316939     
   4811292.28630209     
   4750571.14564934     
   4689595.58295440     
   4628609.26654971     
   4567812.87368356     
   4507371.10720089     
   4447418.53145950     
   4388064.43664645     
   4329396.90069172     
   4271486.18773158     
   4214387.59703662     
   4158143.85503595     
   4102787.12731536     
   4048340.71365843     
   3994820.47776624     
   3942236.05533628     
   3890591.87543492     
   3839888.02555202     
   3790120.98441911     
   3741284.24360384     
   3693368.83479972     
   3646363.77769781     
   3600256.45988024     
   3555032.95969925     
   3510678.32015094     
   3467176.78128905     
   3424511.97727128     
   3382667.10317438     
   3341625.05608311     
   3301368.55414509     
   3261880.23676530     
   3223142.74876328     
   3185138.81069187     
   3147851.27738556     
   3111263.18640656     
   3075357.79783602     
   3040118.62667980     
   3005529.46895011     
   2971574.42230699     
   2938237.90211186     
   2905504.65353557     
   2873359.76027281     
   2841788.65045226     
   2810777.10011710     
   2780311.23462514     
   2750377.52833845     
   2720962.80287743     
   2692054.22414375     
   2663639.29838694     
   2635705.86736463     
   2608242.10289266     
   2581236.50081577     
   2554677.87459575     
   2528555.34848424     
   2502858.35051632     
   2477576.60527796     
   2452700.12661332     
   2428219.21015717     
   2404124.42596723     
   2380406.61107013     
   2357056.86208913     
   2334066.52793168     
   2311427.20261537     
   2289130.71808390     
   2267169.13731607     
   2245534.74735932     
   2224220.05272358     
   2203217.76874162     
   2182520.81525667     
   2162122.31026098     
   2142015.56392846     
