   111744.747775532     
   117363.166373823     
   127878.730204335     
   138385.239710257     
   148905.353888020     
   159629.954510213     
   170676.304903238     
   181992.264471192     
   193393.696633772     
   204642.399224172     
   215507.216664768     
   225796.494418229     
   235368.840658969     
   244131.569647302     
   252033.621372347     
   259056.901297681     
   265208.000824157     
   270511.101051851     
   275002.258334252     
   278724.989277855     
   281726.964994399     
   284057.602191551     
   285766.354651442     
   286901.538464704     
   287509.556380475     
   287634.415754545     
   287317.459103322     
   286597.246035389     
   285509.540826757     
   284087.371830598     
   282361.137970102     
   280358.744377041     
   278105.754324105     
   275625.548370128     
   272939.484415528     
   270067.054400101     
   267026.034854239     
   263832.629582097     
   260501.603516764     
   257046.407324612     
   253479.292707879     
   249811.418606176     
   246052.948661192     
   242213.140410144     
   238300.426729371     
   234322.490073660     
   230286.330059465     
   226198.324927645     
   222064.287399226     
   217889.515409951     
   213678.838177829     
   209436.658025753     
   205166.988347917     
   200873.488077707     
   196559.492983322     
   192228.044089302     
   187881.913494576     
   183523.627833178     
   179155.489600373     
   174779.596546049     
   170397.859317951     
   166012.017519824     
   161623.654333398     
   157234.209839186     
   152844.993157510     
   148457.193519760     
   144071.890369073     
   139690.062580056     
   135312.596878584     
   130940.295534773     
   126573.883395398     
   122214.014315478     
   117861.277043235     
   113516.200607385     
   109179.259251110     
   104850.876952896     
   100531.431570707     
   96221.2586424395     
   91920.6548727080     
   87629.8813330868     
   83349.1664005706     
   79078.7084566821     
   74818.6783676182     
   70569.2217640508     
   66330.4611374491     
   62102.4977683338     
   57885.4135004797     
   53679.2723738550     
   49484.1221279896     
   45299.9955863857     
   41126.9119316977     
   36964.8778806088     
   32813.8887664532     
   28673.9295370875     
   24544.9756747405     
   20426.9940441269     
   16319.9436744712     
   12223.7764807012     
   8138.43792859382     
   4063.86764825855     
  0.000000000000000E+000
