   4555191.30368710     
   4620561.65623569     
   4741747.51866596     
   4859440.45538209     
   4973215.55473191     
   5083672.22729136     
   5191476.41855247     
   5297135.57034490     
   5401016.94149657     
   5503391.04417622     
   5604463.86200098     
   5704397.37689532     
   5803322.42697054     
   5901346.97749383     
   5998561.65687083     
   6095043.61027766     
   6190859.27351444     
   6286066.42444018     
   6380715.73389951     
   6474851.96026685     
   6568514.88468737     
   6661740.05468260     
   6754559.38348545     
   6847001.63983674     
   6939092.85322389     
   7030856.65273795     
   7122314.55349828     
   7213486.20100904     
   7304389.58090329     
   7395041.20018926     
   7485456.24454562     
   7575648.71521766     
   7665631.54812357     
   7755416.71760395     
   7845015.32654144     
   7934437.68416964     
   8023693.37317463     
   8112791.30693282     
   8201739.77793448     
   8290546.49852255     
   8379218.63458313     
   8467762.83283083     
   8556185.24330593     
   8644491.53637154     
   8732686.91643995     
   8820776.13194559     
   8908763.48295263     
   8996652.82605655     
   9084447.57828474     
   9172150.71921878     
   9259764.79281701     
   9347291.90858351     
   9434733.74260607     
   9522091.53889518     
   9609366.11114704     
   9696557.84501490     
   9783666.70099127     
   9870692.21847429     
   9957633.52029070     
   10044489.3186833     
   10131257.9218015     
   10217937.2413693     
   10304524.8015360     
   10391017.7482259     
   10477412.8596089     
   10563706.5574661     
   10649894.9190711     
   10735973.6899086     
   10821938.2971553     
   10907783.8631918     
   10993505.2201700     
   11079096.9244605     
   11164553.2717923     
   11249868.3122238     
   11335035.8657163     
   11420049.5373988     
   11504902.7330167     
   11589588.6742867     
   11674100.4144168     
   11758430.8529997     
   11842572.7510288     
   11926518.7458338     
   12010261.3652814     
   12093793.0420332     
   12177106.1272759     
   12260192.9043088     
   12343045.6013296     
   12425656.4044623     
   12508017.4695432     
   12590120.9341959     
   12671958.9290007     
   12753523.5885602     
   12834807.0617389     
   12915801.5216853     
   12996499.1753474     
   13076892.2725837     
   13156973.1146026     
   13236734.0622528     
   13316167.5434539     
   13395266.0608450     
   13474022.1982267     
