   187514.492030630     
   197220.154579393     
   215787.404652911     
   235366.971555244     
   256296.409700535     
   277076.390966705     
   296081.328737702     
   312343.154419894     
   325520.204528965     
   335668.971275738     
   343050.453932889     
   348006.850816607     
   350892.917816865     
   352041.774102638     
   351750.429605417     
   350275.875476497     
   347836.438755196     
   344615.472390591     
   340765.826891377     
   336414.321623208     
   331665.855635708     
   326607.021949417     
   321309.203427060     
   315831.182583896     
   310221.319900277     
   304519.360874248     
   298757.929668016     
   292963.761320455     
   287158.717501549     
   281360.623862253     
   275583.960723673     
   269840.433348740     
   264139.443370243     
   258488.479050066     
   252893.438824249     
   247358.899946389     
   241888.341883453     
   236484.332359567     
   231148.682511872     
   225882.576457914     
   220686.679626429     
   215561.229431110     
   210506.111237424     
   205520.922058231     
   200605.023993304     
   195757.589082980     
   190977.636963169     
   186264.066475902     
   181615.682197768     
   177031.216689819     
   172509.349141427     
   168048.720971678     
   163647.948861405     
   159305.635613756     
   155020.379178337     
   150790.780121531     
   146615.447781634     
   142493.005310638     
   138422.093773519     
   134401.375449893     
   130429.536460913     
   126505.288825787     
   122627.372036647     
   118794.554227212     
   115005.632999514     
   111259.435963390     
   107554.821035329     
   103890.676536402     
   100265.921123142     
   96679.5035802182     
   93130.4024994661     
   89617.6258662791     
   86140.2105710911     
   82697.2218612414     
   79287.7527459736     
   75910.9233656186     
   72565.8803341634     
   69251.7960630535     
   65967.8680728454     
   62713.3182982543     
   59487.3923912599     
   56289.3590261418     
   53118.5092096815     
   49974.1555991532     
   46855.6318303258     
   43762.2918571771     
   40693.5093047497     
   37648.6768362488     
   34627.2055352067     
   31628.5243033581     
   28652.0792746422     
   25697.3332456372     
   22763.7651225471     
   19850.8693848042     
   16958.1555652157     
   14085.1477465261     
   11231.3840742030     
   8396.41628519367     
   5579.80925235917     
   2781.14054426921     
  0.000000000000000E+000
