   189162.984115789     
   198569.306530753     
   216617.912061941     
   235840.742201409     
   256490.024498172     
   277085.131318953     
   296009.576017141     
   312281.951606785     
   325538.028249772     
   335811.920999679     
   343346.208235806     
   348469.304607069     
   351526.265497321     
   352843.712381207     
   352714.520596524     
   351393.224787895     
   349096.854084722     
   346008.243776528     
   342280.238259054     
   338039.974821508     
   333392.865463237     
   328426.123609699     
   323211.801435300     
   317809.361279431     
   312267.829458154     
   306627.588321800     
   300921.861353147     
   295177.941153444     
   289418.203822116     
   283660.946770182     
   277921.081016500     
   272210.703737132     
   266539.572322471     
   260915.497405130     
   255344.669174917     
   249831.928706249     
   244380.993899716     
   238994.647904659     
   233674.896473930     
   228423.099548040     
   223240.081424613     
   218126.223101258     
   213081.539752430     
   208105.745788017     
   203198.309520642     
   198358.499124094     
   193585.421281412     
   188878.053687653     
   184235.272379679     
   179655.874705710     
   175138.598615532     
   170682.138842457     
   166285.160457106     
   161946.310196956     
   157664.225912277     
   153437.544416012     
   149264.907980659     
   145144.969687951     
   141076.397805697     
   137057.879339847     
   133088.122887443     
   129165.860897323     
   125289.851429590     
   121458.879491297     
   117671.758014332     
   113927.328531872     
   110224.461601376     
   106562.057015179     
   102939.043833600     
   99354.3802705090     
   95807.0534568112     
   92296.0791036175     
   88820.5010836769     
   85379.3909468644     
   81971.8473832615     
   78596.9956452328     
   75253.9869382748     
   71941.9977889142     
   68660.2293966210     
   65407.9069756622     
   62184.2790918645     
   58988.6169984422     
   55820.2139743766     
   52678.3846682467     
   49562.4644498516     
   46471.8087716279     
   43405.7925413726     
   40363.8095075923     
   37345.2716583992     
   34349.6086347608     
   31376.2671586134     
   28424.7104762675     
   25494.4178173107     
   22584.8838691697     
   19695.6182673297     
   16826.1451011658     
   13976.0024352546     
   11144.7418459727     
   8331.92797315643     
   5537.13808654039     
   2759.96166667638     
  0.000000000000000E+000
