   1025908.89359441     
   1046097.79953292     
   1082710.59688194     
   1116753.39051255     
   1149776.42882549     
   1183859.49301490     
   1222672.30415229     
   1270318.98820916     
   1329541.38890028     
   1400995.28091015     
   1483556.87463339     
   1575015.35541123     
   1672719.01815969     
   1774025.83745670     
   1876560.48295900     
   1978328.83109743     
   2077742.91996075     
   2173596.52397682     
   2265017.74322302     
   2351414.33628161     
   2432420.34393903     
   2507848.10261039     
   2577647.16793400     
   2641870.27352496     
   2700645.76517756     
   2754155.67129081     
   2802618.51075233     
   2846275.99061155     
   2885382.84367011     
   2920199.16916057     
   2950984.74859589     
   2977994.90701588     
   3001477.57399759     
   3021671.26938473     
   3038803.79583825     
   3053091.46742387     
   3064738.74029564     
   3073938.14131344     
   3080870.41408477     
   3085704.81998259     
   3088599.54644891     
   3089702.18627247     
   3089150.25995869     
   3087071.76075374     
   3083585.70677974     
   3078802.68900479     
   3072825.40697797     
   3065749.18675780     
   3057662.47707353     
   3048647.32153065     
   3038779.80546831     
   3028130.47688093     
   3016764.74164607     
   3004743.23334472     
   2992122.15873441     
   2978953.61950408     
   2965285.91173553     
   2951163.80417478     
   2936628.79640473     
   2921719.35838937     
   2906471.15235642     
   2890917.23839051     
   2875088.26470825     
   2859012.64383544     
   2842716.71554357     
   2826224.89768215     
   2809559.82568616     
   2792742.48164299     
   2775792.31367410     
   2758727.34645073     
   2741564.28338762     
   2724318.60130152     
   2707004.63801326     
   2689635.67334095     
   2672224.00432606     
   2654781.01468381     
   2637317.23932906     
   2619842.42406788     
   2602365.58098393     
   2584895.03974273     
   2567438.49529456     
   2550003.05200241     
   2532595.26468380     
   2515221.17665423     
   2497886.35513236     
   2480595.92408197     
   2463354.59468099     
   2446166.69376499     
   2429036.19017279     
   2411966.71930624     
   2394961.60591844     
   2378023.88538870     
   2361156.32352929     
   2344361.43491436     
   2327641.50012516     
   2310998.58167273     
   2294434.53888863     
   2277951.04186579     
   2261549.58432277     
   2245231.49572853     
   2228997.95255622     
