   187222.762326528     
   197193.816876727     
   216313.078555012     
   236305.370321366     
   257545.765665674     
   278570.652327601     
   297769.951391711     
   314184.670451968     
   327480.120812763     
   337718.648076515     
   345166.217766581     
   350169.212164434     
   353085.881838970     
   354252.245348107     
   353967.707199810     
   352491.230740403     
   350042.765008987     
   346806.996312679     
   342937.871443520     
   338563.111679037     
   333788.358709980     
   328700.817648601     
   323372.376343067     
   317862.234302632     
   312219.096596398     
   306482.993624314     
   300686.785155451     
   294857.401045384     
   289016.863964729     
   283183.132479661     
   277370.796460417     
   271591.651248214     
   265855.172305378     
   260168.908146061     
   254538.806100914     
   248969.482808654     
   243464.449153968     
   238026.297600362     
   232656.858425730     
   227357.330195638     
   222128.388855329     
   216970.279044216     
   211882.890602681     
   206865.822723382     
   201918.437775684     
   197039.906484836     
   192229.245862342     
   187485.351049830     
   182807.022044954     
   178192.986118741     
   173641.916601268     
   169152.448603151     
   164723.192149322     
   160352.743125628     
   156039.692375678     
   151782.633232477     
   147580.167725248     
   143430.911664537     
   139333.498777869     
   135286.584041667     
   131288.846333289     
   127338.990508273     
   123435.748992195     
   119577.882963104     
   115764.183189253     
   111993.470577302     
   108264.596477839     
   104576.442788334     
   100927.921887571     
   97317.9764306532     
   93745.5790293645     
   90209.7318389686     
   86709.4660694205     
   83243.8414363055     
   79811.9455644343     
   76412.8933551784     
   73045.8263268600     
   69709.9119360914     
   66404.3428867430     
   63128.3364321293     
   59881.1336751158     
   56661.9988700645     
   53470.2187298605     
   50305.1017407129     
   47165.9774869082     
   44052.1959872928     
   40963.1270449170     
   37898.1596109179     
   34856.7011635252     
   31838.1771028190     
   28842.0301616579     
   25867.7198330966     
   22914.7218144282     
   19982.5274678961     
   17070.6432980223     
   14178.5904454220     
   11305.9041969102     
   8452.13351165492     
   5616.84056307799     
   2799.60029618998     
  0.000000000000000E+000
