      0.6320795608951    -0.0811968432017     0.0757714995090     0.3306368687700
      0.6288318512438    -0.0781712618796     0.0656306197393     0.3304632252852
      0.6256372308246    -0.0751668300416     0.0554396677316     0.3299424661957
      0.6225080029638    -0.0721957091888     0.0452084969321     0.3290751054279
      0.6194562607535    -0.0692698815183     0.0349469432789     0.3278619989623
      0.6164938395792    -0.0664011023819     0.0246648165254     0.3263043439883
      0.6136322706165    -0.0636008536879     0.0143718918107     0.3244036777235
      0.6108827354806    -0.0608802984286     0.0040779014812     0.3221618758960
      0.6082560222082    -0.0582502365150    -0.0062074728348     0.3195811508934
      0.6057624827441    -0.0557210620924    -0.0164746078975     0.3166640495799
      0.6034119921012    -0.0533027225049    -0.0267139462729     0.3134134507822
      0.6012139093547    -0.0510046790718    -0.0369160034947     0.3098325624488
      0.5991770406241    -0.0488358698293    -0.0470713749761     0.3059249184843
      0.5973096041903    -0.0468046743861    -0.0571707426717     0.3016943752615
      0.5956191978843    -0.0449188810301    -0.0672048814944     0.2971451078157
      0.5941127688771    -0.0431856562167    -0.0771646654928     0.2922816057247
      0.5927965859900    -0.0416115165580    -0.0870410737916     0.2871086686779
      0.5916762146352    -0.0402023034244    -0.0968251963057     0.2816314017396
      0.5907564944857    -0.0389631602575    -0.1065082392300     0.2758552103109
      0.5900415199620    -0.0378985126837    -0.1160815303171     0.2697857947956
      0.5895346236156    -0.0370120515070    -0.1255365239472     0.2634291449738
      0.5892383624719    -0.0363067186476    -0.1348648060021     0.2567915340916
      0.5891545073904    -0.0357846960800    -0.1440580985506     0.2498795126695
      0.5892840354815    -0.0354473978160    -0.1531082643553     0.2426999020381
      0.5896271256128    -0.0352954649620    -0.1620073112116     0.2352597876064
      0.5901831570224    -0.0353287638694    -0.1707473961284     0.2275665118690
      0.5909507110449    -0.0355463873861    -0.1793208293610     0.2196276671603
      0.5919275759446    -0.0359466592022    -0.1877200783076     0.2114510881615
      0.5931107548377    -0.0365271412718    -0.1959377712789     0.2030448441689
      0.5944964766726    -0.0372846442827    -0.2039667011534     0.1944172311305
      0.5960802102256    -0.0382152411293    -0.2117998289264     0.1855767634586
      0.5978566810583    -0.0393142833364    -0.2194302871662     0.1765321656277
      0.5998198913707    -0.0405764203678    -0.2268513833855     0.1672923635636
      0.6019631426717    -0.0419956217422    -0.2340566033399     0.1578664758356
      0.6042790611792    -0.0435652018684    -0.2410396142615     0.1482638046569
      0.6067596258512    -0.0452778475005    -0.2477942680388     0.1384938267045
      0.6093961989363    -0.0471256477046    -0.2543146043507     0.1285661837672
      0.6121795589267    -0.0491001262158    -0.2605948537638     0.1184906732298
      0.6150999357828    -0.0511922760587    -0.2666294407996     0.1082772384050
      0.6181470482922    -0.0533925962928    -0.2724129869814     0.0979359587199
      0.6213101434177    -0.0556911307357    -0.2779403138647     0.0874770397688
      0.6245780374781    -0.0580775085119    -0.2832064460595     0.0769108032422
      0.6279391590028    -0.0605409862641    -0.2882066142484     0.0662476767397
      0.6313815930912    -0.0630704918607    -0.2929362582050     0.0554981834799
      0.6348931271031    -0.0656546694241    -0.2973910298173     0.0446729319149
      0.6384612975013    -0.0682819255030    -0.3015667961175     0.0337826052609
      0.6420734376629    -0.0709404762024    -0.3054596423221     0.0228379509556
      0.6457167264720    -0.0736183950861    -0.3090658748809     0.0118497700514
      0.6493782375031    -0.0763036616606    -0.3123820245374     0.0008289065562
      0.6530449886032    -0.0789842102475    -0.3154048493989    -0.0102137632682
      0.6567039916770    -0.0816479790497    -0.3181313380140    -0.0212673416400
      0.6603423024823    -0.0842829592178    -0.3205587124567    -0.0323209200118
      0.6639470702378    -0.0868772437195    -0.3226844314117    -0.0433635898362
      0.6675055868511    -0.0894190758198    -0.3245061932581    -0.0543844533314
      0.6710053355739    -0.0918968969778    -0.3260219391445    -0.0653726342356
      0.6744340388925    -0.0942993939699    -0.3272298560516    -0.0763172885409
      0.6777797054672    -0.0966155450520    -0.3281283798326    -0.0872076151949
      0.6810306759366    -0.0988346649778    -0.3287161982253    -0.0980328667599
      0.6841756674081    -0.1009464486922    -0.3289922538269    -0.1087823600197
      0.6872038164588    -0.1029410135282    -0.3289557470205    -0.1194454865222
      0.6901047204807    -0.1048089397366    -0.3286061388456    -0.1300117230488
      0.6928684772072    -0.1065413091899    -0.3279431537985    -0.1404706419999
      0.6954857222666    -0.1081297421036    -0.3269667825535    -0.1508119216850
      0.6979476646167    -0.1095664316304    -0.3256772845911    -0.1610253565098
      0.7002461197211    -0.1108441761880    -0.3240751907203    -0.1711008670472
      0.7023735403380    -0.1119564093917    -0.3221613054826    -0.1810285099845
      0.7043230448023    -0.1128972274733    -0.3199367094221    -0.1907984879369
      0.7060884426897    -0.1136614140741    -0.3174027612095    -0.2004011591156
      0.7076642577643    -0.1142444623161    -0.3145610996028    -0.2098270468436
      0.7090457481187    -0.1146425940592    -0.3114136452324    -0.2190668489077
      0.7102289234310    -0.1148527762699    -0.3079626021927    -0.2281114467386
      0.7112105592699    -0.1148727344341    -0.3042104594277    -0.2369519144105
      0.7119882083941    -0.1147009629590    -0.3001599918924    -0.2455795274489
      0.7125602090021    -0.1143367325239    -0.2958142614766    -0.2539857714415
      0.7129256899021    -0.1137800943467    -0.2911766176753    -0.2621623504403
      0.7130845725820    -0.1130318813498    -0.2862506979894    -0.2701011951490
      0.7130375701734    -0.1120937062192    -0.2810404280427    -0.2777944708864
      0.7127861833144    -0.1109679563624    -0.2755500214011    -0.2852345853181
      0.7123326929295    -0.1096577857845    -0.2697839790776    -0.2924141959495
      0.7116801499561    -0.1081671039121    -0.2637470887107    -0.2993262173716
      0.7108323620588    -0.1065005614099    -0.2574444234023    -0.3059638282538
      0.7097938773863    -0.1046635330426    -0.2508813402028    -0.3123204780756
      0.7085699654355    -0.1026620976495    -0.2440634782288    -0.3183898935909
      0.7071665950994    -0.1005030153103    -0.2369967564056    -0.3241660850196
      0.7055904099866    -0.0981937017893    -0.2296873708202    -0.3296433519579
      0.7038487011118    -0.0957422003600    -0.2221417916763    -0.3348162890047
      0.7019493770649    -0.0931571511177    -0.2143667598428    -0.3396797910957
      0.6999009317778    -0.0904477579032    -0.2063692829864    -0.3442290585415
      0.6977124100182    -0.0876237529639    -0.1981566312815    -0.3484596017643
      0.6953933707456    -0.0846953594929    -0.1897363326918    -0.3523672457288
      0.6929538484771    -0.0816732521930    -0.1811161678181    -0.3559481340622
      0.6904043128147    -0.0785685160189    -0.1723041643079    -0.3591987328599
      0.6877556262960    -0.0753926032606    -0.1633085908257    -0.3621158341734
      0.6850190007342    -0.0721572891374    -0.1541379505805    -0.3646965591760
      0.6822059522219    -0.0688746260744    -0.1448009744115    -0.3669383610035
      0.6793282549752    -0.0655568968439    -0.1353066134328    -0.3688390272683
      0.6763978942036    -0.0622165667546    -0.1256640312389    -0.3703966822423
      0.6734270181889    -0.0588662350766    -0.1158825956752    -0.3716097887079
      0.6704278897663    -0.0555185858935    -0.1059718701779    -0.3724771494757
      0.6674128373974    -0.0521863385756    -0.0959416046902    -0.3729979085652
      0.6643942060291    -0.0488821980677    -0.0858017261610    -0.3731715520500
      0.6613843079344    -0.0456188051890    -0.0755623286374    -0.3729979085652
      0.6583953737271    -0.0424086871391    -0.0652336629581    -0.3724771494757
      0.6554395037461    -0.0392642084065    -0.0548261260623    -0.3716097887079
      0.6525286200002    -0.0361975222715    -0.0443502499246    -0.3703966822423
      0.6496744188647    -0.0332205230965    -0.0338166901311    -0.3688390272683
      0.6468883247148    -0.0303447995896    -0.0232362141124    -0.3669383610035
      0.6441814446815    -0.0275815892277    -0.0126196890485    -0.3646965591760
      0.6415645247058    -0.0249417340173    -0.0019780694650    -0.3621158341734
      0.6390479070680    -0.0224356377685     0.0086776154611    -0.3591987328599
      0.6366414895561    -0.0200732250501     0.0193362748669    -0.3559481340622
      0.6343546864384    -0.0178639019881     0.0299867694176    -0.3523672457288
      0.6321963913908    -0.0158165190626     0.0406179247492    -0.3484596017643
      0.6301749425273    -0.0139393360491     0.0512185451146    -0.3442290585415
      0.6282980896705    -0.0122399892439     0.0617774272118    -0.3396797910957
      0.6265729639916    -0.0107254611022     0.0722833741669    -0.3348162890047
      0.6250060501393    -0.0094020524087     0.0827252096495    -0.3296433519579
      0.6236031609669    -0.0082753570927     0.0930917920912    -0.3241660850196
      0.6223694149583    -0.0073502397849     0.1033720289840    -0.3183898935909
      0.6213092164397    -0.0066308162060     0.1135548912286    -0.3123204780756
      0.6204262386569    -0.0061204364657     0.1236294275064    -0.3059638282538
      0.6197234097825    -0.0058216713371     0.1335847786475    -0.2993262173716
      0.6192029019089    -0.0057363015615     0.1434101919652    -0.2924141959495
      0.6188661230704    -0.0058653102271     0.1530950355305    -0.2852345853181
      0.6187137123232    -0.0062088782516     0.1626288123555    -0.2777944708864
      0.6187455379048    -0.0067663829870     0.1720011744599    -0.2701011951490
      0.6189606984777    -0.0075363999533     0.1812019367899    -0.2621623504403
      0.6193575274519    -0.0085167076948     0.1902210909621    -0.2539857714415
      0.6199336003692    -0.0097042957403     0.1990488188049    -0.2455795274489
      0.6206857453180    -0.0110953756374     0.2076755056674    -0.2369519144105
      0.6216100563386    -0.0126853950163     0.2160917534715    -0.2281114467386
      0.6227019097630    -0.0144690546316     0.2242883934769    -0.2190668489077
      0.6239559834261    -0.0164403283124     0.2322564987358    -0.2098270468436
      0.6253662786688    -0.0185924857451     0.2399873962088    -0.2004011591156
      0.6269261450484    -0.0209181179992     0.2474726785190    -0.1907984879369
      0.6286283076548    -0.0234091656969     0.2547042153193    -0.1810285099845
      0.6304648969257    -0.0260569497153     0.2616741642493    -0.1711008670471
      0.6324274808406    -0.0288522043019     0.2683749814596    -0.1610253565098
      0.6345070993667    -0.0317851124747     0.2747994316831    -0.1508119216850
      0.6366943010189    -0.0348453435661     0.2809405978311    -0.1404706419999
      0.6389791813880    -0.0380220927655     0.2867918900965    -0.1300117230488
      0.6413514234846    -0.0413041225054     0.2923470545459    -0.1194454865222
      0.6438003397386    -0.0446798055283     0.2976001811836    -0.1087823600197
      0.6463149154859    -0.0481371694660     0.3025457114719    -0.0980328667599
      0.6488838537705    -0.0516639427568     0.3071784452939    -0.0872076151949
      0.6514956212832    -0.0552476017212     0.3114935473464    -0.0763172885409
      0.6541384952554    -0.0588754186100     0.3154865529513    -0.0653726342356
      0.6568006111198    -0.0625345104382     0.3191533732750    -0.0543844533314
      0.6594700107503    -0.0662118884134     0.3224902999489    -0.0433635898362
      0.6621346910880    -0.0698945077626     0.3254940090826    -0.0323209200118
      0.6647826529605    -0.0735693177662     0.3281615646660    -0.0212673416400
      0.6674019499012    -0.0772233117990     0.3304904213548    -0.0102137632682
      0.6699807367722    -0.0808435771850     0.3324784266382     0.0008289065562
      0.6725073180008    -0.0844173446701     0.3341238223883     0.0118497700514
      0.6749701952341    -0.0879320373177     0.3354252457902     0.0228379509556
      0.6773581142254    -0.0913753186370     0.3363817296573     0.0337826052609
      0.6796601107633    -0.0947351397558     0.3369927021343     0.0446729319149
      0.6818655554631    -0.0979997854513     0.3372579857927     0.0554981834799
      0.6839641972396    -0.1011579188607     0.3371777961267     0.0662476767397
      0.6859462052909    -0.1041986246962     0.3367527394569     0.0769108032422
      0.6878022094237    -0.1071114507936     0.3359838102516     0.0874770397688
      0.6895233385615    -0.1098864478355     0.3348723878755     0.0979359587199
      0.6911012572803    -0.1125142070899     0.3334202327804     0.1082772384050
      0.6925282002274    -0.1149858960197     0.3316294821481     0.1184906732298
      0.6937970042858    -0.1172932916233     0.3295026450030     0.1285661837672
      0.6949011383551    -0.1194288113747     0.3270425968084     0.1384938267045
      0.6958347306302    -0.1213855416453     0.3242525735643     0.1482638046569
      0.6965925932699    -0.1231572634940     0.3211361654240     0.1578664758356
      0.6971702443536    -0.1247384757268     0.3176973098488     0.1672923635636
      0.6975639270414    -0.1261244151365     0.3139402843208     0.1765321656277
      0.6977706258583    -0.1273110738426     0.3098696986335     0.1855767634586
      0.6977880800374    -0.1282952136665     0.3054904867824     0.1944172311305
      0.6976147938683    -0.1290743774848     0.3008078984777     0.2030448441689
      0.6972500440078    -0.1296468975182     0.2958274903014     0.2114510881615
      0.6966938837237    -0.1300119005250     0.2905551165315     0.2196276671603
      0.6959471440526    -0.1301693098792     0.2849969196579     0.2275665118690
      0.6950114318658    -0.1301198445267     0.2791593206139     0.2352597876064
      0.6938891248509    -0.1298650148259     0.2730490087466     0.2426999020381
      0.6925833634253    -0.1294071152887     0.2666729315517     0.2498795126695
      0.6910980396151    -0.1287492142531     0.2600382841966     0.2567915340916
      0.6894377829389    -0.1278951405298     0.2531524988573     0.2634291449738
      0.6876079433541    -0.1268494670747     0.2460232338920     0.2697857947956
      0.6856145713295    -0.1256174917556     0.2386583628785     0.2758552103109
      0.6834643951219    -0.1242052152877     0.2310659635368     0.2816314017396
      0.6811647953476    -0.1226193164284     0.2232543065626     0.2871086686779
      0.6787237769439    -0.1208671245279     0.2152318443957     0.2922816057247
      0.6761499386349    -0.1189565895477     0.2070071999443     0.2971451078157
      0.6734524400167    -0.1168962496644     0.1985891552905     0.3016943752615
      0.6706409663941    -0.1146951965880     0.1899866403980     0.3059249184843
      0.6677256915050    -0.1123630387335     0.1812087218421     0.3098325624488
      0.6647172382790    -0.1099098623911     0.1722645915863     0.3134134507822
      0.6616266377844    -0.1073461910491     0.1631635558215     0.3166640495799
      0.6584652865244    -0.1046829430322     0.1539150238905     0.3195811508934
      0.6552449022504    -0.1019313876213     0.1445284973136     0.3221618758960
      0.6519774784663    -0.0991030998299     0.1350135589349     0.3244036777235
      0.6486752378020    -0.0962099140171     0.1253798622039     0.3263043439883
      0.6453505844399    -0.0932638765183     0.1156371206097     0.3278619989623
      0.6420160557811    -0.0902771974844     0.1057950972810     0.3290751054279
      0.6386842735420    -0.0872622021178     0.0958635947665     0.3299424661957
      0.6353678944733    -0.0842312814996     0.0858524450065     0.3304632252852
      0.6320795608951    -0.0811968432017     0.0757714995090     0.3306368687700
      0.6589592998571    -0.1180568314238     0.0431572039215     0.1818604905909
      0.6558360834106    -0.1156667510348     0.0346375413001     0.1817185251221
      0.6528255870651    -0.1132291954187     0.0261611959408     0.1812927688184
      0.6499381184204    -0.1107553579480     0.0177354583489     0.1805836418498
      0.6471837468465    -0.1082563278786     0.0093672674685     0.1795918440391
      0.6445722650536    -0.1057430452766     0.0010632092660     0.1783183541710
      0.6421131515076    -0.1032262567795    -0.0071704831688     0.1767644290261
      0.6398155338408    -0.1007164723675    -0.0153279280313     0.1749316021412
      0.6376881533983    -0.0982239233151    -0.0234035917512     0.1728216822948
      0.6357393310621    -0.0957585214912    -0.0313922845201     0.1704367517234
      0.6339769344868    -0.0933298201677    -0.0392891544430     0.1677791640653
      0.6324083468744    -0.0909469764907    -0.0470896803600     0.1648515420388
      0.6310404374151    -0.0886187157646    -0.0547896633954     0.1616567748532
      0.6298795335071    -0.0863532976860    -0.0623852172906     0.1581980153582
      0.6289313948686    -0.0841584846643    -0.0698727575874     0.1544786769318
      0.6282011896449    -0.0820415123486    -0.0772489897288     0.1505024301120
      0.6276934726034    -0.0800090624803    -0.0845108961504     0.1462731989742
      0.6274121655080    -0.0780672381741    -0.0916557224382     0.1417951572591
      0.6273605397482    -0.0762215417242    -0.0986809626343     0.1370727242531
      0.6275412012957    -0.0744768550231    -0.1055843437722     0.1321105604276
      0.6279560780493    -0.0728374226646    -0.1123638097291     0.1269135628391
      0.6286064096199    -0.0713068377993    -0.1190175044818     0.1214868602967
      0.6294927395993    -0.0698880307931    -0.1255437548598     0.1158358083008
      0.6306149103455    -0.0685832607316    -0.1319410528843     0.1099659837573
      0.6319720603082    -0.0673941098010    -0.1382080377903     0.1038831794745
      0.6335626239088    -0.0663214805646    -0.1443434778233     0.0975933984458
      0.6353843339784    -0.0653655961410    -0.1503462519079     0.0911028479257
      0.6374342267474    -0.0645260032814    -0.1562153312825     0.0844179333038
      0.6397086493724    -0.0638015783286    -0.1619497611951     0.0775452517840
      0.6422032699730    -0.0631905360301    -0.1675486427548     0.0704915858730
      0.6449130901446    -0.0626904411676    -0.1730111150325     0.0632638966876
      0.6478324599019    -0.0622982229501    -0.1783363375016     0.0558693170844
      0.6509550949982    -0.0620101921117    -0.1835234729095     0.0483151446206
      0.6542740965580    -0.0618220606399    -0.1885716706683     0.0406088343525
      0.6577819729506    -0.0617289640516    -0.1934800508478     0.0327579914779
      0.6614706638223    -0.0617254861246    -0.1982476888551     0.0247703638309
      0.6653315661993    -0.0618056859808    -0.2028736008796     0.0166538342356
      0.6693555625634    -0.0619631274084    -0.2073567301771     0.0084164127268
      0.6735330507950    -0.0621909103024    -0.2116959342667     0.0000662286450
      0.6778539758723    -0.0624817040922    -0.2158899731061    -0.0083884773862
      0.6823078632061    -0.0628277830192    -0.2199374983097    -0.0169393615928
      0.6868838534869    -0.0632210631191    -0.2238370434651    -0.0255779852843
      0.6915707389115    -0.0636531407553    -0.2275870156043    -0.0342958231822
      0.6963570006531    -0.0641153325458    -0.2311856878739    -0.0430842718329
      0.7012308474348    -0.0645987165193    -0.2346311934497    -0.0519346580986
      0.7061802550592    -0.0650941743310    -0.2379215207303    -0.0608382477168
      0.7111930067464    -0.0655924343643    -0.2410545098419    -0.0697862539193
      0.7162567341279    -0.0660841155422    -0.2440278504785    -0.0787698461043
      0.7213589587417    -0.0665597716673    -0.2468390810979    -0.0877801585510
      0.7264871338712    -0.0670099361090    -0.2494855894846    -0.0968082991687
      0.7316286865721    -0.0674251666538    -0.2519646146882    -0.1058453582727
      0.7367710597268    -0.0677960903347    -0.2542732503365    -0.1148824173768
      0.7419017539690    -0.0681134480540    -0.2564084493192    -0.1239105579945
      0.7470083693195    -0.0683681388188    -0.2583670298282    -0.1329208704412
      0.7520786463785    -0.0685512634031    -0.2601456827394    -0.1419044626262
      0.7571005069168    -0.0686541672599    -0.2617409803096    -0.1508524688287
      0.7620620937154    -0.0686684825043    -0.2631493861594    -0.1597560584468
      0.7669518095032    -0.0685861687952    -0.2643672665066    -0.1686064447126
      0.7717583548473    -0.0683995529461    -0.2653909026075    -0.1773948933633
      0.7764707648532    -0.0681013671003    -0.2662165043599    -0.1861127312612
      0.7810784445391    -0.0676847853133    -0.2668402250146    -0.1947513549527
      0.7855712027518    -0.0671434583898    -0.2672581769369    -0.2033022391592
      0.7899392844981    -0.0664715468291    -0.2674664483574    -0.2117569451904
      0.7941734015718    -0.0656637517419    -0.2674611210424    -0.2201071292722
      0.7982647613643    -0.0647153436096    -0.2672382888126    -0.2283445507810
      0.8022050937506    -0.0636221887627    -0.2667940768352    -0.2364610803763
      0.8059866759553    -0.0623807734678    -0.2661246616079    -0.2444487080234
      0.8096023553049    -0.0609882255199    -0.2652262915516    -0.2522995508980
      0.8130455697870    -0.0594423332474    -0.2640953081260    -0.2600058611661
      0.8163103663412    -0.0577415618468    -0.2627281673778    -0.2675600336298
      0.8193914168178    -0.0558850669752    -0.2611214618292    -0.2749546132331
      0.8222840315475    -0.0538727055401    -0.2592719426131    -0.2821823024185
      0.8249841704784    -0.0517050436359    -0.2571765417589    -0.2892359683294
      0.8274884518408    -0.0493833615890    -0.2548323945317    -0.2961086498493
      0.8297941583144    -0.0469096560832    -0.2522368617262    -0.3027935644711
      0.8318992406807    -0.0442866393527    -0.2493875518169    -0.3092841149913
      0.8338023189523    -0.0415177354351    -0.2462823428654    -0.3155738960200
      0.8355026809825    -0.0386070734955    -0.2429194040865    -0.3216567003028
      0.8370002785658    -0.0355594782401    -0.2392972169739    -0.3275265248462
      0.8382957210541    -0.0323804574496    -0.2354145958898    -0.3331775768422
      0.8393902665174    -0.0290761866773    -0.2312707080215    -0.3386042793845
      0.8402858104913    -0.0256534911635    -0.2268650926121    -0.3438012769730
      0.8409848723635    -0.0221198250335    -0.2221976793728    -0.3487634407986
      0.8414905794556    -0.0184832478533    -0.2172688059887    -0.3534858738045
      0.8418066488729    -0.0147523986317    -0.2120792346311    -0.3579639155197
      0.8419373671962    -0.0109364673638    -0.2066301673947    -0.3621931466574
      0.8418875681035    -0.0070451642233    -0.2009232605785    -0.3661693934773
      0.8416626080142    -0.0030886865209    -0.1949606377380    -0.3698887319037
      0.8412683398577     0.0009223164483    -0.1887449014357    -0.3733474913987
      0.8407110850744     0.0049767805320    -0.1822791436245    -0.3765422585842
      0.8399976039654     0.0090632656838    -0.1755669546025    -0.3794698806108
      0.8391350645106     0.0131699966098    -0.1686124304834    -0.3821274682688
      0.8381310097859     0.0172849049458    -0.1614201791309    -0.3845123988403
      0.8369933241085     0.0213956728006    -0.1539953245120    -0.3866223186866
      0.8357301980514     0.0254897774988    -0.1463435094312    -0.3884551455716
      0.8343500924667     0.0295545373500    -0.1384708966095    -0.3900090707164
      0.8328617016638     0.0335771582677    -0.1303841680833    -0.3912825605845
      0.8312739158927     0.0375447810560    -0.1220905229013    -0.3922743583952
      0.8295957832807     0.0414445291828    -0.1135976731040    -0.3929834853638
      0.8278364713790     0.0452635568523    -0.1049138379791    -0.3934092416676
      0.8260052284704     0.0489890971895    -0.0960477365895    -0.3935512071364
      0.8241113447966     0.0526085103513    -0.0870085785805    -0.3934092416676
      0.8221641138570     0.0561093313732    -0.0778060532756    -0.3929834853638
      0.8201727939368     0.0594793175683    -0.0684503170804    -0.3922743583952
      0.8181465700152     0.0627064952901    -0.0589519792187    -0.3912825605845
      0.8160945162087     0.0657792058786    -0.0493220858308    -0.3900090707164
      0.8140255588956     0.0686861506084    -0.0395721024721    -0.3884551455716
      0.8119484406706     0.0714164344623    -0.0297138950548    -0.3866223186866
      0.8098716852728     0.0739596085594    -0.0197597092821    -0.3845123988403
      0.8078035636233     0.0763057110699    -0.0097221486307    -0.3821274682688
      0.8057520611107     0.0784453064562     0.0003858490590    -0.3794698806108
      0.8037248462498     0.0803695228846     0.0105510363160    -0.3765422585842
      0.8017292408403     0.0820700876606     0.0207598820265    -0.3733474913987
      0.7997721917406     0.0835393605475     0.0309985985970    -0.3698887319037
      0.7978602443682     0.0847703648353     0.0412531702140    -0.3661693934773
      0.7959995180311     0.0857568160376     0.0515093821119    -0.3621931466574
      0.7941956831847     0.0864931481009     0.0617528507619    -0.3579639155197
      0.7924539407046     0.0869745370225     0.0719690548862    -0.3534858738045
      0.7907790032536     0.0871969217812     0.0821433672016    -0.3487634407986
      0.7891750788163     0.0871570224975     0.0922610867927    -0.3438012769730
      0.7876458564622     0.0868523557483     0.1023074720112    -0.3386042793845
      0.7861944943935     0.0862812469742     0.1122677737962    -0.3331775768422
      0.7848236103197     0.0854428399272     0.1221272693098    -0.3275265248462
      0.7835352741965     0.0843371031195     0.1318712957777    -0.3216567003028
      0.7823310033531     0.0829648332439     0.1414852844264    -0.3155738960200
      0.7812117600239     0.0813276555505     0.1509547944068    -0.3092841149913
      0.7801779512922     0.0794280211728     0.1602655465928    -0.3027935644711
      0.7792294314407     0.0772692014119     0.1694034571443    -0.2961086498493
      0.7783655066974     0.0748552789964     0.1783546707260    -0.2892359683294
      0.7775849423518     0.0721911363487     0.1871055932718    -0.2821823024185
      0.7768859722114     0.0692824408992     0.1956429241865    -0.2749546132331
      0.7762663103553     0.0661356275033     0.2039536878813    -0.2675600336298
      0.7757231651337     0.0627578780238     0.2120252645366    -0.2600058611661
      0.7752532553540     0.0591570981561     0.2198454199923    -0.2522995508980
      0.7748528285833     0.0553418915811     0.2274023346678    -0.2444487080234
      0.7745176814913     0.0513215315444     0.2346846314145    -0.2364610803763
      0.7742431821465     0.0471059299664     0.2416814022126    -0.2283445507810
      0.7740242941729     0.0427056042011     0.2483822336214    -0.2201071292722
      0.7738556026656     0.0381316415681     0.2547772309029    -0.2117569451904
      0.7737313417573     0.0333956617928     0.2608570407384    -0.2033022391592
      0.7736454237208     0.0285097774955     0.2666128724656    -0.1947513549527
      0.7735914694864     0.0234865528804     0.2720365177669    -0.1861127312612
      0.7735628404472     0.0183389607804     0.2771203687470    -0.1773948933633
      0.7735526714198     0.0130803382209     0.2818574343424    -0.1686064447126
      0.7735539046253     0.0077243406712     0.2862413550105    -0.1597560584468
      0.7735593245478     0.0022848951576     0.2902664156540    -0.1508524688287
      0.7735615935262    -0.0032238475845     0.2939275567424    -0.1419044626262
      0.7735532879338    -0.0087875617364     0.2972203835951    -0.1329208704412
      0.7735269347924    -0.0143917956166     0.3001411738037    -0.1239105579945
      0.7734750486727    -0.0200220213075     0.3026868827711    -0.1148824173768
      0.7733901687254    -0.0256636845005     0.3048551473562    -0.1058453582727
      0.7732648956910    -0.0313022543705     0.3066442876169    -0.0968082991687
      0.7730919287339    -0.0369232732891     0.3080533066539    -0.0877801585510
      0.7728641019483    -0.0425124061901     0.3090818885596    -0.0787698461043
      0.7725744203847    -0.0480554893970     0.3097303944896    -0.0697862539193
      0.7722160954459    -0.0535385787308     0.3099998568743    -0.0608382477168
      0.7717825795064    -0.0589479967133     0.3098919718003    -0.0519346580986
      0.7712675996103    -0.0642703786882     0.3094090895927    -0.0430842718329
      0.7706651901066    -0.0694927176868     0.3085542036408    -0.0342958231822
      0.7699697240863    -0.0746024078671     0.3073309375107    -0.0255779852843
      0.7691759434885    -0.0795872863639     0.3057435303985    -0.0169393615928
      0.7682789877490    -0.0844356733927     0.3037968209809    -0.0083884773862
      0.7672744208715    -0.0891364104556     0.3014962297264     0.0000662286450
      0.7661582568056    -0.0936788965082     0.2988477397360     0.0084164127268
      0.7649269830239    -0.0980531219500     0.2958578761860     0.0166538342356
      0.7635775821984    -0.1022497003149     0.2925336844521     0.0247703638309
      0.7621075518816    -0.1062598975415     0.2888827069963     0.0327579914779
      0.7605149221076    -0.1100756587172     0.2849129591036     0.0406088343525
      0.7587982708362    -0.1136896321982     0.2806329035587     0.0483151446206
      0.7569567371718    -0.1170951910163     0.2760514243574     0.0558693170844
      0.7549900322957    -0.1202864514972     0.2711777995471     0.0632638966876
      0.7528984480641    -0.1232582890235     0.2660216732987     0.0704915858730
      0.7506828632276    -0.1260063508868     0.2605930273088     0.0775452517840
      0.7483447472422    -0.1285270661876     0.2549021516384     0.0844179333038
      0.7458861616494    -0.1308176527483     0.2489596150902     0.0911028479257
      0.7433097590116    -0.1328761210218     0.2427762352334     0.0975933984458
      0.7406187794021    -0.1347012749853     0.2363630481806     0.1038831794745
      0.7378170444544    -0.1362927100236     0.2297312782247     0.1099659837573
      0.7349089489894    -0.1376508078164     0.2228923074429     0.1158358083008
      0.7318994502462    -0.1387767282576     0.2158576453728     0.1214868602967
      0.7287940547517    -0.1396723984430     0.2086388988675     0.1269135628391
      0.7255988028765    -0.1403404987784     0.2012477422323     0.1321105604276
      0.7223202511296    -0.1407844462673     0.1936958877457     0.1370727242531
      0.7189654522574    -0.1410083750515     0.1859950566646     0.1417951572591
      0.7155419332182    -0.1410171142864     0.1781569508111     0.1462731989742
      0.7120576711153    -0.1408161634447     0.1701932248353     0.1505024301120
      0.7085210671758    -0.1404116651510     0.1621154592455     0.1544786769318
      0.7049409188746    -0.1398103756604     0.1539351342938     0.1581980153582
      0.7013263903068    -0.1390196331026     0.1456636047995     0.1616567748532
      0.6976869809211    -0.1380473236214     0.1373120759922     0.1648515420388
      0.6940324927328    -0.1369018455488     0.1288915804465     0.1677791640653
      0.6903729961410    -0.1355920717598     0.1204129561816     0.1704367517234
      0.6867187944805    -0.1341273103596     0.1118868259881     0.1728216822948
      0.6830803874436    -0.1325172638643     0.1033235780434     0.1749316021412
      0.6794684335134    -0.1307719870393     0.0947333478704     0.1767644290261
      0.6758937115514    -0.1289018435653     0.0861260016858     0.1783183541710
      0.6723670816885    -0.1269174617076     0.0775111211828     0.1795918440391
      0.6688994456706    -0.1248296891661     0.0688979897847     0.1805836418498
      0.6655017068102    -0.1226495472876     0.0602955803982     0.1812927688184
      0.6621847297022    -0.1203881848245     0.0517125446926     0.1817185251221
      0.6589592998571    -0.1180568314238     0.0431572039215     0.1818604905909
      0.6748645780413    -0.1331490657746     0.0048751117406     0.0244687422857
      0.6724673899715    -0.1308243445382    -0.0010086897214     0.0243702528952
      0.6702077947063    -0.1284179100166    -0.0067587441074     0.0240748819209
      0.6680924413552    -0.1259415277884    -0.0123712175497     0.0235829208582
      0.6661277663143    -0.1234068829397    -0.0178429286021     0.0228948552134
      0.6643199697528    -0.1208255320617    -0.0231713420756     0.0220113640241
      0.6626749926759    -0.1182088561088    -0.0283545602349     0.0209333191895
      0.6611984946567    -0.1155680143055    -0.0333913114076     0.0196617846097
      0.6598958323220    -0.1129138992841    -0.0382809360705     0.0181980151358
      0.6587720386760    -0.1102570936330    -0.0430233704864     0.0165434553315
      0.6578318033446    -0.1076078280248    -0.0476191279747     0.0146997380477
      0.6570794538156    -0.1049759410916    -0.0520692779084     0.0126686828107
      0.6565189377519    -0.1023708412059    -0.0563754225387     0.0104522940267
      0.6561538064462    -0.0998014703150    -0.0605396717585     0.0080527590040
      0.6559871994839    -0.0972762699729    -0.0645646159217     0.0054724457938
      0.6560218306762    -0.0948031497021    -0.0684532968457     0.0027139008539
      0.6562599753209    -0.0923894578072    -0.0722091771277    -0.0002201534650
      0.6567034588423    -0.0900419547549    -0.0758361079176    -0.0033268216055
      0.6573536468583    -0.0877667892225    -0.0793382952901    -0.0066030376612
      0.6582114367157    -0.0855694769072    -0.0827202653682    -0.0100455684024
      0.6592772505311    -0.0834548821756    -0.0859868283540    -0.0136510164668
      0.6605510297674    -0.0814272026238    -0.0891430416255    -0.0174158237127
      0.6620322313715    -0.0794899566050    -0.0921941720646    -0.0213362747296
      0.6637198254926    -0.0776459737692    -0.0951456577802    -0.0254085005058
      0.6656122947935    -0.0758973886481    -0.0980030693963    -0.0296284822462
      0.6677076353639    -0.0742456373070    -0.1007720710746    -0.0339920553381
      0.6700033592356    -0.0726914570701    -0.1034583814417    -0.0384949134618
      0.6724964984960    -0.0712348893161    -0.1060677345923    -0.0431326128399
      0.6751836109885    -0.0698752853272    -0.1086058413377    -0.0479005766231
      0.6780607875843    -0.0686113151629    -0.1110783508694    -0.0527940994068
      0.6811236610019    -0.0674409795158    -0.1134908130036    -0.0578083518747
      0.6843674161468    -0.0663616244985    -0.1158486411722    -0.0629383855652
      0.6877868019371    -0.0653699592942    -0.1181570763197    -0.0681791377541
      0.6913761445763    -0.0644620765956    -0.1204211518645    -0.0735254364520
      0.6951293622260    -0.0636334757437    -0.1226456598761    -0.0789720055075
      0.6990399810310    -0.0628790884673    -0.1248351186154    -0.0845134698143
      0.7031011524398    -0.0621933071140    -0.1269937415807    -0.0901443606164
      0.7073056717600    -0.0615700152537    -0.1291254081934    -0.0958591209043
      0.7116459978852    -0.0610026205242    -0.1312336362512    -0.1016521108996
      0.7161142741228    -0.0604840895815    -0.1333215562717    -0.1075176136205
      0.7207023500497    -0.0600069850085    -0.1353918878368    -0.1134498405240
      0.7254018043190    -0.0595635040263    -0.1374469180441    -0.1194429372183
      0.7302039683365    -0.0591455188469    -0.1394884821599    -0.1254909892407
      0.7350999507235    -0.0587446184981    -0.1415179465617    -0.1315880278938
      0.7400806624782    -0.0583521519464    -0.1435361940456    -0.1377280361367
      0.7451368427473    -0.0579592723376    -0.1455436115665    -0.1439049545225
      0.7502590851143    -0.0575569821709    -0.1475400804692    -0.1501126871786
      0.7554378643134    -0.0571361792170    -0.1495249692549    -0.1563451078222
      0.7606635632715    -0.0566877029906    -0.1514971289208    -0.1625960658066
      0.7659265003831    -0.0562023815816    -0.1534548908983    -0.1688593921911
      0.7712169569208    -0.0556710786508    -0.1553960676034    -0.1751289058286
      0.7765252044846    -0.0550847403933    -0.1573179556040    -0.1813984194661
      0.7818415323902    -0.0544344422744    -0.1592173413968    -0.1876617458505
      0.7871562749023    -0.0537114353417    -0.1610905097753    -0.1939127038349
      0.7924598382137    -0.0529071919198    -0.1629332547612    -0.2001451244786
      0.7977427270759    -0.0520134504971    -0.1647408930583    -0.2063528571346
      0.8029955709869    -0.0510222596159    -0.1665082799804    -0.2125297755204
      0.8082091498447    -0.0499260205806    -0.1682298277920    -0.2186697837633
      0.8133744189750    -0.0487175288064    -0.1698995263911    -0.2247668224165
      0.8184825334468    -0.0473900136317    -0.1715109662545    -0.2308148744388
      0.8235248715908    -0.0459371764274    -0.1730573635563    -0.2368079711332
      0.8284930576389    -0.0443532268415    -0.1745315873581    -0.2427401980367
      0.8333789834064    -0.0426329170233    -0.1759261887671    -0.2486057007576
      0.8381748289436    -0.0407715736827    -0.1772334319425    -0.2543986907528
      0.8428730820852    -0.0387651278456    -0.1784453268277    -0.2601134510407
      0.8474665568320    -0.0366101421772    -0.1795536634776    -0.2657443418428
      0.8519484105047    -0.0343038357548    -0.1805500478419    -0.2712858061497
      0.8563121596102    -0.0318441061801    -0.1814259388593    -0.2767323752051
      0.8605516943727    -0.0292295489339    -0.1821726867134    -0.2820786739030
      0.8646612918792    -0.0264594738853    -0.1827815720954    -0.2873194260920
      0.8686356278015    -0.0235339188792    -0.1832438463106    -0.2924494597824
      0.8724697866575    -0.0204536603388    -0.1835507720687    -0.2974637122504
      0.8761592705820    -0.0172202208289    -0.1836936647878    -0.3023572350340
      0.8797000065835    -0.0138358735423    -0.1836639342438    -0.3071251988172
      0.8830883522685    -0.0103036436774    -0.1834531263931    -0.3117628981954
      0.8863211000206    -0.0066273066960    -0.1830529651956    -0.3162657563191
      0.8893954796280    -0.0028113834538    -0.1824553942650    -0.3206293294110
      0.8923091593595     0.0011388677841    -0.1816526181731    -0.3248493111513
      0.8950602454942     0.0052174624224    -0.1806371432352    -0.3289215369275
      0.8976472803153     0.0094177036750    -0.1794018176059    -0.3328419879445
      0.9000692385875     0.0137321997177    -0.1779398705179    -0.3366067951903
      0.9023255225386     0.0181528837963    -0.1762449504958    -0.3402122432548
      0.9044159553757     0.0226710372195    -0.1743111623846    -0.3436547739960
      0.9063407733697     0.0272773151542    -0.1721331030346    -0.3469309900517
      0.9081006165483     0.0319617751305    -0.1697058954889    -0.3500376581922
      0.9096965180411     0.0367139081519    -0.1670252215262    -0.3529717125111
      0.9111298921289     0.0415226722952    -0.1640873524185    -0.3557302574510
      0.9124025210511     0.0463765286773    -0.1608891777664    -0.3583105706611
      0.9135165406299     0.0512634796518    -0.1574282322867    -0.3607101056838
      0.9144744247774     0.0561711090942    -0.1537027204306    -0.3629264944678
      0.9152789689515     0.0610866246222    -0.1497115387216    -0.3649575497048
      0.9159332726341     0.0659969015919    -0.1454542957095    -0.3668012669887
      0.9164407209065     0.0708885287024    -0.1409313294458    -0.3684558267929
      0.9168049652013     0.0757478550354    -0.1361437223976    -0.3699195962669
      0.9170299033114     0.0805610383486    -0.1310933137227    -0.3711911308467
      0.9171196587426     0.0853140944400    -0.1257827088429    -0.3722691756813
      0.9170785594937     0.0899929473914    -0.1202152862606    -0.3731526668705
      0.9169111163559     0.0945834804988    -0.1143952015750    -0.3738407325154
      0.9166220008186     0.0990715876933    -0.1083273886640    -0.3743326935780
      0.9162160226756     0.1034432252528    -0.1020175580116    -0.3746280645524
      0.9156981074219     0.1076844636060    -0.0954721921680    -0.3747265539429
      0.9150732735357     0.1117815390260    -0.0886985383442    -0.3746280645524
      0.9143466097373     0.1157209050144    -0.0817045981507    -0.3743326935780
      0.9135232523177     0.1194892831742    -0.0744991145039    -0.3738407325154
      0.9126083626293     0.1230737133752    -0.0670915557337    -0.3731526668705
      0.9116071048295     0.1264616030149    -0.0594920969356    -0.3722691756813
      0.9105246239673     0.1296407751826    -0.0517115986232    -0.3711911308467
      0.9093660245001     0.1325995155379    -0.0437615827473    -0.3699195962669
      0.9081363493269     0.1353266177208    -0.0356542061557    -0.3684558267929
      0.9068405594228     0.1378114271137    -0.0274022315825    -0.3668012669887
      0.9054835141528     0.1400438827835    -0.0190189962598    -0.3649575497048
      0.9040699523460     0.1420145574389    -0.0105183782595    -0.3629264944678
      0.9026044742021     0.1437146952443    -0.0019147606773    -0.3607101056838
      0.9010915241019     0.1451362473408     0.0067770062172    -0.3583105706611
      0.8995353743895     0.1462719049327     0.0155416447344    -0.3557302574510
      0.8979401101869     0.1471151298086     0.0243634912830    -0.3529717125111
      0.8963096153021     0.1476601821740     0.0332265395095    -0.3500376581922
      0.8946475592809     0.1479021456837     0.0421144849052    -0.3469309900517
      0.8929573856544     0.1478369495736     0.0510107707235    -0.3436547739960
      0.8912423014240     0.1474613878010     0.0598986350453    -0.3402122432548
      0.8895052678222     0.1467731351154     0.0687611588234    -0.3366067951903
      0.8877489923840     0.1457707599928     0.0775813147352    -0.3328419879445
      0.8859759223545     0.1444537343779     0.0863420166687    -0.3289215369275
      0.8841882394559     0.1428224401942     0.0950261696623    -0.3248493111513
      0.8823878560301     0.1408781725885     0.1036167201215    -0.3206293294110
      0.8805764125665     0.1386231398956     0.1120967061280    -0.3162657563191
      0.8787552766211     0.1360604603154     0.1204493076626    -0.3117628981954
      0.8769255431247     0.1331941553127     0.1286578965573    -0.3071251988172
      0.8750880360746     0.1300291397588     0.1367060859980    -0.3023572350340
      0.8732433115949     0.1265712088476     0.1445777793970    -0.2974637122504
      0.8713916623504     0.1228270218327     0.1522572184586    -0.2924494597824
      0.8695331232872     0.1188040826419     0.1597290302630    -0.2873194260920
      0.8676674786719     0.1145107174406     0.1669782731976    -0.2820786739030
      0.8657942703947     0.1099560492228     0.1739904815697    -0.2767323752051
      0.8639128074956     0.1051499695259     0.1807517087377    -0.2712858061497
      0.8620221768689     0.1001031073706     0.1872485686047    -0.2657443418428
      0.8601212550957     0.0948267955419     0.1934682753246    -0.2601134510407
      0.8582087213498     0.0893330343361     0.1993986810765    -0.2543986907528
      0.8562830713178     0.0836344529084     0.2050283117703    -0.2486057007576
      0.8543426320689     0.0777442683646     0.2103464005560    -0.2427401980367
      0.8523855778085     0.0716762427504     0.2153429190153    -0.2368079711332
      0.8504099464430     0.0654446380977     0.2200086059229    -0.2308148744388
      0.8484136568819     0.0590641696985     0.2243349934758    -0.2247668224165
      0.8463945269993     0.0525499577778     0.2283144308972    -0.2186697837633
      0.8443502921745     0.0459174777499     0.2319401053305    -0.2125297755204
      0.8422786243281     0.0391825092432     0.2352060599509    -0.2063528571346
      0.8401771513692     0.0323610840841     0.2381072092323    -0.2001451244786
      0.8380434769671     0.0254694334366     0.2406393513155    -0.1939127038349
      0.8358752005573     0.0185239342951     0.2427991774392    -0.1876617458505
      0.8336699374953     0.0115410555306     0.2445842784010    -0.1813984194661
      0.8314253392660     0.0045373036944     0.2459931480309    -0.1751289058286
      0.8291391136582    -0.0024708312196     0.2470251836697    -0.1688593921911
      0.8268090448162    -0.0094669298484     0.2476806836549    -0.1625960658066
      0.8244330130748    -0.0164346971691     0.2479608418289    -0.1563451078222
      0.8220090144927    -0.0233580156407     0.2478677390970    -0.1501126871786
      0.8195351799918    -0.0302209975811     0.2474043320695    -0.1439049545225
      0.8170097940199    -0.0370080365829     0.2465744388386    -0.1377280361367
      0.8144313126485    -0.0437038577768     0.2453827219469    -0.1315880278938
      0.8117983810261    -0.0502935667553     0.2438346686172    -0.1254909892407
      0.8091098501044    -0.0567626969740     0.2419365683234    -0.1194429372183
      0.8063647925618    -0.0630972554563     0.2396954877908    -0.1134498405240
      0.8035625178495    -0.0692837666308     0.2371192435260    -0.1075176136205
      0.8007025862896    -0.0753093141401     0.2342163719832    -0.1016521108996
      0.7977848221582    -0.0811615804681     0.2309960974837    -0.0958591209043
      0.7948093256915    -0.0868288842392     0.2274682980150    -0.0901443606164
      0.7917764839549    -0.0923002150543     0.2236434690403    -0.0845134698143
      0.7886869805224    -0.0975652657371     0.2195326854601    -0.0789720055075
      0.7855418039166    -0.1026144618737     0.2151475618717    -0.0735254364520
      0.7823422547645    -0.1074389885421     0.2105002112800    -0.0681791377541
      0.7790899516311    -0.1120308141334     0.2056032024183    -0.0629383855652
      0.7757868354951    -0.1163827111856     0.2004695158412    -0.0578083518747
      0.7724351728411    -0.1204882741552     0.1951124989589    -0.0527940994068
      0.7690375573420    -0.1243419340689     0.1895458201838    -0.0479005766231
      0.7655969101180    -0.1279389700078     0.1837834223617    -0.0431326128399
      0.7621164785579    -0.1312755173881     0.1778394756680    -0.0384949134618
      0.7585998336990    -0.1343485730176     0.1717283301421    -0.0339920553381
      0.7550508661654    -0.1371559969164     0.1654644680441    -0.0296284822462
      0.7514737806698    -0.1396965109057     0.1590624562082    -0.0254085005058
      0.7478730890928    -0.1419696939790     0.1525368985749    -0.0213362747296
      0.7442536021555    -0.1439759744848     0.1459023890783    -0.0174158237127
      0.7406204197102    -0.1457166191596     0.1391734650629    -0.0136510164668
      0.7369789196775    -0.1471937190648     0.1323645614050    -0.0100455684024
      0.7333347456653    -0.1484101724909     0.1254899655067    -0.0066030376612
      0.7296937933092    -0.1493696649064     0.1185637733294    -0.0033268216055
      0.7260621953801    -0.1500766460377     0.1115998466272    -0.0002201534650
      0.7224463057090    -0.1505363041802     0.1046117715369     0.0027139008539
      0.7188526819857    -0.1507545378480     0.0976128186746     0.0054724457938
      0.7152880674892    -0.1507379248846     0.0906159048833     0.0080527590040
      0.7117593718171    -0.1504936891610     0.0836335567676     0.0104522940267
      0.7082736506808    -0.1500296650024     0.0766778761462     0.0126686828107
      0.7048380848402    -0.1493542594891     0.0697605075431     0.0146997380477
      0.7014599582539    -0.1484764127883     0.0628926078307     0.0165434553315
      0.6981466355251    -0.1474055566790     0.0560848181300     0.0181980151358
      0.6949055387259    -0.1461515714400     0.0493472380622     0.0196617846097
      0.6917441236858    -0.1447247412771     0.0426894024378     0.0209333191895
      0.6886698558321    -0.1431357084705     0.0361202604584     0.0220113640241
      0.6856901856728    -0.1413954264295     0.0296481574976     0.0228948552134
      0.6828125240136    -0.1395151118434     0.0232808195144     0.0235829208582
      0.6800442170026    -0.1375061961228     0.0170253401456     0.0240748819209
      0.6773925210960    -0.1353802763268     0.0108881705089     0.0243702528952
      0.6748645780413    -0.1331490657746     0.0048751117406     0.0244687422857
      0.7235773506827    -0.0990060439264    -0.0277577353173    -0.1024037360867
      0.7222594865384    -0.0961209215064    -0.0309004121889    -0.1024601435677
      0.7210477722959    -0.0931793877235    -0.0338451970079    -0.1026293103432
      0.7199451093160    -0.0901949321894    -0.0365915047650    -0.1029110694660
      0.7189542641830    -0.0871809183093    -0.0391395978033    -0.1033051428740
      0.7180778593503    -0.0841505289788    -0.0414905738276    -0.1038111416642
      0.7173183640616    -0.0811167132857    -0.0436463505648    -0.1044285664769
      0.7166780855832    -0.0780921344294    -0.0456096471463    -0.1051568079884
      0.7161591607785    -0.0750891190639    -0.0473839622974    -0.1059951475123
      0.7157635480603    -0.0721196082654    -0.0489735494301    -0.1069427577085
      0.7154930197498    -0.0691951103177    -0.0503833887482    -0.1079987034003
      0.7153491548740    -0.0663266555027    -0.0516191564871    -0.1091619424968
      0.7153333324296    -0.0635247530736    -0.0526871914199    -0.1104313270214
      0.7154467251394    -0.0607993505801    -0.0535944587719    -0.1118056042449
      0.7156902937292    -0.0581597957059    -0.0543485116986    -0.1132834179215
      0.7160647817461    -0.0556148007671    -0.0549574504897    -0.1148633096275
      0.7165707109414    -0.0531724100114    -0.0554298796695    -0.1165437202006
      0.7172083772387    -0.0508399698446    -0.0557748631757    -0.1183229912785
      0.7179778473029    -0.0486241020998    -0.0560018778033    -0.1201993669354
      0.7188789557280    -0.0465306804540    -0.0561207651077    -0.1221709954150
      0.7199113028562    -0.0445648100804    -0.0561416819681    -0.1242359309581
      0.7210742532400    -0.0427308106164    -0.0560750500164    -0.1263921357225
      0.7223669347563    -0.0410322025092    -0.0559315041413    -0.1286374817947
      0.7237882383796    -0.0394716967909    -0.0557218402812    -0.1309697532889
      0.7253368186187    -0.0380511883201    -0.0554569627228    -0.1333866485349
      0.7270110946188    -0.0367717525107    -0.0551478311219    -0.1358857823489
      0.7288092519291    -0.0356336455597    -0.0548054074666    -0.1384646883874
      0.7307292449336    -0.0346363081658    -0.0544406032010    -0.1411208215816
      0.7327687999393    -0.0337783727219    -0.0540642267284    -0.1438515606487
      0.7349254189156    -0.0330576739459    -0.0536869315094    -0.1466542106790
      0.7371963838745    -0.0324712629049    -0.0533191649698    -0.1495260057951
      0.7395787618801    -0.0320154243701    -0.0529711184288    -0.1524641118821
      0.7420694106729    -0.0316856974297    -0.0526526782529    -0.1554656293840
      0.7446649848935    -0.0314768992719    -0.0523733784380    -0.1585275961653
      0.7473619428859    -0.0313831520380    -0.0521423548148    -0.1616469904345
      0.7501565540610    -0.0313979126337    -0.0519683010648    -0.1648207337262
      0.7530449067968    -0.0315140053737    -0.0518594267314    -0.1680456939388
      0.7560229168523    -0.0317236573255    -0.0518234173960    -0.1713186884259
      0.7590863362671    -0.0320185362040    -0.0518673971864    -0.1746364871372
      0.7622307627195    -0.0323897906617    -0.0519978937700    -0.1779958158059
      0.7654516493140    -0.0328280928076    -0.0522208059795    -0.1813933591801
      0.7687443147663    -0.0333236827798    -0.0525413742027    -0.1848257642948
      0.7721039539534    -0.0338664151881    -0.0529641536615    -0.1882896437805
      0.7755256487948    -0.0344458072347    -0.0534929906904    -0.1917815792064
      0.7790043794312    -0.0350510883172    -0.0541310021146    -0.1952981244537
      0.7825350356622    -0.0356712509075    -0.0548805578131    -0.1988358091169
      0.7861124286086    -0.0362951024990    -0.0557432665427    -0.2023911419283
      0.7897313025605    -0.0369113184092    -0.0567199650819    -0.2059606142037
      0.7933863469721    -0.0375084952187    -0.0578107107424    -0.2095407033049
      0.7970722085670    -0.0380752046295    -0.0590147772827    -0.2131278761161
      0.8007835035122    -0.0386000475197    -0.0603306542424    -0.2167185925309
      0.8045148296234    -0.0390717079727    -0.0617560497049    -0.2203093089457
      0.8082607785617    -0.0394790070599    -0.0632878964786    -0.2238964817570
      0.8120159479824    -0.0398109561531    -0.0649223616779    -0.2274765708581
      0.8157749535978    -0.0400568095508    -0.0666548596657    -0.2310460431335
      0.8195324411143    -0.0402061161976    -0.0684800683108    -0.2346013759449
      0.8232830980072    -0.0402487702864    -0.0703919484961    -0.2381390606081
      0.8270216650951    -0.0401750605333    -0.0723837668039    -0.2416556058554
      0.8307429478776    -0.0399757179209    -0.0744481212880    -0.2451475412813
      0.8344418276013    -0.0396419617139    -0.0765769702331    -0.2486114207670
      0.8381132720193    -0.0391655435542    -0.0787616637878    -0.2520438258817
      0.8417523458108    -0.0385387894534    -0.0809929783465    -0.2554413692559
      0.8453542206302    -0.0377546395075    -0.0832611535449    -0.2588006979246
      0.8489141847537    -0.0368066851677    -0.0855559317208    -0.2621184966359
      0.8524276522959    -0.0356892039099    -0.0878665996864    -0.2653914911231
      0.8558901719687    -0.0343971911590    -0.0901820326425    -0.2686164513356
      0.8592974353573    -0.0329263893308    -0.0924907400630    -0.2717901946273
      0.8626452846895    -0.0312733138681    -0.0947809133640    -0.2749095888965
      0.8659297200778    -0.0294352761604    -0.0970404751690    -0.2779715556779
      0.8691469062128    -0.0274104032461    -0.0992571299719    -0.2809730731797
      0.8722931784928    -0.0251976542115    -0.1014184159953    -0.2839111792667
      0.8753650485725    -0.0227968332120    -0.1035117580365    -0.2867829743829
      0.8783592093184    -0.0202085990571    -0.1055245210889    -0.2895856244131
      0.8812725391603    -0.0174344713101    -0.1074440645221    -0.2923163634802
      0.8841021058294    -0.0144768328727    -0.1092577966048    -0.2949724966744
      0.8868451694782    -0.0113389290332    -0.1109532291489    -0.2975514027129
      0.8894991851765    -0.0080248629756    -0.1125180320545    -0.3000505365269
      0.8920618047832    -0.0045395877583    -0.1139400875367    -0.3024674317729
      0.8945308781937    -0.0008888947861    -0.1152075438130    -0.3047997032671
      0.8969044539667     0.0029206011872    -0.1163088680347    -0.3070450493393
      0.8991807793349     0.0068814804733    -0.1172328982466    -0.3092012541038
      0.9013582996077     0.0109855402169    -0.1179688941646    -0.3112661896469
      0.9034356569755     0.0152238194372    -0.1185065865629    -0.3132378181265
      0.9054116887271     0.0195866272517    -0.1188362250700    -0.3151141937833
      0.9072854248955     0.0240635741785    -0.1189486241773    -0.3168934648612
      0.9090560853464     0.0286436064001    -0.1188352072711    -0.3185738754343
      0.9107230763297     0.0333150428593    -0.1184880485069    -0.3201537671404
      0.9122859865123     0.0380656150492    -0.1178999123530    -0.3216315808169
      0.9137445825146     0.0428825093448    -0.1170642906378    -0.3230058580404
      0.9150988039749     0.0477524117151    -0.1159754369489    -0.3242752425650
      0.9163487581663     0.0526615546470    -0.1146283982363    -0.3254384816615
      0.9174947141932     0.0575957660984    -0.1130190434894    -0.3264944273533
      0.9185370967951     0.0625405202956    -0.1111440893630    -0.3274420375496
      0.9194764797882     0.0674809901768    -0.1090011226435    -0.3282803770734
      0.9203135791747     0.0724021012822    -0.1065886194572    -0.3290086185849
      0.9210492459518     0.0772885868805    -0.1039059611340    -0.3296260433976
      0.9216844586528     0.0821250441195    -0.1009534466559    -0.3301320421878
      0.9222203156547     0.0868959909834    -0.0977323016306    -0.3305261155958
      0.9226580272853     0.0915859238351    -0.0942446837440    -0.3308078747186
      0.9229989077649     0.0961793753204    -0.0904936846611    -0.3309770414941
      0.9232443670182     0.1006609724091    -0.0864833283572    -0.3310334489751
      0.9233959023909     0.1050154943461    -0.0822185658749    -0.3309770414941
      0.9234550903064     0.1092279302870    -0.0777052665179    -0.3308078747186
      0.9234235778986     0.1132835363932    -0.0729502055058    -0.3305261155958
      0.9233030746555     0.1171678921632    -0.0679610481269    -0.3301320421878
      0.9230953441079     0.1208669557789    -0.0627463304422    -0.3296260433976
      0.9228021955991     0.1243671182518    -0.0573154366048    -0.3290086185849
      0.9224254761672     0.1276552561546    -0.0516785728741    -0.3282803770734
      0.9219670625746     0.1307187827322    -0.0458467384161    -0.3274420375496
      0.9214288535170     0.1335456971913    -0.0398316929939    -0.3264944273533
      0.9208127620408     0.1361246319734    -0.0336459216658    -0.3254384816615
      0.9201207082024     0.1384448978256    -0.0273025966178    -0.3242752425650
      0.9193546119944     0.1404965264912    -0.0208155362725    -0.3230058580404
      0.9185163865696     0.1422703108501    -0.0141991618220    -0.3216315808169
      0.9176079317859     0.1437578423508    -0.0074684513482    -0.3201537671404
      0.9166311280982     0.1449515455850    -0.0006388916984    -0.3185738754343
      0.9155878308198     0.1458447098670     0.0062735717032    -0.3168934648612
      0.9144798647737     0.1464315176904     0.0132525869213    -0.3151141937833
      0.9133090193532     0.1467070699505     0.0202814492587    -0.3132378181265
      0.9120770440094     0.1466674078274     0.0273431564852    -0.3112661896469
      0.9107856441806     0.1463095312440     0.0344204653417    -0.3092012541038
      0.9094364776770     0.1456314138207     0.0414959491047    -0.3070450493393
      0.9080311515318     0.1446320142663     0.0485520559949    -0.3047997032671
      0.9065712193271     0.1433112841565     0.0555711682107    -0.3024674317729
      0.9050581790037     0.1416701720648     0.0625356613620    -0.3000505365269
      0.9034934711565     0.1397106240269     0.0694279640812    -0.2975514027129
      0.9018784778209     0.1374355803321     0.0762306175852    -0.2949724966744
      0.9002145217484     0.1348489686490     0.0829263349628    -0.2923163634802
      0.8985028661711     0.1319556935099     0.0894980599641    -0.2895856244131
      0.8967447150504     0.1287616221889     0.0959290250673    -0.2867829743829
      0.8949412138037     0.1252735670243     0.1022028086052    -0.2839111792667
      0.8930934505012     0.1214992642511     0.1083033907331    -0.2809730731797
      0.8912024575224     0.1174473494198     0.1142152080262    -0.2779715556779
      0.8892692136592     0.1131273294938     0.1199232065007    -0.2749095888965
      0.8872946466523     0.1085495517283     0.1254128928559    -0.2717901946273
      0.8852796361437     0.1037251694490     0.1306703837449    -0.2686164513356
      0.8832250170274     0.0986661048569     0.1356824528857    -0.2653914911231
      0.8811315831789     0.0933850090011     0.1404365758354    -0.2621184966359
      0.8790000915405     0.0878952190694     0.1449209722579    -0.2588006979246
      0.8768312665407     0.0822107131595     0.1491246455251    -0.2554413692559
      0.8746258048216     0.0763460627000     0.1530374195019    -0.2520438258817
      0.8723843802496     0.0703163827034     0.1566499723776    -0.2486114207670
      0.8701076491802     0.0641372800388     0.1599538674146    -0.2451475412813
      0.8677962559503     0.0578247999207     0.1629415805005    -0.2416556058554
      0.8654508385659     0.0513953708175     0.1656065243999    -0.2381390606081
      0.8630720345578     0.0448657479881     0.1679430696156    -0.2346013759449
      0.8606604869706     0.0382529558630     0.1699465617817    -0.2310460431335
      0.8582168504555     0.0315742294858     0.1716133355255    -0.2274765708581
      0.8557417974327     0.0248469552420     0.1729407247473    -0.2238964817570
      0.8532360242919     0.0180886110955     0.1739270692814    -0.2203093089457
      0.8507002575960     0.0113167065642     0.1745717179170    -0.2167185925309
      0.8481352602564     0.0045487226603     0.1748750277687    -0.2131278761161
      0.8455418376452    -0.0021979479763     0.1748383600044    -0.2095407033049
      0.8429208436121    -0.0089060605235     0.1744640719487    -0.2059606142037
      0.8402731863728    -0.0155585767758     0.1737555055960    -0.2023911419283
      0.8375998342366    -0.0221387230752     0.1727169725806    -0.1988358091169
      0.8349018211412    -0.0286300471524     0.1713537356657    -0.1952981244537
      0.8321802519637    -0.0350164736647     0.1696719868243    -0.1917815792064
      0.8294363075784    -0.0412823582201     0.1676788220015    -0.1882896437805
      0.8266712496305    -0.0474125396847     0.1653822126571    -0.1848257642948
      0.8238864249992    -0.0533923905742     0.1627909742017    -0.1813933591801
      0.8210832699219    -0.0592078653423     0.1599147314515    -0.1779958158059
      0.8182633137549    -0.0648455463829     0.1567638812373    -0.1746364871372
      0.8154281823463    -0.0702926875750     0.1533495523147    -0.1713186884259
      0.8125796009981    -0.0755372552077     0.1496835627332    -0.1680456939388
      0.8097193969961    -0.0805679661317     0.1457783748306    -0.1648207337262
      0.8068495016905    -0.0853743229975     0.1416470480293    -0.1616469904345
      0.8039719521071    -0.0899466464505     0.1373031896183    -0.1585275961653
      0.8010888920752    -0.0942761041630     0.1327609037136    -0.1554656293840
      0.7982025728589    -0.0983547366000     0.1280347385944    -0.1524641118821
      0.7953153532795    -0.1021754794248     0.1231396326217    -0.1495260057951
      0.7924296993195    -0.1057321824650     0.1180908589483    -0.1466542106790
      0.7895481832026    -0.1090196251729     0.1129039692352    -0.1438515606487
      0.7866734819421    -0.1120335285282     0.1075947365926    -0.1411208215816
      0.7838083753573    -0.1147705633447     0.1021790979656    -0.1384646883874
      0.7809557435556    -0.1172283549558     0.0966730961896    -0.1358857823489
      0.7781185638826    -0.1194054842695     0.0910928219358    -0.1333866485349
      0.7752999073439    -0.1213014851976     0.0854543557749    -0.1309697532889
      0.7725029345051    -0.1229168384747     0.0797737105774    -0.1286374817947
      0.7697308908765    -0.1242529619029     0.0740667744768    -0.1263921357225
      0.7669871017961    -0.1253121970654     0.0683492546112    -0.1242359309581
      0.7642749668201    -0.1260977925707     0.0626366218603    -0.1221709954150
      0.7615979536383    -0.1266138839000     0.0569440567895    -0.1201993669354
      0.7589595915292    -0.1268654699463     0.0512863970073    -0.1183229912785
      0.7563634643754    -0.1268583863416     0.0456780861361    -0.1165437202006
      0.7538132032581    -0.1265992756882     0.0401331245909    -0.1148633096275
      0.7513124786552    -0.1260955548152     0.0346650223526    -0.1132834179215
      0.7488649922656    -0.1253553791975     0.0292867539136    -0.1118056042449
      0.7464744684869    -0.1243876046829     0.0240107155662    -0.1104313270214
      0.7441446455741    -0.1232017466857     0.0188486851938    -0.1091619424968
      0.7418792665072    -0.1218079370122     0.0138117847138    -0.1079987034003
      0.7396820696000    -0.1202168784948     0.0089104453144    -0.1069427577085
      0.7375567788804    -0.1184397976191     0.0041543756098    -0.1059951475123
      0.7355070942759    -0.1164883953355    -0.0004474671666    -0.1051568079884
      0.7335366816374    -0.1143747962552    -0.0048869028282    -0.1044285664769
      0.7316491626374    -0.1121114964339    -0.0091565506685    -0.1038111416642
      0.7298481045771    -0.1097113099562    -0.0132498485830    -0.1033051428740
      0.7281370101384    -0.1071873145328    -0.0171610688129    -0.1029110694660
      0.7265193071190    -0.1045527963311    -0.0208853302608    -0.1026293103432
      0.7249983381853    -0.1018211942591    -0.0244186073376    -0.1024601435677
      0.7235773506827    -0.0990060439264    -0.0277577353173    -0.1024037360867
