0      0      0
14      0.006      3.6e-05
110      0.012      0.000144
331      0.018      0.000323999
690      0.024      0.000575997
1109      0.03      0.000899992
1649      0.036      0.00129598
2336      0.042      0.00176396
3013      0.048      0.00230392
3895      0.054      0.00291585
4989      0.06      0.00359974
5953      0.066      0.00435558
7060      0.072      0.00518336
8414      0.078      0.00608304
10071      0.084      0.00705461
11337      0.09      0.00809803
12919      0.096      0.00921328
14689      0.102      0.0104003
16423      0.108      0.0116591
18810      0.114      0.0129896
20467      0.12      0.0143917
22400      0.126      0.0158654
24978      0.132      0.0174106
27575      0.138      0.0190273
29722      0.144      0.0207154
32668      0.15      0.0224747
35043      0.156      0.0243052
37810      0.162      0.0262068
40542      0.168      0.0281794
43464      0.174      0.0302229
47159      0.18      0.0323371
49960      0.186      0.0345219
53361      0.192      0.0367771
56748      0.198      0.0391027
60102      0.204      0.0414984
64231      0.21      0.0439641
67560      0.216      0.0464995
71563      0.222      0.0491046
75877      0.228      0.051779
79564      0.234      0.0545226
83286      0.24      0.0573352
88341      0.246      0.0602164
92375      0.252      0.0631662
97056      0.258      0.066184
101663      0.264      0.0692698
105929      0.27      0.0724233
111041      0.276      0.075644
116350      0.282      0.0789318
121332      0.288      0.0822862
126047      0.294      0.0857069
130973      0.3      0.0891936
136350      0.306      0.092746
141898      0.312      0.0963635
147251      0.318      0.100046
152518      0.324      0.103793
158227      0.33      0.107603
164563      0.336      0.111477
169496      0.342      0.115415
176455      0.348      0.119415
182160      0.354      0.123477
187715      0.36      0.1276
194102      0.366      0.131785
200330      0.372      0.13603
207839      0.378      0.140335
212763      0.384      0.144699
220803      0.39      0.149122
227612      0.396      0.153603
233151      0.402      0.158142
240680      0.408      0.162738
246596      0.414      0.16739
254369      0.42      0.172097
261742      0.426      0.176859
268292      0.432      0.181675
276057      0.438      0.186545
283963      0.444      0.191467
289549      0.45      0.196442
298778      0.456      0.201467
306200      0.462      0.206542
313625      0.468      0.211667
321665      0.474      0.21684
329497      0.48      0.222061
336942      0.486      0.227329
345260      0.492      0.232643
352597      0.498      0.238001
360346      0.504      0.243404
370309      0.51      0.24885
377427      0.516      0.254338
386122      0.522      0.259866
393596      0.528      0.265435
402027      0.534      0.271043
410099      0.54      0.276689
419333      0.546      0.282372
428124      0.552      0.288091
435313      0.558      0.293844
444662      0.564      0.299631
453741      0.57      0.30545
461813      0.576      0.311301
471204      0.582      0.317181
478987      0.588      0.323091
488636      0.594      0.329028
497121      0.6      0.334991
506617      0.606      0.34098
516758      0.612      0.346992
523422      0.618      0.353027
534243      0.624      0.359084
543846      0.63      0.36516
552159      0.636      0.371255
561233      0.642      0.377367
570688      0.648      0.383495
580638      0.654      0.389638
588635      0.66      0.395793
597622      0.666      0.401961
608280      0.672      0.408139
617764      0.678      0.414325
626245      0.684      0.420519
636845      0.69      0.426719
645710      0.696      0.432923
653741      0.702      0.43913
663030      0.708      0.445338
674822      0.714      0.451547
681724      0.72      0.457754
692397      0.726      0.463957
699465      0.732      0.470156
708487      0.738      0.476349
718170      0.744      0.482533
728130      0.75      0.488708
737977      0.756      0.494873
747336      0.762      0.501024
756711      0.768      0.507161
764638      0.774      0.513283
774444      0.78      0.519387
784989      0.786      0.525471
792699      0.792      0.531535
803024      0.798      0.537577
810752      0.804      0.543595
820997      0.81      0.549587
828667      0.816      0.555551
838178      0.822      0.561487
847844      0.828      0.567392
856155      0.834      0.573264
864896      0.84      0.579103
872853      0.846      0.584906
881871      0.852      0.590672
890579      0.858      0.596399
898533      0.864      0.602085
909538      0.87      0.60773
915839      0.876      0.61333
926220      0.882      0.618885
932108      0.888      0.624393
940899      0.894      0.629851
948925      0.9      0.63526
956490      0.906      0.640616
966763      0.912      0.645919
972488      0.918      0.651167
980469      0.924      0.656358
988703      0.93      0.66149
993741      0.936      0.666562
1.00151e+06      0.942      0.671573
1.01113e+06      0.948      0.676521
1.01805e+06      0.954      0.681404
1.02606e+06      0.96      0.686221
1.03307e+06      0.966      0.69097
1.04037e+06      0.972      0.69565
1.04674e+06      0.978      0.700259
1.05324e+06      0.984      0.704796
1.06005e+06      0.99      0.70926
1.06595e+06      0.996      0.713648
1.07446e+06      1.002      0.71796
1.07909e+06      1.008      0.722194
1.08719e+06      1.014      0.726349
1.09065e+06      1.02      0.730424
1.09776e+06      1.026      0.734416
1.10666e+06      1.032      0.738325
1.11148e+06      1.038      0.74215
1.11808e+06      1.044      0.745889
1.12183e+06      1.05      0.749541
1.1281e+06      1.056      0.753104
1.13353e+06      1.062      0.756579
1.13806e+06      1.068      0.759962
1.14122e+06      1.074      0.763254
1.15003e+06      1.08      0.766453
1.15319e+06      1.086      0.769558
1.15833e+06      1.092      0.772568
1.16105e+06      1.098      0.775482
1.16539e+06      1.104      0.778299
1.16884e+06      1.11      0.781018
1.17334e+06      1.116      0.783638
1.17799e+06      1.122      0.786158
1.18221e+06      1.128      0.788578
1.1869e+06      1.134      0.790896
1.18903e+06      1.14      0.793111
1.19194e+06      1.146      0.795224
1.19292e+06      1.152      0.797233
1.19628e+06      1.158      0.799137
1.20181e+06      1.164      0.800935
1.20276e+06      1.17      0.802628
1.20464e+06      1.176      0.804215
1.20661e+06      1.182      0.805694
1.20978e+06      1.188      0.807066
1.21227e+06      1.194      0.80833
1.21217e+06      1.2      0.809485
1.21336e+06      1.206      0.810531
1.21625e+06      1.212      0.811469
1.21851e+06      1.218      0.812296
1.21907e+06      1.224      0.813014
1.22117e+06      1.23      0.813621
1.22074e+06      1.236      0.814118
1.22184e+06      1.242      0.814504
1.22303e+06      1.248      0.81478
1.22396e+06      1.254      0.814945
1.22388e+06      1.26      0.814999
1.2224e+06      1.266      0.814942
1.22211e+06      1.272      0.814774
1.22081e+06      1.278      0.814496
1.22122e+06      1.284      0.814106
1.22174e+06      1.29      0.813606
1.21898e+06      1.296      0.812996
1.22031e+06      1.302      0.812276
1.21766e+06      1.308      0.811445
1.21718e+06      1.314      0.810505
1.21618e+06      1.32      0.809456
1.21354e+06      1.326      0.808298
1.21294e+06      1.332      0.807032
1.21154e+06      1.338      0.805657
1.2091e+06      1.344      0.804175
1.20469e+06      1.35      0.802586
1.20263e+06      1.356      0.800891
1.20093e+06      1.362      0.79909
1.19657e+06      1.368      0.797184
1.19473e+06      1.374      0.795174
1.1898e+06      1.38      0.79306
1.18819e+06      1.386      0.790843
1.1846e+06      1.392      0.788524
1.1799e+06      1.398      0.786103
1.17758e+06      1.404      0.783583
1.174e+06      1.41      0.780963
1.16821e+06      1.416      0.778245
1.16647e+06      1.422      0.775429
1.16173e+06      1.428      0.772517
1.1566e+06      1.434      0.769509
1.15079e+06      1.44      0.766407
1.1487e+06      1.446      0.763212
1.14226e+06      1.452      0.759925
1.1374e+06      1.458      0.756547
1.1305e+06      1.464      0.75308
1.12667e+06      1.47      0.749525
1.11989e+06      1.476      0.745882
1.11562e+06      1.482      0.742154
1.1105e+06      1.488      0.738341
1.10634e+06      1.494      0.734445
1.09991e+06      1.5      0.730468
1.09309e+06      1.506      0.726411
1.08868e+06      1.512      0.722274
1.07975e+06      1.518      0.718061
1.07246e+06      1.524      0.713772
1.06786e+06      1.53      0.709409
1.06038e+06      1.536      0.704973
1.05558e+06      1.542      0.700466
1.0484e+06      1.548      0.695889
1.04108e+06      1.554      0.691244
1.03446e+06      1.56      0.686533
1.02483e+06      1.566      0.681758
1.01757e+06      1.572      0.676919
1.01123e+06      1.578      0.67202
1.00357e+06      1.584      0.66706
996474      1.59      0.662043
990391      1.596      0.656969
981271      1.602      0.651841
975745      1.608      0.646661
968135      1.614      0.641429
958081      1.62      0.636148
950462      1.626      0.63082
941843      1.632      0.625446
933938      1.638      0.620028
925657      1.644      0.614569
917633      1.65      0.609069
907832      1.656      0.60353
900651      1.662      0.597955
892433      1.668      0.592345
883956      1.674      0.586702
875087      1.68      0.581028
866476      1.686      0.575324
859464      1.692      0.569593
848981      1.698      0.563836
840796      1.704      0.558055
833345      1.71      0.552252
825264      1.716      0.546429
815611      1.722      0.540587
806592      1.728      0.534728
798341      1.734      0.528854
787924      1.74      0.522967
779739      1.746      0.517068
772119      1.752      0.511159
761097      1.758      0.505242
754034      1.764      0.499319
745148      1.77      0.493392
733602      1.776      0.487461
726573      1.782      0.481529
717780      1.788      0.475598
709133      1.794      0.469668
701208      1.8      0.463742
692278      1.806      0.457821
682618      1.812      0.451908
673504      1.818      0.446002
665188      1.824      0.440107
656133      1.83      0.434223
648530      1.836      0.428352
637084      1.842      0.422496
631630      1.848      0.416655
620118      1.854      0.410832
613613      1.86      0.405028
602191      1.866      0.399244
593901      1.872      0.393482
584883      1.878      0.387742
577423      1.884      0.382027
568037      1.89      0.376337
560607      1.896      0.370675
551839      1.902      0.36504
543870      1.908      0.359434
534620      1.914      0.353859
526032      1.92      0.348316
517434      1.926      0.342805
509698      1.932      0.337328
502255      1.938      0.331887
494510      1.944      0.326481
486462      1.95      0.321112
479294      1.956      0.315781
469787      1.962      0.310489
462986      1.968      0.305237
453867      1.974      0.300025
446403      1.98      0.294855
438334      1.986      0.289728
430807      1.992      0.284644
424173      1.998      0.279604
416821      2.004      0.274609
408367      2.01      0.269659
400265      2.016      0.264755
393156      2.022      0.259899
386716      2.028      0.255089
379139      2.034      0.250328
371480      2.04      0.245615
365542      2.046      0.240952
358527      2.052      0.236338
351782      2.058      0.231774
343639      2.064      0.227261
337348      2.07      0.222799
331054      2.076      0.218389
324352      2.082      0.21403
318584      2.088      0.209723
310655      2.094      0.205468
304894      2.1      0.201267
299511      2.106      0.197118
292503      2.112      0.193022
286298      2.118      0.188979
280020      2.124      0.18499
274641      2.13      0.181055
267730      2.136      0.177173
262311      2.142      0.173345
256618      2.148      0.169571
251915      2.154      0.165851
246446      2.16      0.162185
239517      2.166      0.158573
235445      2.172      0.155015
229526      2.178      0.15151
225456      2.184      0.14806
219062      2.19      0.144663
214638      2.196      0.141319
209699      2.202      0.138029
204305      2.208      0.134792
200348      2.214      0.131608
195449      2.22      0.128477
190906      2.226      0.125399
184887      2.232      0.122373
181615      2.238      0.119399
177258      2.244      0.116477
172909      2.25      0.113606
168591      2.256      0.110787
163376      2.262      0.108019
159965      2.268      0.105301
156033      2.274      0.102633
152361      2.28      0.100015
147738      2.286      0.0974467
144449      2.292      0.0949273
141391      2.298      0.0924565
136993      2.304      0.0900338
132903      2.31      0.0876589
130241      2.316      0.0853313
126887      2.322      0.0830506
122762      2.328      0.0808162
119486      2.334      0.0786277
116667      2.34      0.0764846
112933      2.346      0.0743864
109809      2.352      0.0723326
107562      2.358      0.0703227
104034      2.364      0.0683561
100952      2.37      0.0664324
97682      2.376      0.0645509
95298      2.382      0.0627112
92334      2.388      0.0609128
89613      2.394      0.0591549
87140      2.4      0.0574372
84956      2.406      0.0557591
82758      2.412      0.0541199
80062      2.418      0.0525191
77870      2.424      0.0509562
75514      2.43      0.0494306
72927      2.436      0.0479416
71142      2.442      0.0464888
68528      2.448      0.0450716
66141      2.454      0.0436893
64668      2.46      0.0423414
62539      2.466      0.0410274
60692      2.472      0.0397466
58888      2.478      0.0384985
57110      2.484      0.0372825
55109      2.49      0.036098
53324      2.496      0.0349445
51080      2.502      0.0338214
49755      2.508      0.0327281
48259      2.514      0.031664
46583      2.52      0.0306287
45115      2.526      0.0296215
43357      2.532      0.0286419
42376      2.538      0.0276893
40818      2.544      0.0267632
39442      2.55      0.0258631
38336      2.556      0.0249884
36506      2.562      0.0241385
35319      2.568      0.023313
34335      2.574      0.0225113
33127      2.58      0.021733
31937      2.586      0.0209774
30959      2.592      0.0202441
29784      2.598      0.0195325
28729      2.604      0.0188423
27690      2.61      0.0181728
26455      2.616      0.0175237
25791      2.622      0.0168944
24702      2.628      0.0162844
24288      2.634      0.0156934
23117      2.64      0.0151207
22527      2.646      0.014566
21449      2.652      0.0140289
20823      2.658      0.0135089
19832      2.664      0.0130055
19316      2.67      0.0125183
18455      2.676      0.0120469
17868      2.682      0.011591
16911      2.688      0.01115
16603      2.694      0.0107237
16023      2.7      0.0103115
15286      2.706      0.00991314
14470      2.712      0.00952823
13964      2.718      0.00915638
13508      2.724      0.00879724
12934      2.73      0.00845045
12266      2.736      0.00811565
12001      2.742      0.00779251
11335      2.748      0.00748068
11021      2.754      0.00717985
10537      2.76      0.00688968
10055      2.766      0.00660986
9781      2.772      0.00634009
9154      2.778      0.00608005
9062      2.784      0.00582946
8595      2.79      0.00558802
8199      2.796      0.00535546
7956      2.802      0.0051315
7315      2.808      0.00491586
7216      2.814      0.0047083
6883      2.82      0.00450854
6657      2.826      0.00431634
6203      2.832      0.00413146
6091      2.838      0.00395365
5682      2.844      0.00378269
5537      2.85      0.00361835
5290      2.856      0.00346041
5147      2.862      0.00330865
4904      2.868      0.00316287
4680      2.874      0.00302286
4406      2.88      0.00288843
4128      2.886      0.00275937
4093      2.892      0.00263552
3895      2.898      0.00251668
3745      2.904      0.00240267
3515      2.91      0.00229333
3395      2.916      0.00218849
3220      2.922      0.00208798
3004      2.928      0.00199166
2940      2.934      0.00189936
2759      2.94      0.00181094
2733      2.946      0.00172626
2521      2.952      0.00164517
2429      2.958      0.00156755
2296      2.964      0.00149326
2103      2.97      0.00142218
2090      2.976      0.00135417
2058      2.982      0.00128914
1909      2.988      0.00122695
1711      2.994      0.0011675
1656      3      0.00111069
0      3.006      0.0010564
