      2543218.661002474837      285231.294129504124      452187.281132342119      411653.907721503987
      2604443.198646727949      298946.788744247984      457936.910564728430      411384.577622716723
      2600889.439047430642      291572.213561459095      446999.110892183613      399099.402253196749
      2589213.960225546733      278707.526941715856      434986.457077597093      386434.853679783875
      2571628.466645881999      262441.927780964004      422431.017507990065      373658.378671494545
      2550108.900166619103      244053.384754029510      409696.187579630350      360950.016107792209
      2525953.997646287549      224290.772328079271      396968.722265609947      348416.264536449104
      2500021.704575107899      203615.570679270517      384347.478959157132      336118.095418821787
      2472901.412444125395      182335.032288983406      371885.509255362791      324088.742354269780
      2445012.881835060194      160667.820061556151      359610.708007625362      312344.155072618683
      2416663.768890151754      138777.292211544409      347536.694219046389      300889.354398993193
      2388084.679125498049      116789.715798249614      335668.724055511411      289722.403230492549
      2359451.576640224550       94805.115798125873      324006.971984716482      278836.936847850739
      2330900.721329419408       72904.241574227417      312548.400999144185      268223.799910340866
      2302538.975945202634       51153.315603060313      301287.867113263172      257872.118039262132
      2274451.122271212284       29607.421392652064      290218.798982980486      247770.004807207879
      2246705.177100611385        8313.006119434145      279333.633642525121      237905.029449413734
      2219356.332104928326      -12690.219493506802      268624.105856250040      228264.524883460312
      2192449.925010371488      -33367.806113237428      258081.444866886566      218835.787423360627
      2166023.716222263873      -53689.397858787925      247696.509172825550      209606.201868183620
      2140109.660201090388      -73627.790373770564      237459.877448444313      200563.314321172336
      2114735.305317360908      -93158.156970623866      227361.906732638337      191694.867711947474
      2089924.918654641137     -112257.400094323879      217392.764931118349      182988.810080042545
      2065700.406799301272     -130903.595546583470      207542.442150724033      174433.282329406153
      2042082.086095740320     -149075.503833768627      197800.743694547215      166016.589815322077
      2019089.343667262467     -166752.127671579510      188157.266306450270      157727.160414583544
      1996741.222129884409     -183912.297704774363      178601.358240404457      149553.490415574721
      1975056.955349882133     -200534.270231634728      169122.062802303408      141484.078478696494
      1954056.479194963118     -216595.321337326925      159708.044065135531      133507.346930716129
      1933760.939655686030     -232071.321375756466      150347.492395509587      125611.548659340740
      1914193.220843210118     -246936.272106847406      141028.006143069535      117784.656756355544
      1895378.517294113757     -261161.785757013073      131736.444194025127      110014.232690958423
      1877344.979051692178     -274716.480393970734      122458.741878159097      102287.267010507974
      1860124.464795601321     -287565.258573193976      113179.679649620986       94589.984121688729
      1843753.448969127843     -299668.425056070322      103882.589578341896       86907.599233330664
      1828274.145266637439     -310980.582615564810       94548.978260797681       79224.010461246638
      1813735.934125829022     -321449.219381750037       85158.035085710027       71521.401453281549
      1800197.221335953102     -331012.861487197573       75685.979839986961       63779.718079463266
      1787727.917879508808     -339598.601595130458       66105.179855085647       55975.963931543825
      1776412.834595271386     -347118.710286331596       56382.927816589036       48083.228476673161
      1766356.461153277894     -353465.861266197229       46479.704768078460       40069.309036095212
      1757689.910470566247     -358506.189632893831       36346.634464533112       31894.694096038726
      1750581.389560275944     -362068.822511712380       25921.614089772400       23509.500432432666
      1745252.702481786022     -363929.376631129649       15123.167946273335       14848.609453680516
      1742006.720385374269     -363782.488044122641        3840.136144130092        5823.508079769325
      1741276.400574063649     -361192.792234092194       -8086.872120481235       -3692.389231487175
      1743720.713189209579     -355498.996130729152      -20902.069186796358      -13892.707060266121
      1750438.313183842460     -345600.204477620369      -35016.679642322852      -25103.199639199618
      1763547.991904428229     -329375.466320317413      -51234.191437558700      -37960.218959913080
      1788450.799542017514     -301421.650424020365      -71636.720780330099      -54113.360595997619
      1880819.611704772105     -206063.876426900970     -118316.632878162403      -91089.109218237281
      1880819.611704772105     -206063.876426900970     -118316.632878162331      -91089.109218237281
      2010895.272059086477      -78977.177906107507     -162744.800847662322     -126522.129333197139
      2073531.875302458648      -19391.582921121135     -180849.018463846587     -141096.952594826493
      2124401.628160197753       28363.110500011757     -194720.114349247247     -152338.782315672783
      2168904.759404778946       69685.050086259784     -206438.596944412915     -161895.868831878644
      2209159.065609892365      106689.872803163991     -216806.270864247170     -170403.150895686878
      2246262.009852085263      140472.801424174599     -226232.597064752219     -178184.897046172671
      2280871.146162793040      171689.067051448394     -234959.938856455876     -185433.168902441277
      2313417.760460694786      200767.548390330456     -243145.747107228963     -192272.906568535749
      2344202.761664140038      228006.661562339286     -250899.144905823487     -198790.889564379118
      2373445.659916667268      253623.337498837413     -258299.467834471492     -205050.408675749728
      2401311.989671299700      277780.444791234098     -265406.568292167387     -211099.418423789029
      2427929.758534667548      300603.239061568398     -272266.954225367866     -216975.393488768314
      2453399.855658978689      322189.772837389377     -278917.650180908677     -222708.383708789886
      2477802.923909381498      342617.770403269213     -285388.734008093772     -228323.022180817759
      2501204.055087600369      361949.327206899819     -291705.064124024473     -233839.893905320205
      2523656.087285521906      380234.213261738769     -297887.491108294576     -239276.497380846704
      2545201.971395822708      397512.248028369329     -303953.729009554547     -244647.937879909179
      2565876.497395883780      413815.037951518141     -309918.995146193367     -249967.438451117690
      2585707.566920039244      429167.263870145427     -315796.488098101399     -255246.723778442130
      2604717.134860713035      443587.641911821323     -321597.749792045448     -260496.313211256958
      2622921.902293568477      457089.641263263300     -327332.942625329422     -265725.747446234280
      2640333.816530466545      469682.015999296622     -333011.062891461421     -270943.765678015188
      2656960.416149286553      481369.190568939492     -338640.105338204303     -276158.444929046615
      2672805.046221192461      492151.526387659716     -344227.189301692822     -281377.309767676285
      2687866.959651007783      502025.488313250069     -349778.653792863362     -286607.418144965195
      2702141.313279574271      510983.723351112276     -355300.126708151132     -291855.427256284456
      2715619.061276162509      519015.058931307634     -360796.571702110115     -297127.641920272552
      2728286.742713778745      526104.423965829890     -366272.315000620612     -302430.046795032336
      2740126.154505536892      532232.692218463169     -371731.053412143083     -307768.322689573572
      2751113.894541934598      537376.443967980566     -377175.843905581161     -313147.846165570663
      2761220.752288522199      541507.638208315941     -382609.074270228914     -318573.670447573473
      2770410.914494145196      544593.183371378691     -388032.413446707011     -324050.484237549768
      2778640.940955730621      546594.389358057757     -393446.738962123054     -329582.543189237418
      2785858.447910238057      547466.276929756161     -398852.037261862191     -335173.566293265903
      2792000.412212045398      547156.711334160180     -404247.270150059136     -340826.585887245834
      2796990.974263836630      545605.313922294066     -409630.196189949696     -346543.734865905892
      2800738.565624764655      542742.085870104493     -414997.128194805409     -352325.947020945197
      2803132.108060346916      538485.647218781640     -420342.593859999615     -358172.534828642791
      2804035.906512985006      532740.943186198245     -425658.840444403759     -364080.591029969510
      2803282.656170224771      525396.179492016206     -430935.075389770500     -370044.132024804654
      2800663.640822164714      516318.579048984218     -436156.242627619533     -376052.855701017950
      2795914.591758653056      505348.211603767879     -441300.962082130951     -382090.312294104137
      2788694.548291163985      492288.414395562257     -446337.942559823219     -388131.163859208405
      2778552.876624281053      476889.651306262822     -451219.605589170591     -394136.997826867795
      2764875.257983806543      458819.742571346054     -455870.624532367452     -400049.782412750938
      2746791.063641500659      437604.524776673294     -460166.987431931368     -405781.308684729389
      2723013.262958094012      412506.829674321169     -463895.574742139899     -411195.475000252947
      2691627.149213881232      382309.923727942340     -466673.840414000908     -416080.632915367256
      2650567.951421143487      345071.541518664220     -467978.069056346314     -420134.799522183952
      2545474.480762273539      287487.113889301312     -452713.395858304517     -412092.161038365506
