      0.2987826562500     0.5678287500000    -0.4343106574661     0.0000000000000
      0.3051872106356     0.5789651535855    -0.4306872395935    -0.0065316078713
      0.3112117162070     0.5895274967738    -0.4271710750165    -0.0127559694251
      0.3168876651199     0.5995667206423    -0.4237469167637    -0.0186981809835
      0.3206842854610     0.6037520984284    -0.4179994757354    -0.0243667427110
      0.3239288121291     0.6066120926444    -0.4119284000040    -0.0297857389062
      0.3269985096733     0.6094052922769    -0.4060712364630    -0.0349761235866
      0.3296681282534     0.6109002660397    -0.3998046008269    -0.0399411936771
      0.3320596580255     0.6116744549527    -0.3933927870764    -0.0446973248472
      0.3343303775684     0.6124946998736    -0.3871921886532    -0.0492655934021
      0.3364254768130     0.6128558588817    -0.3809469560009    -0.0536489677164
      0.3383317659114     0.6125892600723    -0.3745647564979    -0.0578525436180
      0.3401472472229     0.6124174802695    -0.3683755793611    -0.0618996391992
      0.3418644569941     0.6121778121312    -0.3622948709959    -0.0657956887501
      0.3434437583558     0.6113342642841    -0.3560753324116    -0.0695329598097
      0.3449517406415     0.6106073459085    -0.3500278307386    -0.0731382611810
      0.3463927524044     0.6099903658540    -0.3441400942616    -0.0766192334431
      0.3477431116457     0.6088710777676    -0.3381520498416    -0.0799606279629
      0.3490328268216     0.6078187283670    -0.3322921042535    -0.0831874451331
      0.3502678936444     0.6068845857091    -0.3265741068793    -0.0863077733273
      0.3514445526032     0.6057312503222    -0.3208684543851    -0.0893132625845
      0.3525683560239     0.6044824849021    -0.3152155627738    -0.0922128421321
      0.3536465229619     0.6033538136473    -0.3096882193549    -0.0950203219255
      0.3546807965460     0.6022280251846    -0.3042421176726    -0.0977351862509
      0.3556719764278     0.6008629033853    -0.2987935978628    -0.1003498483057
      0.3566244154705     0.5996161925690    -0.2934562149753    -0.1028841604038
      0.3575400652703     0.5984815431569    -0.2882233023704    -0.1053417998605
      0.3584218693622     0.5971303072467    -0.2829946396425    -0.1077095718369
      0.3592706345872     0.5958127609594    -0.2778407098762    -0.1100026111149
      0.3600876704676     0.5946039822627    -0.2727796912047    -0.1122279784037
      0.3608764003931     0.5933971311852    -0.2677805657047    -0.1143831549094
      0.3616409818660     0.5920418335006    -0.2628025510713    -0.1164624205636
      0.3623777879259     0.5907909143422    -0.2579072233562    -0.1184815290182
      0.3630880577465     0.5896389895823    -0.2530900769570    -0.1204428273446
      0.3637771817355     0.5883693921818    -0.2482999851877    -0.1223368500623
      0.3644439536524     0.5870918650228    -0.2435595828256    -0.1241712486095
      0.3650872610980     0.5859089397539    -0.2388890987352    -0.1259537685883
      0.3657080828533     0.5848158043763    -0.2342848924834    -0.1276862552926
      0.3663131827991     0.5835489503551    -0.2296924491687    -0.1293559977080
      0.3668978494400     0.5823508317976    -0.2251584718003    -0.1309777472120
      0.3674624341526     0.5812381095253    -0.2206840377184    -0.1325542172395
      0.3680079508872     0.5801980317615    -0.2162647261940    -0.1340864054576
      0.3685414468249     0.5789949972549    -0.2118586802817    -0.1355625593131
      0.3690568555015     0.5778729362414    -0.2075061684533    -0.1369975036703
      0.3695548478776     0.5768278137828    -0.2032045990906    -0.1383924862091
      0.3700360591446     0.5758557759738    -0.1989515169510    -0.1397486840616
      0.3705063873784     0.5747404637983    -0.1947134962671    -0.1410548547184
      0.3709611808952     0.5736875922140    -0.1905198652308    -0.1423237868625
      0.3714007256726     0.5727040237498    -0.1863700233156    -0.1435570866912
      0.3718255406648     0.5717863032478    -0.1822619236842    -0.1447557072139
      0.3722397428038     0.5708046271254    -0.1781780715321    -0.1459134528980
      0.3726420870741     0.5698153050229    -0.1741245860570    -0.1470342501100
      0.3730309197725     0.5688884656909    -0.1701088262859    -0.1481229733420
      0.3734066687019     0.5680210104817    -0.1661290702085    -0.1491803990712
      0.3737697887992     0.5672080883270    -0.1621834726559    -0.1502071576325
      0.3741250142806     0.5662775303130    -0.1582524516648    -0.1511943616313
      0.3744681656446     0.5654033984999    -0.1543540333186    -0.1521524374663
      0.3747995969631     0.5645829178422    -0.1504867534165    -0.1530820212318
      0.3751196450963     0.5638134272730    -0.1466492129461    -0.1539837160739
      0.3754286305872     0.5630923744881    -0.1428400744639    -0.1548580939855
      0.3757309160335     0.5622712999891    -0.1390453976943    -0.1556976224881
      0.3760227297487     0.5614938052104    -0.1352771836855    -0.1565107179503
      0.3763042090944     0.5607626509681    -0.1315346832152    -0.1572981577386
      0.3765756208748     0.5600755568816    -0.1278167413656    -0.1580604127032
      0.3768372190646     0.5594303363896    -0.1241222503677    -0.1587979296181
      0.3770903660831     0.5587845148566    -0.1204472237228    -0.1595089336965
      0.3773364625311     0.5580937951252    -0.1167878916408    -0.1601914461469
      0.3775733079566     0.5574433764365    -0.1131497259112    -0.1608505611800
      0.3778011136362     0.5568313211852    -0.1095317561328    -0.1614866465924
      0.3780200805452     0.5562557742902    -0.1059330481077    -0.1621000512174
      0.3782303998008     0.5557149603638    -0.1023527018880    -0.1626911058086
      0.3784322530779     0.5552071810708    -0.0987898499222    -0.1632601238692
      0.3786277255574     0.5546597238091    -0.0952399700018    -0.1638035599458
      0.3788157406159     0.5541170636374    -0.0917049349211    -0.1643241220407
      0.3789956707048     0.5536068232871    -0.0881855053640    -0.1648236466827
      0.3791676654484     0.5531275230964    -0.0846809046293    -0.1653023898972
      0.3793318666400     0.5526777533686    -0.0811903806949    -0.1657605937018
      0.3794884085277     0.5522561724838    -0.0777132048187    -0.1661984866729
      0.3796374180814     0.5518615051397    -0.0742486702022    -0.1666162844765
      0.3797790152426     0.5514925407135    -0.0707960907107    -0.1670141903642
      0.3799117882826     0.5511331321238    -0.0673542524248    -0.1673915988347
      0.3800320845127     0.5507451831596    -0.0639213027941    -0.1677467036349
      0.3801456682067     0.5503833690013    -0.0604987230643    -0.1680826232667
      0.3802526283411     0.5500466815644    -0.0570858780315    -0.1683995183309
      0.3803530482067     0.5497341736168    -0.0536821476362    -0.1686975388891
      0.3804470055630     0.5494449576414    -0.0502869259375    -0.1689768247914
      0.3805345727819     0.5491782047878    -0.0468996201213    -0.1692375059801
      0.3806158169800     0.5489331439066    -0.0435196495394    -0.1694797027704
      0.3806908001404     0.5487090606624    -0.0401464447777    -0.1697035261086
      0.3807595792248     0.5485052967234    -0.0367794467504    -0.1699090778101
      0.3808222062757     0.5483212490228    -0.0334181058176    -0.1700964507755
      0.3808787285089     0.5481563690898    -0.0300618809259    -0.1702657291875
      0.3809291883974     0.5480101624472    -0.0267102387672    -0.1704169886895
      0.3809736237466     0.5478821880736    -0.0233626529558    -0.1705502965437
      0.3810120677606     0.5477720579274    -0.0200186032210    -0.1706657117730
      0.3810445491002     0.5476794365315    -0.0166775746131    -0.1707632852845
      0.3810710919334     0.5476040406163    -0.0133390567221    -0.1708430599753
      0.3810917159768     0.5475456388201    -0.0100025429053    -0.1709050708222
      0.3811064365305     0.5475040514458    -0.0066675295243    -0.1709493449544
      0.3811152645041     0.5474791502723    -0.0033335151877    -0.1709759017097
      0.3811182064359     0.5474708584203    -0.0000000000000    -0.1709847526750
