         2.7721490378E-03       2.8995631287E-07      -5.0221906585E-07       8.6602339491E-01
         3.1818967468E-03       3.8235173155E-07      -6.6225262539E-07       8.6602275477E-01
         3.6520462012E-03       5.0421165562E-07      -8.7332020532E-07       8.6602191050E-01
         4.1914496683E-03       6.6494371962E-07      -1.1517163066E-06       8.6602079692E-01
         4.8102403291E-03       8.7696521792E-07      -1.5189483139E-06       8.6601932799E-01
         5.5200123806E-03       1.1566689892E-06      -2.0034094569E-06       8.6601739015E-01
         6.3340247737E-03       1.5257008432E-06      -2.6425913775E-06       8.6601483342E-01
         7.2674311379E-03       2.0126498191E-06      -3.4860117445E-06       8.6601145974E-01
         8.3375385226E-03       2.6552859066E-06      -4.5990900988E-06       8.6600700742E-01
         9.5640975943E-03       3.5035243867E-06      -6.0682822433E-06       8.6600113066E-01
         1.0969626815E-02       4.6233555224E-06      -8.0078866663E-06       8.6599337224E-01
         1.2579772859E-02       6.1020581836E-06      -1.0569074805E-05       8.6598312749E-01
         1.4423709005E-02       8.0551232877E-06      -1.3951882795E-05       8.6596959625E-01
         1.6534572432E-02       1.0635457463E-05      -1.8421152688E-05       8.6595171917E-01
         1.8949940069E-02       1.4045632567E-05      -2.4327749230E-05       8.6592809279E-01
         2.1712340816E-02       1.8554211229E-05      -3.2136836543E-05       8.6589685644E-01
         2.4869799340E-02       2.4517538316E-05      -4.2465622041E-05       8.6585554130E-01
         2.8476403073E-02       3.2408879221E-05      -5.6133825426E-05       8.6580086848E-01
         3.2592879140E-02       4.2857458937E-05      -7.4231296362E-05       8.6572847860E-01
         3.7287161490E-02       5.6700882746E-05      -9.8208809750E-05       8.6563256855E-01
         4.2634920050E-02       7.5055701947E-05      -1.3000028917E-04       8.6550540263E-01
         4.8720012878E-02       9.9412672601E-05      -1.7218779986E-04       8.6533665258E-01
         5.5634808645E-02       1.3176575210E-04      -2.2822497734E-04       8.6511250388E-01
         6.3480310122E-02       1.7478739274E-04      -3.0274064474E-04       8.6481444121E-01
         7.2365989439E-02       2.3206766869E-04      -4.0195299297E-04       8.6441759181E-01
         8.2409223371E-02       3.0844186651E-04      -5.3423698398E-04       8.6388845585E-01
         9.3734192989E-02       4.1044134231E-04      -7.1090525840E-04       8.6318178275E-01
         1.0647008973E-01       5.4691712710E-04      -9.4728825167E-04       8.6223625078E-01
         1.2074845507E-01       7.2990705447E-04      -1.2642361031E-03       8.6096845937E-01
         1.3669948382E-01       9.7584820867E-04      -1.6902186779E-03       8.5926452907E-01
         1.5444715936E-01       1.3072818118E-03      -2.2642785178E-03       8.5696828971E-01
         1.7410319289E-01       1.7552638484E-03      -3.0402061662E-03       8.5386457912E-01
         1.9575995671E-01       2.3627908676E-03      -4.0924738303E-03       8.4965550846E-01
         2.1948301264E-01       3.1896881958E-03      -5.5247020154E-03       8.4392659572E-01
         2.4530456780E-01       4.3195997629E-03      -7.4817662577E-03       8.3609833875E-01
         2.7322044004E-01       5.8699710241E-03      -1.0167088053E-02       8.2535705157E-01
         3.0319519928E-01       8.0062071628E-03      -1.3867157582E-02       8.1055677346E-01
         3.3518355927E-01       1.0961410332E-02      -1.8985719618E-02       7.9008252531E-01
         3.6918158956E-01       1.5062917884E-02      -2.6089739084E-02       7.6166644745E-01
         4.0533008141E-01       2.0765400321E-02      -3.5966728396E-02       7.2215849020E-01
         4.4410625684E-01       2.8685488631E-02      -4.9684723748E-02       6.6728650879E-01
         4.8666176287E-01       3.9620679451E-02      -6.8625029840E-02       5.9152528443E-01
         5.3539885155E-01       5.4509438530E-02      -9.4413117026E-02       4.8837293568E-01
         5.9492941073E-01       7.4247819660E-02      -1.2860099600E-01       3.5162141977E-01
         6.7364318013E-01       9.9247420156E-02      -1.7190157423E-01       1.7841910686E-01
         7.8623748353E-01       1.2870499413E-01      -2.2292358902E-01      -2.5668952303E-02
         9.5775466424E-01       1.5991708628E-01      -2.7698451843E-01      -2.4191266993E-01
         1.2107782435E+00       1.8750000000E-01      -3.2475952642E-01      -4.3301270189E-01
         1.0545437656E+00       1.8750000000E-01      -3.2475952642E-01      -4.3301270189E-01
         9.1846922386E-01       1.8750000000E-01      -3.2475952642E-01      -4.3301270189E-01
         7.9995325248E-01       1.8750000000E-01      -3.2475952642E-01      -4.3301270189E-01
         6.9673015658E-01       1.8750000000E-01      -3.2475952642E-01      -4.3301270189E-01
         6.0682659840E-01       1.8750000000E-01      -3.2475952642E-01      -4.3301270189E-01
         5.2852387263E-01       1.8750000000E-01      -3.2475952642E-01      -4.3301270189E-01
         4.6032504948E-01       1.8750000000E-01      -3.2475952642E-01      -4.3301270189E-01
         4.0092635764E-01       1.8750000000E-01      -3.2475952642E-01      -4.3301270189E-01
         3.4919225976E-01       1.8750000000E-01      -3.2475952642E-01      -4.3301270189E-01
         3.0413374414E-01       1.8750000000E-01      -3.2475952642E-01      -4.3301270189E-01
         2.6488941763E-01       1.8750000000E-01      -3.2475952642E-01      -4.3301270189E-01
         2.3070903812E-01       1.8750000000E-01      -3.2475952642E-01      -4.3301270189E-01
         2.0093917207E-01       1.8750000000E-01      -3.2475952642E-01      -4.3301270189E-01
         1.7501070267E-01       1.8750000000E-01      -3.2475952642E-01      -4.3301270189E-01
         1.5242794988E-01       1.8750000000E-01      -3.2475952642E-01      -4.3301270189E-01
         1.3275919444E-01       1.8750000000E-01      -3.2475952642E-01      -4.3301270189E-01
         1.1562842459E-01       1.8750000000E-01      -3.2475952642E-01      -4.3301270189E-01
         1.0070814778E-01       1.8750000000E-01      -3.2475952642E-01      -4.3301270189E-01
         8.7713129928E-02       1.8750000000E-01      -3.2475952642E-01      -4.3301270189E-01
         7.6394942528E-02       1.8750000000E-01      -3.2475952642E-01      -4.3301270189E-01
         6.6537213399E-02       1.8750000000E-01      -3.2475952642E-01      -4.3301270189E-01
         5.7951490247E-02       1.8750000000E-01      -3.2475952642E-01      -4.3301270189E-01
         5.0473637989E-02       1.8750000000E-01      -3.2475952642E-01      -4.3301270189E-01
         4.3960700941E-02       1.8750000000E-01      -3.2475952642E-01      -4.3301270189E-01
         3.8288169909E-02       1.8750000000E-01      -3.2475952642E-01      -4.3301270189E-01
         3.3347601917E-02       1.8750000000E-01      -3.2475952642E-01      -4.3301270189E-01
         2.9044547082E-02       1.8750000000E-01      -3.2475952642E-01      -4.3301270189E-01
         2.5296742995E-02       1.8750000000E-01      -3.2475952642E-01      -4.3301270189E-01
         2.2032542093E-02       1.8750000000E-01      -3.2475952642E-01      -4.3301270189E-01
         1.9189541957E-02       1.8750000000E-01      -3.2475952642E-01      -4.3301270189E-01
         1.6713392353E-02       1.8750000000E-01      -3.2475952642E-01      -4.3301270189E-01
         1.4556756204E-02       1.8750000000E-01      -3.2475952642E-01      -4.3301270189E-01
         1.2678404641E-02       1.8750000000E-01      -3.2475952642E-01      -4.3301270189E-01
         1.1042428821E-02       1.8750000000E-01      -3.2475952642E-01      -4.3301270189E-01
         9.6175534481E-03       1.8750000000E-01      -3.2475952642E-01      -4.3301270189E-01
         8.3765388778E-03       1.8750000000E-01      -3.2475952642E-01      -4.3301270189E-01
         7.2956603724E-03       1.8750000000E-01      -3.2475952642E-01      -4.3301270189E-01
         6.3542545490E-03       1.8750000000E-01      -3.2475952642E-01      -4.3301270189E-01
         5.5343243535E-03       1.8750000000E-01      -3.2475952642E-01      -4.3301270189E-01
         4.8201950069E-03       1.8750000000E-01      -3.2475952642E-01      -4.3301270189E-01
         4.1982143475E-03       1.8750000000E-01      -3.2475952642E-01      -4.3301270189E-01
         3.6564918395E-03       1.8750000000E-01      -3.2475952642E-01      -4.3301270189E-01
         3.1846712592E-03       1.8750000000E-01      -3.2475952642E-01      -4.3301270189E-01
         2.7737327127E-03       1.8750000000E-01      -3.2475952642E-01      -4.3301270189E-01
         2.4158202011E-03       1.8750000000E-01      -3.2475952642E-01      -4.3301270189E-01
         2.1040914350E-03       1.8750000000E-01      -3.2475952642E-01      -4.3301270189E-01
         1.8325870298E-03       1.8750000000E-01      -3.2475952642E-01      -4.3301270189E-01
         1.5961165784E-03       1.8750000000E-01      -3.2475952642E-01      -4.3301270189E-01
         1.3901594251E-03       1.8750000000E-01      -3.2475952642E-01      -4.3301270189E-01
         1.2107782435E-03       1.8750000000E-01      -3.2475952642E-01      -4.3301270189E-01
         1.0545437656E-03       1.8750000000E-01      -3.2475952642E-01      -4.3301270189E-01
         9.1846922386E-04       1.8750000000E-01      -3.2475952642E-01      -4.3301270189E-01
         7.9995325248E-04       1.8750000000E-01      -3.2475952642E-01      -4.3301270189E-01
