  6.650034295735531E-025
  6.650034218140711E-025
  6.650034139827917E-025
  6.650034060790507E-025
  6.650033981021767E-025
  6.650033900514938E-025
  6.650033819263188E-025
  6.650033737259626E-025
  6.650033654497297E-025
  6.650033570969174E-025
  6.650033486668175E-025
  6.650033401587152E-025
  6.650033315718880E-025
  6.650033229056080E-025
  6.650033141591399E-025
  6.650033053317419E-025
  6.650032964226649E-025
  6.650032874311531E-025
  6.650032783564437E-025
  6.650032691977674E-025
  6.650032599543467E-025
  6.650032506253977E-025
  6.650032412101296E-025
  6.650032317077422E-025
  6.650032221174309E-025
  6.650032124383810E-025
  6.650032026697723E-025
  6.650031928107758E-025
  6.650031828605550E-025
  6.650031728182665E-025
  6.650031626830570E-025
  6.650031524540678E-025
  6.650031421304315E-025
  6.650031317112709E-025
  6.650031211957035E-025
  6.650031105828368E-025
  6.650030998717706E-025
  6.650030890615956E-025
  6.650030781513955E-025
  6.650030671402443E-025
  6.650030560272083E-025
  6.650030448113449E-025
  6.650030334917025E-025
  6.650030220673207E-025
  6.650030105372294E-025
  6.650029989004529E-025
  6.650029871560021E-025
  6.650029753028810E-025
  6.650029633400847E-025
  6.650029512665972E-025
  6.650029390813961E-025
  6.650029267834459E-025
  6.650029143717045E-025
  6.650029018451194E-025
  6.650028892026261E-025
  6.650028764431538E-025
  6.650028635656196E-025
  6.650028505689309E-025
  6.650028374519850E-025
  6.650028242136702E-025
  6.650028108528623E-025
  6.650027973684287E-025
  6.650027837592254E-025
  6.650027700240972E-025
  6.650027561618789E-025
  6.650027421713962E-025
  6.650027280514603E-025
  6.650027138008743E-025
  6.650026994184297E-025
  6.650026849029059E-025
  6.650026702530711E-025
  6.650026554676834E-025
  6.650026405454885E-025
  6.650026254852199E-025
  6.650026102856005E-025
  6.650025949453412E-025
  6.650025794631394E-025
  6.650025638376825E-025
  6.650025480676455E-025
  6.650025321516899E-025
  6.650025160884662E-025
  6.650024998766107E-025
  6.650024835147492E-025
  6.650024670014934E-025
  6.650024503354420E-025
  6.650024335151813E-025
  6.650024165392850E-025
  6.650023994063126E-025
  6.650023821148104E-025
  6.650023646633124E-025
  6.650023470503377E-025
  6.650023292743925E-025
  6.650023113339678E-025
  6.650022932275422E-025
  6.650022749535803E-025
  6.650022565105315E-025
  6.650022378968311E-025
  6.650022191109010E-025
  6.650022001511455E-025
  6.650021810159587E-025
  6.650021617037157E-025
  6.650021422127788E-025
  6.650021225414945E-025
  6.650021026881938E-025
  6.650020826511935E-025
  6.650020624287922E-025
  6.650020420192759E-025
  6.650020214209124E-025
  6.650020006319546E-025
  6.650019796506393E-025
  6.650019584751859E-025
  6.650019371037990E-025
  6.650019155346645E-025
  6.650018937659535E-025
  6.650018717958186E-025
  6.650018496223971E-025
  6.650018272438074E-025
  6.650018046581509E-025
  6.650017818635120E-025
  6.650017588579573E-025
  6.650017356395345E-025
  6.650017122062742E-025
  6.650016885561885E-025
  6.650016646872715E-025
  6.650016405974984E-025
  6.650016162848243E-025
  6.650015917471887E-025
  6.650015669825092E-025
  6.650015419886846E-025
  6.650015167635956E-025
  6.650014913051008E-025
  6.650014656110418E-025
  6.650014396792386E-025
  6.650014135074919E-025
  6.650013870935806E-025
  6.650013604352644E-025
  6.650013335302815E-025
  6.650013063763501E-025
  6.650012789711666E-025
  6.650012513124064E-025
  6.650012233977222E-025
  6.650011952247468E-025
  6.650011667910897E-025
  6.650011380943396E-025
  6.650011091320619E-025
  6.650010799017995E-025
  6.650010504010729E-025
  6.650010206273793E-025
  6.650009905781924E-025
  6.650009602509651E-025
  6.650009296431221E-025
  6.650008987520695E-025
  6.650008675751848E-025
  6.650008361098244E-025
  6.650008043533176E-025
  6.650007723029720E-025
  6.650007399560687E-025
  6.650007073098628E-025
  6.650006743615852E-025
  6.650006411084412E-025
  6.650006075476092E-025
  6.650005736762429E-025
  6.650005394914685E-025
  6.650005049903865E-025
  6.650004701700699E-025
  6.650004350275652E-025
  6.650003995598907E-025
  6.650003637640378E-025
  6.650003276369694E-025
  6.650002911756220E-025
  6.650002543769013E-025
  6.650002172376874E-025
  6.650001797548272E-025
  6.650001419251436E-025
  6.650001037454254E-025
  6.650000652124349E-025
  6.650000263229033E-025
  6.649999870735309E-025
  6.649999474609885E-025
  6.649999074819154E-025
  6.649998671329210E-025
  6.649998264105825E-025
  6.649997853114441E-025
  6.649997438320203E-025
  6.649997019687922E-025
  6.649996597182080E-025
  6.649996170766846E-025
  6.649995740406034E-025
  6.649995306063143E-025
  6.649994867701330E-025
  6.649994425283404E-025
  6.649993978771836E-025
  6.649993528128745E-025
  6.649993073315909E-025
  6.649992614294739E-025
  6.649992151026299E-025
  6.649991683471286E-025
  6.649991211590043E-025
  6.649990735342536E-025
  6.649990254688367E-025
  6.649989769586756E-025
  6.649989279996557E-025
  6.649988785876231E-025
  6.649988287183873E-025
  6.649987783877171E-025
  6.649987275913422E-025
  6.649986763249551E-025
  6.649986245842057E-025
  6.649985723647050E-025
  6.649985196620218E-025
  6.649984664716902E-025
  6.649984127891911E-025
  6.649983586099758E-025
  6.649983039294477E-025
  6.649982487429660E-025
  6.649981930458473E-025
  6.649981368333771E-025
  6.649980801007558E-025
  6.649980228432271E-025
  6.649979650558908E-025
  6.649979067338492E-025
  6.649978478721289E-025
  6.649977884658251E-025
  6.649977285098278E-025
  6.649976679990013E-025
  6.649976069283742E-025
  6.649975452926508E-025
  6.649974830864602E-025
  6.649974203048852E-025
  6.649973569423622E-025
  6.649972929934519E-025
  6.649972284529042E-025
  6.649971633153366E-025
  6.649970975745744E-025
  6.649970312259545E-025
  6.649969642631076E-025
  6.649968966809631E-025
  6.649968284734433E-025
  6.649967596340180E-025
  6.649966901586252E-025
  6.649966200403460E-025
  6.649965492720832E-025
  6.649964778519043E-025
  6.649964057676873E-025
  6.649963330180796E-025
  6.649962595932345E-025
  6.649961854923990E-025
  6.649961107039579E-025
  6.649960352279016E-025
  6.649959590448763E-025
  6.649958821629127E-025
  6.649958045669085E-025
  6.649957262558259E-025
  6.649956472121887E-025
  6.649955674488807E-025
  6.649954869412181E-025
  6.649954056879318E-025
  6.649953236858152E-025
  6.649952409162314E-025
  6.649951573894264E-025
  6.649950730914309E-025
  6.649949880214305E-025
  6.649949021580139E-025
  6.649948154940003E-025
  6.649947280169805E-025
  6.649946397631171E-025
  6.649945506152640E-025
  6.649944607470099E-025
  6.649943699762121E-025
  6.649942784007571E-025
  6.649941859857433E-025
  6.649940926674645E-025
  6.649939984923987E-025
  6.649939034959848E-025
  6.649938076095833E-025
  6.649937108067154E-025
  6.649936131834180E-025
  6.649935145883510E-025
  6.649934150920321E-025
  6.649933147222041E-025
  6.649932134256961E-025
  6.649931107370311E-025
  6.649930077234143E-025
  6.649929037275853E-025
  6.649927983962865E-025
  6.649926920523463E-025
  6.649925855507421E-025
  6.649924771105725E-025
  6.649923682432216E-025
  6.649922575255556E-025
  6.649921461186008E-025
  6.649920343898540E-025
  6.649919211363373E-025
  6.649918072014839E-025
  6.649916916514469E-025
  6.649915754845129E-025
  6.649914571088264E-025
  6.649913411147570E-025
  6.649912208471681E-025
  6.649910983287483E-025
  6.649909761056628E-025
  6.649908542619456E-025
  6.649907312502327E-025
  6.649906037758160E-025
  6.649904780053154E-025
  6.649903506490440E-025
  6.649902180172996E-025
  6.649900953258820E-025
  6.649899655267912E-025
  6.649898281380268E-025
  6.649896972322007E-025
  6.649895610580024E-025
  6.649894262516848E-025
  6.649892883030898E-025
  6.649891549089481E-025
  6.649890008486772E-025
  6.649888690902767E-025
  6.649887232662940E-025
  6.649885818243961E-025
  6.649884311202678E-025
  6.649882813970349E-025
  6.649881321448441E-025
  6.649879953429136E-025
  6.649878329522423E-025
  6.649876875342326E-025
  6.649875357843113E-025
  6.649873927516194E-025
  6.649872333531148E-025
  6.649870635571514E-025
  6.649869041767974E-025
  6.649867233514474E-025
  6.649865727619967E-025
  6.649864140880310E-025
  6.649862572149758E-025
  6.649860837112423E-025
  6.649859150319729E-025
  6.649857249399786E-025
  6.649856012363823E-025
  6.649854136384940E-025
  6.649852239222327E-025
  6.649850320301987E-025
  6.649848722151868E-025
  6.649846944127887E-025
  6.649845111862240E-025
  6.649843341581192E-025
  6.649841172448748E-025
  6.649839251583188E-025
  6.649837842721132E-025
  6.649835680010928E-025
  6.649833699880609E-025
  6.649831819728685E-025
  6.649830145705763E-025
  6.649828276454412E-025
  6.649826115526062E-025
  6.649824841783149E-025
  6.649821785733894E-025
  6.649820433006187E-025
  6.649817013161485E-025
  6.649816565318921E-025
  6.649814477060676E-025
  6.649812465462279E-025
  6.649810046034589E-025
  6.649807383773931E-025
  6.649805266300460E-025
  6.649803805423319E-025
  6.649799933828860E-025
  6.649799313211590E-025
  6.649796348812677E-025
  6.649794264116703E-025
  6.649790831902404E-025
  6.649789973351734E-025
  6.649787714024889E-025
  6.649784787905935E-025
  6.649783045645565E-025
  6.649778917020304E-025
  6.649776662790758E-025
  6.649775522790771E-025
  6.649773663596192E-025
  6.649770498731054E-025
  6.649767127410973E-025
  6.649763640607467E-025
  6.649759668460387E-025
  6.649758967559620E-025
  6.649756906607385E-025
  6.649754883831312E-025
  6.649747730458171E-025
  6.649751587460455E-025
  6.649747008336320E-025
  6.649745082498812E-025
  6.649739523221954E-025
  6.649737087154253E-025
  6.649734288951723E-025
  6.649733677358078E-025
  6.649727132327292E-025
  6.649722611434958E-025
  6.649723950616854E-025
  6.649721028445331E-025
  6.649719328168056E-025
  6.649710149007456E-025
  6.649711888354125E-025
  6.649706633975545E-025
  6.649706307385727E-025
  6.649706971061042E-025
  6.649698554558213E-025
  6.649695895974351E-025
  6.649695658112067E-025
  6.649693912482034E-025
  6.649692065516255E-025
  6.649682160358618E-025
  6.649689981066511E-025
  6.649676984526587E-025
  6.649674393889930E-025
  6.649672186727838E-025
  6.649667201950303E-025
  6.649660949002658E-025
  6.649651060037327E-025
  6.649658949039002E-025
  6.649655041380939E-025
  6.649655684590924E-025
  6.649646032673676E-025
  6.649639874348874E-025
  6.649647512617499E-025
  6.649638011255338E-025
  6.649619602735517E-025
  6.649626931847082E-025
  6.649621241882716E-025
  6.649623638891875E-025
  6.649612802285483E-025
  6.649599777640975E-025
  6.649595368170012E-025
  6.649608403297066E-025
  6.649597465649302E-025
  6.649598550300215E-025
  6.649588443265129E-025
  6.649588730370751E-025
  6.649575754721552E-025
  6.649579321826168E-025
  6.649575441440654E-025
  6.649579695697221E-025
  6.649558273893015E-025
  6.649557982506095E-025
  6.649558006762156E-025
  6.649547952582600E-025
  6.649540888370287E-025
  6.649542265102641E-025
  6.649544699751585E-025
  6.649531745074735E-025
  6.649527140744368E-025
  6.649520114441311E-025
  6.649505403089329E-025
  6.649507553434391E-025
  6.649508022029557E-025
  6.649498812576146E-025
  6.649505516511472E-025
  6.649486508421246E-025
  6.649496795849349E-025
  6.649480710342132E-025
  6.649476396550902E-025
  6.649454661412531E-025
  6.649474424900226E-025
  6.649450799635164E-025
  6.649458240940682E-025
  6.649454616904338E-025
  6.649452975346484E-025
  6.649437187059108E-025
  6.649434327846410E-025
  6.649440221404278E-025
  6.649428746659421E-025
  6.649410040861451E-025
  6.649400258587225E-025
  6.649402293059485E-025
  6.649408660783024E-025
  6.649409543203300E-025
  6.649385387801150E-025
  6.649387005983995E-025
  6.649378151960553E-025
  6.649373169485348E-025
  6.649364615510864E-025
  6.649360720135197E-025
  6.649358252468094E-025
  6.649351309466382E-025
  6.649333971012030E-025
  6.649314073580202E-025
  6.649323978824352E-025
  6.649321894584514E-025
  6.649310183763597E-025
  6.649315553048704E-025
  6.649303068954485E-025
  6.649298642162176E-025
  6.649284146048345E-025
  6.649277261880767E-025
  6.649267176328004E-025
  6.649267914257689E-025
  6.649248968846635E-025
  6.649252764426179E-025
  6.649247881163520E-025
  6.649216270105905E-025
  6.649236765355604E-025
  6.649230926835519E-025
  6.649230589896684E-025
  6.649207707053186E-025
  6.649183262266364E-025
  6.649173756552472E-025
  6.649181766589346E-025
  6.649168281619696E-025
  6.649166487639398E-025
  6.649156995434218E-025
  6.649148885654614E-025
  6.649139575872358E-025
  6.649130659785043E-025
  6.649111410375623E-025
  6.649110185312019E-025
  6.649099998713705E-025
  6.649103884015560E-025
  6.649087144695884E-025
  6.649086685136716E-025
  6.649070490622116E-025
  6.649060462798026E-025
  6.649051831699798E-025
  6.649036250796028E-025
  6.649036462814688E-025
  6.649031659312591E-025
  6.649015695846384E-025
  6.649018035884835E-025
  6.649003858209517E-025
  6.648991166561931E-025
  6.648976935324886E-025
  6.648970029663919E-025
  6.648952811511986E-025
  6.648952596235813E-025
  6.648940240029370E-025
  6.648939624684313E-025
  6.648915096790675E-025
  6.648892364083118E-025
  6.648894582971551E-025
  6.648876881305853E-025
  6.648869298234492E-025
  6.648867526126870E-025
  6.648855050160104E-025
  6.648844781970608E-025
  6.648837101024039E-025
  6.648817415588299E-025
  6.648815935854082E-025
  6.648798052106553E-025
  6.648791325737023E-025
  6.648783871637594E-025
  6.648771435111506E-025
  6.648752005363168E-025
  6.648731169373170E-025
  6.648732184295741E-025
  6.648730161414306E-025
  6.648696553670187E-025
  6.648701878265421E-025
  6.648678214682025E-025
  6.648654968831990E-025
  6.648647313369716E-025
  6.648642849881396E-025
  6.648626812159500E-025
  6.648619088137705E-025
  6.648598445900876E-025
  6.648589123862921E-025
  6.648574686719419E-025
  6.648556940198456E-025
  6.648549344571299E-025
  6.648530473262308E-025
  6.648508205204045E-025
  6.648504120789890E-025
  6.648490198816620E-025
  6.648475689076827E-025
  6.648467992878585E-025
  6.648457191260763E-025
  6.648426614201734E-025
  6.648407850642565E-025
  6.648398432670106E-025
  6.648385063571972E-025
  6.648377904505450E-025
  6.648345548228566E-025
  6.648347408228623E-025
  6.648319357287605E-025
  6.648298856422571E-025
  6.648289566412964E-025
  6.648272250786382E-025
  6.648256483329384E-025
  6.648245465771844E-025
  6.648223429118868E-025
  6.648208821132290E-025
  6.648186889360054E-025
  6.648170478977138E-025
  6.648158922809034E-025
  6.648142432088884E-025
  6.648116839581564E-025
  6.648111041931109E-025
  6.648086085989738E-025
  6.648068269022486E-025
  6.648051152208458E-025
  6.648033836289675E-025
  6.648008756222232E-025
  6.648003812123663E-025
  6.647977864124990E-025
  6.647958546815814E-025
  6.647942529065132E-025
  6.647912104468102E-025
  6.647903652144611E-025
  6.647880400346019E-025
  6.647853450391914E-025
  6.647833049676565E-025
  6.647819082071164E-025
  6.647797329520271E-025
  6.647783978957197E-025
  6.647755388702293E-025
  6.647731547839386E-025
  6.647713057817602E-025
  6.647690006573612E-025
  6.647672290147457E-025
  6.647645059757197E-025
  6.647627387175792E-025
  6.647606662370332E-025
  6.647580049712451E-025
  6.647550650488395E-025
  6.647534459898873E-025
  6.647509786206287E-025
  6.647487089952354E-025
  6.647463691659712E-025
  6.647439746973780E-025
  6.647419116037543E-025
  6.647396334892370E-025
  6.647370092273714E-025
  6.647348262325556E-025
  6.647320080437117E-025
  6.647294337868303E-025
  6.647270213067849E-025
  6.647242690032378E-025
  6.647216514923334E-025
  6.647192235154182E-025
  6.647166129162324E-025
  6.647138720667609E-025
  6.647108198689379E-025
  6.647085344488373E-025
  6.647054901216817E-025
  6.647029536833884E-025
  6.647003291663870E-025
  6.646970368759143E-025
  6.646942612800971E-025
  6.646916117653531E-025
  6.646881174785528E-025
  6.646857374409732E-025
  6.646828925538760E-025
  6.646798057367518E-025
  6.646769188687046E-025
  6.646736014706180E-025
  6.646706228717041E-025
  6.646678655419651E-025
  6.646645947698936E-025
  6.646614115206352E-025
  6.646583896863231E-025
  6.646549319273755E-025
  6.646515071435395E-025
  6.646483898186289E-025
  6.646450994692737E-025
  6.646416140958789E-025
  6.646383981846183E-025
  6.646352794660509E-025
  6.646315920175542E-025
  6.646283704993434E-025
  6.646247961512592E-025
  6.646212261702661E-025
  6.646177896323236E-025
  6.646143471294696E-025
  6.646104315332084E-025
  6.646071086068134E-025
  6.646034180414147E-025
  6.645997162365793E-025
  6.645959316964798E-025
  6.645922895697184E-025
  6.645883587834425E-025
  6.645843005605681E-025
  6.645805175908492E-025
  6.645769037948985E-025
  6.645727268795361E-025
  6.645686888463695E-025
  6.645646040220037E-025
  6.645605283583544E-025
  6.645566734796539E-025
  6.645524777952905E-025
  6.645481317796885E-025
  6.645441632431701E-025
  6.645397822514304E-025
  6.645352885086276E-025
  6.645309882156312E-025
  6.645267006490642E-025
  6.645221279864474E-025
  6.645178725893064E-025
  6.645133024795060E-025
  6.645088550616983E-025
  6.645042797288709E-025
  6.644996358383337E-025
  6.644949375651987E-025
  6.644903171294304E-025
  6.644854646000403E-025
  6.644807388835402E-025
  6.644759037952934E-025
  6.644710714998253E-025
  6.644661689783338E-025
  6.644611652059686E-025
  6.644560229105835E-025
  6.644509884941272E-025
  6.644458800261114E-025
  6.644408228091734E-025
  6.644355085603504E-025
  6.644303673046043E-025
  6.644248732163830E-025
  6.644196996868300E-025
  6.644141891196712E-025
  6.644088258307106E-025
  6.644033042369658E-025
  6.643977214470875E-025
  6.643920896894332E-025
  6.643864843930573E-025
  6.643807568245068E-025
  6.643750596641504E-025
  6.643692267440854E-025
  6.643632870241355E-025
  6.643573454365935E-025
  6.643514733371828E-025
  6.643454381763880E-025
  6.643393407735368E-025
  6.643331554517539E-025
  6.643270067401485E-025
  6.643207879649219E-025
  6.643144359129466E-025
  6.643080638383002E-025
  6.643016171804461E-025
  6.642951657123701E-025
  6.642885760849708E-025
  6.642819994264748E-025
  6.642752887778220E-025
  6.642685816801844E-025
  6.642618319485823E-025
  6.642549180092392E-025
  6.642480014870428E-025
  6.642410075219626E-025
  6.642340007606825E-025
  6.642268681876385E-025
  6.642196457052999E-025
  6.642124474456363E-025
  6.642051535595036E-025
  6.641977535697651E-025
  6.641902856018259E-025
  6.641828339406295E-025
  6.641752128024903E-025
  6.641676031464483E-025
  6.641597994436461E-025
  6.641520495110164E-025
  6.641441925748951E-025
  6.641362355961586E-025
  6.641282100663273E-025
  6.641201231931707E-025
  6.641119814950867E-025
  6.641037026687473E-025
  6.640954313884229E-025
  6.640870218445427E-025
  6.640785610764877E-025
  6.640700262940173E-025
  6.640613915212508E-025
  6.640527156449993E-025
  6.640439269303755E-025
  6.640350566131145E-025
  6.640260871122568E-025
  6.640170840724461E-025
  6.640079707637948E-025
  6.639987606288429E-025
  6.639895057690559E-025
  6.639801392734950E-025
  6.639706907091872E-025
  6.639611513444188E-025
  6.639515024462679E-025
  6.639418217245781E-025
  6.639320133594706E-025
  6.639221097247094E-025
  6.639121333177046E-025
  6.639020609187228E-025
  6.638918963976195E-025
  6.638816304736537E-025
  6.638712702236844E-025
  6.638608258433015E-025
  6.638502783561265E-025
  6.638396334865828E-025
  6.638288833656792E-025
  6.638180475616310E-025
  6.638071036154231E-025
  6.637960720820982E-025
  6.637849174060170E-025
  6.637736728032866E-025
  6.637623361510023E-025
  6.637508824981378E-025
  6.637393152055656E-025
  6.637276527325413E-025
  6.637158883728588E-025
  6.637040087368814E-025
  6.636920193431995E-025
  6.636799202951054E-025
  6.636676991534337E-025
  6.636553797219629E-025
  6.636429446743617E-025
  6.636304003572886E-025
  6.636177325526659E-025
  6.636049650392016E-025
  6.635920482875340E-025
  6.635790409802801E-025
  6.635659004043742E-025
  6.635526395716373E-025
  6.635392617559658E-025
  6.635257667448778E-025
  6.635121347448965E-025
  6.634983863643276E-025
  6.634845067954196E-025
  6.634705015012655E-025
  6.634563706582933E-025
  6.634421106219369E-025
  6.634277156866030E-025
  6.634131921610455E-025
  6.633985353320587E-025
  6.633837421662710E-025
  6.633688146571987E-025
  6.633537450177541E-025
  6.633385433124097E-025
  6.633232039363997E-025
  6.633077161095714E-025
  6.632920878536178E-025
  6.632763230280347E-025
  6.632604102800059E-025
  6.632443485542963E-025
  6.632281391035198E-025
  6.632117847064645E-025
  6.631952835557339E-025
  6.631786235899254E-025
  6.631618194041214E-025
  6.631448534111642E-025
  6.631277383614115E-025
  6.631104634825210E-025
  6.630930285657518E-025
  6.630754382892897E-025
  6.630576867176671E-025
  6.630397638837948E-025
  6.630216855299151E-025
  6.630034377096371E-025
  6.629850268967771E-025
  6.629664446374961E-025
  6.629476952327985E-025
  6.629287716707306E-025
  6.629096754316602E-025
  6.628904012264205E-025
  6.628709579834880E-025
  6.628513296420942E-025
  6.628315260819473E-025
  6.628115394299948E-025
  6.627913714800249E-025
  6.627710196095870E-025
  6.627504784006484E-025
  6.627297524471122E-025
  6.627088383416738E-025
  6.626877313510376E-025
  6.626664298968995E-025
  6.626449360444587E-025
  6.626232450896432E-025
  6.626013559102711E-025
  6.625792662780940E-025
  6.625569765073676E-025
  6.625344824423561E-025
  6.625117841586490E-025
  6.624888759166795E-025
  6.624657601109965E-025
  6.624424321025901E-025
  6.624188925304998E-025
  6.623951382879298E-025
  6.623711657975286E-025
  6.623469769725201E-025
  6.623225671739565E-025
  6.622979341984530E-025
  6.622730754246287E-025
  6.622479919344084E-025
  6.622226784865111E-025
  6.621971347566650E-025
  6.621713583236363E-025
  6.621453468416739E-025
  6.621190989181256E-025
  6.620926122314034E-025
  6.620658820653282E-025
  6.620389102758224E-025
  6.620116925830328E-025
  6.619842265302099E-025
  6.619565116657609E-025
  6.619285434147538E-025
  6.619003215651117E-025
  6.618718425765351E-025
  6.618431041699481E-025
  6.618141052621424E-025
  6.617848416734294E-025
  6.617553127393346E-025
  6.617255155177234E-025
  6.616954465568314E-025
  6.616651041365983E-025
  6.616344871201827E-025
  6.616035910596590E-025
  6.615724148788048E-025
  6.615409548519910E-025
  6.615092097496290E-025
  6.614771764698192E-025
  6.614448525803695E-025
  6.614122348295326E-025
  6.613793211042186E-025
  6.613461094180973E-025
  6.613125957564016E-025
  6.612787785593910E-025
  6.612446541872349E-025
  6.612102213223750E-025
  6.611754756230187E-025
  6.611404147344390E-025
  6.611050370731672E-025
  6.610693385906602E-025
  6.610333168721539E-025
  6.609969681958416E-025
  6.609602914524732E-025
  6.609232821575477E-025
  6.608859381360435E-025
  6.608482560381146E-025
  6.608102330628129E-025
  6.607718663872332E-025
  6.607331525996359E-025
  6.606940888394983E-025
  6.606546720156210E-025
  6.606148989102488E-025
  6.605747667934244E-025
  6.605342717189563E-025
  6.604934112147338E-025
  6.604521817451421E-025
  6.604105796520498E-025
  6.603686026775294E-025
  6.603262466796920E-025
  6.602835086602091E-025
  6.602403850903576E-025
  6.601968730293150E-025
  6.601529683373560E-025
  6.601086681281973E-025
  6.600639688494875E-025
  6.600188669272335E-025
  6.599733584275849E-025
  6.599274405516802E-025
  6.598811093516269E-025
  6.598343611673528E-025
  6.597871924197450E-025
  6.597395996333170E-025
  6.596915786339071E-025
  6.596431258366064E-025
  6.595942377731427E-025
  6.595449104716967E-025
  6.594951399595726E-025
  6.594449226201720E-025
  6.593942543060091E-025
  6.593431315497364E-025
  6.592915497774913E-025
  6.592395054032708E-025
  6.591869943059480E-025
  6.591340124191846E-025
  6.590805558308125E-025
  6.590266200965708E-025
  6.589722014649398E-025
  6.589172953076248E-025
  6.588618976864639E-025
  6.588060044428611E-025
  6.587496111059288E-025
  6.586927133668732E-025
  6.586353070835479E-025
  6.585773874272406E-025
  6.585189504202725E-025
  6.584599913582470E-025
  6.584005059635956E-025
  6.583404893827036E-025
  6.582799372419401E-025
  6.582188450807397E-025
  6.581572080121377E-025
  6.580950214738397E-025
  6.580322806544600E-025
  6.579689810923269E-025
  6.579051176995248E-025
  6.578406858067217E-025
  6.577756805162470E-025
  6.577100968365409E-025
  6.576439299896646E-025
  6.575771748576104E-025
  6.575098266124812E-025
  6.574418800203026E-025
  6.573733300858186E-025
  6.573041716457751E-025
  6.572343995438128E-025
  6.571640085966300E-025
  6.570929934570264E-025
  6.570213489798432E-025
  6.569490697031723E-025
  6.568761503754394E-025
  6.568025854815968E-025
  6.567283696145166E-025
  6.566534972809581E-025
  6.565779629395689E-025
  6.565017609914814E-025
  6.564248858691393E-025
  6.563473318422018E-025
  6.562690932851673E-025
  6.561901643915137E-025
  6.561105394033516E-025
  6.560302124421577E-025
  6.559491776772833E-025
  6.558674291856853E-025
  6.557849610115707E-025
  6.557017670788756E-025
  6.556178414356607E-025
  6.555331778683156E-025
  6.554477703505433E-025
  6.553616126325174E-025
  6.552746984841444E-025
  6.551870216231383E-025
  6.550985757378478E-025
  6.550093545087915E-025
  6.549193514184415E-025
  6.548285600687076E-025
  6.547369739376803E-025
  6.546445864859661E-025
  6.545513910846554E-025
  6.544573811082944E-025
  6.543625498753399E-025
  6.542668905775365E-025
  6.541703964968617E-025
  6.540730607332129E-025
  6.539748764266834E-025
  6.538758366624009E-025
  6.537759344099974E-025
  6.536751626624031E-025
  6.535735143373139E-025
  6.534709823035972E-025
  6.533675593715360E-025
  6.532632383121562E-025
  6.531580118426663E-025
  6.530518726608347E-025
  6.529448133457711E-025
  6.528368265081992E-025
  6.527279046193583E-025
  6.526180401732342E-025
  6.525072256008186E-025
  6.523954532471679E-025
  6.522827154319551E-025
  6.521690044380601E-025
  6.520543124450020E-025
  6.519386316398340E-025
  6.518219541342409E-025
  6.517042719719276E-025
  6.515855771565044E-025
  6.514658616490034E-025
  6.513451173570982E-025
  6.512233361168854E-025
  6.511005097467522E-025
  6.509766299512286E-025
  6.508516884658285E-025
  6.507256768975227E-025
  6.505985868374400E-025
  6.504704098195557E-025
  6.503411373277134E-025
  6.502107607852710E-025
  6.500792715585290E-025
  6.499466609713304E-025
  6.498129202773912E-025
  6.496780406974523E-025
  6.495420133874389E-025
  6.494048294465895E-025
  6.492664799210652E-025
  6.491269558167568E-025
  6.489862480617177E-025
  6.488443475541265E-025
  6.487012451214357E-025
  6.485569315457749E-025
  6.484113975388009E-025
  6.482646337849206E-025
  6.481166308850322E-025
  6.479673794165903E-025
  6.478168698793567E-025
  6.476650927205693E-025
  6.475120383494321E-025
  6.473576970983316E-025
  6.472020592658889E-025
  6.470451150851500E-025
  6.468868547285628E-025
  6.467272683341353E-025
  6.465663459660419E-025
  6.464040776481192E-025
  6.462404533475006E-025
  6.460754629670528E-025
  6.459090963632246E-025
  6.457413433457908E-025
  6.455721936580867E-025
  6.454016369967862E-025
  6.452296630019550E-025
  6.450562612595851E-025
  6.448814213117299E-025
  6.447051326313294E-025
  6.445273846501436E-025
  6.443481667438741E-025
  6.441674682388128E-025
  6.439852783984125E-025
  6.438015864431635E-025
  6.436163815401973E-025
  6.434296528005076E-025
  6.432413892825343E-025
  6.430515800018550E-025
  6.428602139163468E-025
  6.426672799275612E-025
  6.424727668987594E-025
  6.422766636299800E-025
  6.420789588804388E-025
  6.418796413513973E-025
  6.416786997038299E-025
  6.414761225346777E-025
  6.412718984083140E-025
  6.410660158277312E-025
  6.408584632519355E-025
  6.406492290943411E-025
  6.404383017154817E-025
  6.402256694282326E-025
  6.400113205057901E-025
  6.397952431648365E-025
  6.395774255823651E-025
  6.393578558860685E-025
  6.391365221596745E-025
  6.389134124408117E-025
  6.386885147249285E-025
  6.384618169589104E-025
  6.382333070514153E-025
  6.380029728602154E-025
  6.377708022103128E-025
  6.375367828758201E-025
  6.373009025924107E-025
  6.370631490598870E-025
  6.368235099255786E-025
  6.365819728086474E-025
  6.363385252820352E-025
  6.360931548822570E-025
  6.358458491072603E-025
  6.355965954173639E-025
  6.353453812366904E-025
  6.350921939514955E-025
  6.348370209147713E-025
  6.345798494427335E-025
  6.343206668184192E-025
  6.340594602903801E-025
  6.337962170765124E-025
  6.335309243603219E-025
  6.332635692953336E-025
  6.329941390047900E-025
  6.327226205819056E-025
  6.324490010921253E-025
  6.321732675716831E-025
  6.318954070294099E-025
  6.316154064497696E-025
  6.313332527893724E-025
  6.310489329838630E-025
  6.307624339408083E-025
  6.304737425493929E-025
  6.301828456732638E-025
  6.298897301594211E-025
  6.295943828311693E-025
  6.292967904959727E-025
  6.289969399422932E-025
  6.286948179416378E-025
  6.283904112504285E-025
  6.280837066108432E-025
  6.277746907504790E-025
  6.274633503852653E-025
  6.271496722196976E-025
  6.268336429477877E-025
  6.265152492550840E-025
  6.261944778189846E-025
  6.258713153105860E-025
  6.255457483943017E-025
  6.252177637325372E-025
  6.248873479821162E-025
  6.245544878004631E-025
  6.242191698422434E-025
  6.238813807656143E-025
  6.235411072291285E-025
  6.231983358944246E-025
  6.228530534291178E-025
  6.225052465070338E-025
  6.221549018082476E-025
  6.218020060232877E-025
  6.214465458521178E-025
  6.210885080070170E-025
  6.207278792132717E-025
  6.203646462109311E-025
  6.199987957558245E-025
  6.196303146228574E-025
  6.192591896045636E-025
  6.188854075151712E-025
  6.185089551910391E-025
  6.181298194922270E-025
  6.177479873048471E-025
  6.173634455414532E-025
  6.169761811435764E-025
  6.165861810833348E-025
  6.161934323642244E-025
  6.157979220242547E-025
  6.153996371364578E-025
  6.149985648105924E-025
  6.145946921956448E-025
  6.141880064810717E-025
  6.137784948985124E-025
  6.133661447234714E-025
  6.129509432780508E-025
  6.125328779308389E-025
  6.121119361009021E-025
  6.116881052579702E-025
  6.112613729253141E-025
  6.108317266807154E-025
  6.103991541591523E-025
  6.099636430542344E-025
  6.095251811201224E-025
  6.090837561737062E-025
  6.086393560961668E-025
  6.081919688350011E-025
  6.077415824064555E-025
  6.072881848966342E-025
  6.068317644642496E-025
  6.063723093422088E-025
  6.059098078394234E-025
  6.054442483436741E-025
  6.049756193225755E-025
  6.045039093261104E-025
  6.040291069889593E-025
  6.035512010318244E-025
  6.030701802641598E-025
  6.025860335859826E-025
  6.020987499898709E-025
  6.016083185630524E-025
  6.011147284897585E-025
  6.006179690529041E-025
  6.001180296367192E-025
  5.996148997284283E-025
  5.991085689205459E-025
  5.985990269128955E-025
  5.980862635150188E-025
  5.975702686479611E-025
  5.970510323467854E-025
  5.965285447622971E-025
  5.960027961635569E-025
  5.954737769399044E-025
  5.949414776030652E-025
  5.944058887893485E-025
  5.938670012619073E-025
  5.933248059127107E-025
  5.927792937648725E-025
  5.922304559747731E-025
  5.916782838341819E-025
  5.911227687723438E-025
  5.905639023585071E-025
  5.900016763035354E-025
  5.894360824625777E-025
  5.888671128367728E-025
  5.882947595758622E-025
  5.877190149799752E-025
  5.871398715019214E-025
  5.865573217492563E-025
  5.859713584865057E-025
  5.853819746372912E-025
  5.847891632863520E-025
  5.841929176817637E-025
  5.835932312368748E-025
  5.829900975326123E-025
  5.823835103194330E-025
  5.817734635194426E-025
  5.811599512284438E-025
  5.805429677179040E-025
  5.799225074372531E-025
  5.792985650156004E-025
  5.786711352639479E-025
  5.780402131771267E-025
  5.774057939357494E-025
  5.767678729082524E-025
  5.761264456527849E-025
  5.754815079192296E-025
  5.748330556509993E-025
  5.741810849871028E-025
  5.735255922638350E-025
  5.728665740168183E-025
  5.722040269827293E-025
  5.715379481011874E-025
  5.708683345165344E-025
  5.701951835796464E-025
  5.695184928496310E-025
  5.688382600956312E-025
  5.681544832984559E-025
  5.674671606523699E-025
  5.667762905667004E-025
  5.660818716674539E-025
  5.653839027989580E-025
  5.646823830254721E-025
  5.639773116326538E-025
  5.632686881291759E-025
  5.625565122481877E-025
  5.618407839487855E-025
  5.611215034174532E-025
  5.603986710694595E-025
  5.596722875502430E-025
  5.589423537367742E-025
  5.582088707388251E-025
  5.574718399002741E-025
  5.567312628003511E-025
  5.559871412548384E-025
  5.552394773172478E-025
  5.544882732799283E-025
  5.537335316752459E-025
  5.529752552765527E-025
  5.522134470992900E-025
  5.514481104019094E-025
  5.506792486868898E-025
  5.499068657016245E-025
  5.491309654392456E-025
  5.483515521395424E-025
  5.475686302896802E-025
  5.467822046249865E-025
  5.459922801296425E-025
  5.451988620373594E-025
  5.444019558319981E-025
  5.436015672481407E-025
  5.427977022716501E-025
  5.419903671401320E-025
  5.411795683434120E-025
  5.403653126239269E-025
  5.395476069770759E-025
  5.387264586515407E-025
  5.379018751495683E-025
  5.370738642271618E-025
  5.362424338942884E-025
  5.354075924149676E-025
  5.345693483073976E-025
  5.337277103439569E-025
  5.328826875511872E-025
  5.320342892097719E-025
  5.311825248543598E-025
  5.303274042734793E-025
  5.294689375092617E-025
  5.286071348572440E-025
  5.277420068660185E-025
  5.268735643369089E-025
  5.260018183235478E-025
  5.251267801314330E-025
  5.242484613174247E-025
  5.233668736891812E-025
  5.224820293045741E-025
  5.215939404710227E-025
  5.207026197447994E-025
  5.198080799302748E-025
  5.189103340791203E-025
  5.180093954894496E-025
  5.171052777049281E-025
  5.161979945138073E-025
  5.152875599479410E-025
  5.143739882817253E-025
  5.134572940310043E-025
  5.125374919519156E-025
  5.116145970396907E-025
  5.106886245274226E-025
  5.097595898847616E-025
  5.088275088165542E-025
  5.078923972614873E-025
  5.069542713906058E-025
  5.060131476058601E-025
  5.050690425385462E-025
  5.041219730477313E-025
  5.031719562186203E-025
  5.022190093608829E-025
  5.012631500069242E-025
  5.003043959101184E-025
  4.993427650429903E-025
  4.983782755953631E-025
  4.974109459724452E-025
  4.964407947928823E-025
  4.954678408867694E-025
  4.944921032936097E-025
  4.935136012602355E-025
  4.925323542386885E-025
  4.915483818840603E-025
  4.905617040522765E-025
  4.895723407978669E-025
  4.885803123716671E-025
  4.875856392185012E-025
  4.865883419748184E-025
  4.855884414662863E-025
  4.845859587053556E-025
  4.835809148887864E-025
  4.825733313951283E-025
  4.815632297821821E-025
  4.805506317844069E-025
  4.795355593103112E-025
  4.785180344398006E-025
  4.774980794214933E-025
  4.764757166700075E-025
  4.754509687632141E-025
  4.744238584394624E-025
  4.733944085947721E-025
  4.723626422800037E-025
  4.713285826979914E-025
  4.702922532006575E-025
  4.692536772860963E-025
  4.682128785956323E-025
  4.671698809108572E-025
  4.661247081506425E-025
  4.650773843681230E-025
  4.640279337476715E-025
  4.629763806018368E-025
  4.619227493682758E-025
  4.608670646066585E-025
  4.598093509955579E-025
  4.587496333293199E-025
  4.576879365149200E-025
  4.566242855688018E-025
  4.555587056137084E-025
  4.544912218754854E-025
  4.534218596798881E-025
  4.523506444493683E-025
  4.512776016998491E-025
  4.502027570374958E-025
  4.491261361554761E-025
  4.480477648307068E-025
  4.469676689206084E-025
  4.458858743598330E-025
  4.448024071570085E-025
  4.437172933914647E-025
  4.426305592099626E-025
  4.415422308234205E-025
  4.404523345036402E-025
  4.393608965800322E-025
  4.382679434363417E-025
  4.371735015073774E-025
  4.360775972757457E-025
  4.349802572685822E-025
  4.338815080542945E-025
  4.327813762393103E-025
  4.316798884648277E-025
  4.305770714035760E-025
  4.294729517565895E-025
  4.283675562499821E-025
  4.272609116317380E-025
  4.261530446685168E-025
  4.250439821424595E-025
  4.239337508480230E-025
  4.228223775888158E-025
  4.217098891744554E-025
  4.205963124174407E-025
  4.194816741300382E-025
  4.183660011211895E-025
  4.172493201934362E-025
  4.161316581398599E-025
  4.150130417410499E-025
  4.138934977620851E-025
  4.127730529495399E-025
  4.116517340285132E-025
  4.105295676996800E-025
  4.094065806363654E-025
  4.082827994816462E-025
  4.071582508454770E-025
  4.060329613018383E-025
  4.049069573859179E-025
  4.037802655913156E-025
  4.026529123672778E-025
  4.015249241159587E-025
  4.003963271897138E-025
  3.992671478884215E-025
  3.981374124568370E-025
  3.970071470819740E-025
  3.958763778905238E-025
  3.947451309463012E-025
  3.936134322477268E-025
  3.924813077253400E-025
  3.913487832393537E-025
  3.902158845772282E-025
  3.890826374512966E-025
  3.879490674964154E-025
  3.868152002676543E-025
  3.856810612380202E-025
  3.845466757962233E-025
  3.834120692444721E-025
  3.822772667963120E-025
  3.811422935745000E-025
  3.800071746089171E-025
  3.788719348345167E-025
  3.777365990893187E-025
  3.766011921124348E-025
  3.754657385421368E-025
  3.743302629139638E-025
  3.731947896588708E-025
  3.720593431014136E-025
  3.709239474579770E-025
  3.697886268350403E-025
  3.686534052274878E-025
  3.675183065169550E-025
  3.663833544702170E-025
  3.652485727376197E-025
  3.641139848515502E-025
  3.629796142249457E-025
  3.618454841498489E-025
  3.607116177959994E-025
  3.595780382094692E-025
  3.584447683113356E-025
  3.573118308964007E-025
  3.561792486319454E-025
  3.550470440565286E-025
  3.539152395788262E-025
  3.527838574765101E-025
  3.516529198951676E-025
  3.505224488472625E-025
  3.493924662111353E-025
  3.482629937300446E-025
  3.471340530112464E-025
  3.460056655251169E-025
  3.448778526043110E-025
  3.437506354429626E-025
  3.426240350959219E-025
  3.414980724780361E-025
  3.403727683634614E-025
  3.392481433850222E-025
  3.381242180335996E-025
  3.370010126575646E-025
  3.358785474622453E-025
  3.347568425094315E-025
  3.336359177169166E-025
  3.325157928580780E-025
  3.313964875614880E-025
  3.302780213105671E-025
  3.291604134432685E-025
  3.280436831517981E-025
  3.269278494823700E-025
  3.258129313349955E-025
  3.246989474633075E-025
  3.235859164744135E-025
  3.224738568287883E-025
  3.213627868401923E-025
  3.202527246756269E-025
  3.191436883553177E-025
  3.180356957527321E-025
  3.169287645946233E-025
  3.158229124611082E-025
  3.147181567857734E-025
  3.136145148558073E-025
  3.125120038121656E-025
  3.114106406497631E-025
  3.103104422176898E-025
  3.092114252194576E-025
  3.081136062132721E-025
  3.070170016123317E-025
  3.059216276851470E-025
  3.048275005558927E-025
  3.037346362047759E-025
  3.026430504684342E-025
  3.015527590403530E-025
  3.004637774713071E-025
  2.993761211698240E-025
  2.982898054026671E-025
  2.972048452953425E-025
  2.961212558326252E-025
  2.950390518591011E-025
  2.939582480797353E-025
  2.928788590604530E-025
  2.918008992287400E-025
  2.907243828742625E-025
  2.896493241495018E-025
  2.885757370704043E-025
  2.875036355170521E-025
  2.864330332343415E-025
  2.853639438326826E-025
  2.842963807887086E-025
  2.832303574460017E-025
  2.821658870158280E-025
  2.811029825778910E-025
  2.800416570810884E-025
  2.789819233442889E-025
  2.779237940571119E-025
  2.768672817807243E-025
  2.758123989486407E-025
  2.747591578675388E-025
  2.737075707180762E-025
  2.726576495557230E-025
  2.716094063115940E-025
  2.705628527932965E-025
  2.695180006857762E-025
  2.684748615521748E-025
  2.674334468346901E-025
  2.663937678554434E-025
  2.653558358173480E-025
  2.643196618049861E-025
  2.632852567854849E-025
  2.622526316093988E-025
  2.612217970115930E-025
  2.601927636121296E-025
  2.591655419171534E-025
  2.581401423197834E-025
  2.571165751009995E-025
  2.560948504305354E-025
  2.550749783677656E-025
  2.540569688625970E-025
  2.530408317563558E-025
  2.520265767826766E-025
  2.510142135683861E-025
  2.500037516343882E-025
  2.489952003965441E-025
  2.479885691665517E-025
  2.469838671528199E-025
  2.459811034613415E-025
  2.449802870965594E-025
  2.439814269622328E-025
  2.429845318622935E-025
  2.419896105017042E-025
  2.409966714873033E-025
  2.400057233286537E-025
  2.390167744388766E-025
  2.380298331354873E-025
  2.370449076412192E-025
  2.360620060848442E-025
  2.350811365019841E-025
  2.341023068359191E-025
  2.331255249383824E-025
  2.321507985703548E-025
  2.311781354028456E-025
  2.302075430176681E-025
  2.292390289082073E-025
  2.282726004801793E-025
  2.273082650523799E-025
  2.263460298574278E-025
  2.253859020424956E-025
  2.244278886700353E-025
  2.234719967184913E-025
  2.225182330830066E-025
  2.215666045761173E-025
  2.206171179284404E-025
  2.196697797893470E-025
  2.187245967276331E-025
  2.177815752321720E-025
  2.168407217125636E-025
  2.159020424997692E-025
  2.149655438467384E-025
  2.140312319290247E-025
  2.130991128453915E-025
  2.121691926184055E-025
  2.112414771950235E-025
  2.103159724471649E-025
  2.093926841722769E-025
  2.084716180938852E-025
  2.075527798621382E-025
  2.066361750543381E-025
  2.057218091754622E-025
  2.048096876586730E-025
  2.038998158658186E-025
  2.029921990879216E-025
  2.020868425456582E-025
  2.011837513898249E-025
  2.002829307017983E-025
  1.993843854939803E-025
  1.984881207102354E-025
  1.975941412263168E-025
  1.967024518502816E-025
  1.958130573228968E-025
  1.949259623180347E-025
  1.940411714430575E-025
  1.931586892391912E-025
  1.922785201818934E-025
  1.914006686812046E-025
  1.905251390820960E-025
  1.896519356648029E-025
  1.887810626451525E-025
  1.879125241748772E-025
  1.870463243419240E-025
  1.861824671707491E-025
  1.853209566226083E-025
  1.844617965958336E-025
  1.836049909261057E-025
  1.827505433867121E-025
  1.818984576888022E-025
  1.810487374816284E-025
  1.802013863527833E-025
  1.793564078284252E-025
  1.785138053734976E-025
  1.776735823919390E-025
  1.768357422268862E-025
  1.760002881608686E-025
  1.751672234159966E-025
  1.743365511541399E-025
  1.735082744771012E-025
  1.726823964267809E-025
  1.718589199853361E-025
  1.710378480753313E-025
  1.702191835598846E-025
  1.694029292428047E-025
  1.685890878687241E-025
  1.677776621232237E-025
  1.669686546329548E-025
  1.661620679657506E-025
  1.653579046307372E-025
  1.645561670784340E-025
  1.637568577008539E-025
  1.629599788315932E-025
  1.621655327459215E-025
  1.613735216608622E-025
  1.605839477352726E-025
  1.597968130699161E-025
  1.590121197075320E-025
  1.582298696329007E-025
  1.574500647729058E-025
  1.566727069965897E-025
  1.558977981152099E-025
  1.551253398822877E-025
  1.543553339936571E-025
  1.535877820875071E-025
  1.528226857444252E-025
  1.520600464874344E-025
  1.512998657820301E-025
  1.505421450362134E-025
  1.497868856005230E-025
  1.490340887680634E-025
  1.482837557745346E-025
  1.475358877982549E-025
  1.467904859601884E-025
  1.460475513239648E-025
  1.453070848959030E-025
  1.445690876250306E-025
  1.438335604031039E-025
  1.431005040646258E-025
  1.423699193868657E-025
  1.416418070898751E-025
  1.409161678365065E-025
  1.401930022324293E-025
  1.394723108261487E-025
  1.387540941090206E-025
  1.380383525152718E-025
  1.373250864220153E-025
  1.366142961492714E-025
  1.359059819599839E-025
  1.352001440600430E-025
  1.344967825983041E-025
  1.337958976666107E-025
  1.330974892998169E-025
  1.324015574758138E-025
  1.317081021155513E-025
  1.310171230830711E-025
  1.303286201855305E-025
  1.296425931732373E-025
  1.289590417396807E-025
  1.282779655215666E-025
  1.275993640988544E-025
  1.269232369947970E-025
  1.262495836759810E-025
  1.255784035523725E-025
  1.249096959773617E-025
  1.242434602478135E-025
  1.235796956041186E-025
  1.229184012302483E-025
  1.222595762538124E-025
  1.216032197461193E-025
  1.209493307222397E-025
  1.202979081410736E-025
  1.196489509054197E-025
  1.190024578620496E-025
  1.183584278017828E-025
  1.177168594595688E-025
  1.170777515145685E-025
  1.164411025902431E-025
  1.158069112544434E-025
  1.151751760195052E-025
  1.145458953423464E-025
  1.139190676245701E-025
  1.132946912125691E-025
  1.126727643976365E-025
  1.120532854160784E-025
  1.114362524493321E-025
  1.108216636240870E-025
  1.102095170124111E-025
  1.095998106318792E-025
  1.089925424457086E-025
  1.083877103628948E-025
  1.077853122383557E-025
  1.071853458730762E-025
  1.065878090142602E-025
  1.059926993554837E-025
  1.054000145368558E-025
  1.048097521451803E-025
  1.042219097141239E-025
  1.036364847243886E-025
  1.030534746038877E-025
  1.024728767279254E-025
  1.018946884193830E-025
  1.013189069489079E-025
  1.007455295351057E-025
  1.001745533447405E-025
  9.960597549293474E-026
  9.903979304337728E-026
  9.847600300853354E-026
  9.791460234986069E-026
  9.735558797802705E-026
  9.679895675313659E-026
  9.624470548495510E-026
  9.569283093314473E-026
  9.514332980749795E-026
  9.459619876818056E-026
  9.405143442597458E-026
  9.350903334252891E-026
  9.296899203061052E-026
  9.243130695436379E-026
  9.189597452957004E-026
  9.136299112391425E-026
  9.083235305725340E-026
  9.030405660189063E-026
  8.977809798285169E-026
  8.925447337816708E-026
  8.873317891915622E-026
  8.821421069071744E-026
  8.769756473161926E-026
  8.718323703479860E-026
  8.667122354765911E-026
  8.616152017237659E-026
  8.565412276620513E-026
  8.514902714178942E-026
  8.464622906747792E-026
  8.414572426764203E-026
  8.364750842299682E-026
  8.315157717092630E-026
  8.265792610581106E-026
  8.216655077936027E-026
  8.167744670094558E-026
  8.119060933793974E-026
  8.070603411605648E-026
  8.022371641969569E-026
  7.974365159228900E-026
  7.926583493665084E-026
  7.879026171533006E-026
  7.831692715096654E-026
  7.784582642664876E-026
  7.737695468627509E-026
  7.691030703491726E-026
  7.644587853918711E-026
  7.598366422760434E-026
  7.552365909096881E-026
  7.506585808273303E-026
  7.461025611937908E-026
  7.415684808079591E-026
  7.370562881066022E-026
  7.325659311681863E-026
  7.280973577167265E-026
  7.236505151256449E-026
  7.192253504216642E-026
  7.148218102887051E-026
  7.104398410718130E-026
  7.060793887810900E-026
  7.017403990956593E-026
  6.974228173676298E-026
  6.931265886260911E-026
  6.888516575811080E-026
  6.845979686277440E-026
  6.803654658500850E-026
  6.761540930252876E-026
  6.719637936276280E-026
  6.677945108325759E-026
  6.636461875208649E-026
  6.595187662825843E-026
  6.554121894212729E-026
  6.513263989580285E-026
  6.472613366356186E-026
  6.432169439226053E-026
  6.391931620174700E-026
  6.351899318527533E-026
  6.312071940991911E-026
  6.272448891698645E-026
  6.233029572243447E-026
  6.193813381728532E-026
  6.154799716804134E-026
  6.115987971710142E-026
  6.077377538317658E-026
  6.038967806170722E-026
  6.000758162527817E-026
  5.962747992403638E-026
  5.924936678610597E-026
  5.887323601800559E-026
  5.849908140506318E-026
  5.812689671183297E-026
  5.775667568251014E-026
  5.738841204134626E-026
  5.702209949306397E-026
  5.665773172327141E-026
  5.629530239887566E-026
  5.593480516849614E-026
  5.557623366287727E-026
  5.521958149530020E-026
  5.486484226199363E-026
  5.451200954254502E-026
  5.416107690030909E-026
  5.381203788281714E-026
  5.346488602218460E-026
  5.311961483551722E-026
  5.277621782531733E-026
  5.243468847988821E-026
  5.209502027373697E-026
  5.175720666797761E-026
  5.142124111073118E-026
  5.108711703752592E-026
  5.075482787169540E-026
  5.042436702477560E-026
  5.009572789690030E-026
  4.976890387719540E-026
  4.944388834417101E-026
  4.912067466611301E-026
  4.879925620147216E-026
  4.847962629925191E-026
  4.816177829939447E-026
  4.784570553316545E-026
  4.753140132353609E-026
  4.721885898556454E-026
  4.690807182677459E-026
  4.659903314753251E-026
  4.629173624142347E-026
  4.598617439562324E-026
  4.568234089127102E-026
  4.538022900383757E-026
  4.507983200349350E-026
  4.478114315547358E-026
  4.448415572044078E-026
  4.418886295484638E-026
  4.389525811128952E-026
  4.360333443887320E-026
  4.331308518355945E-026
  4.302450358852054E-026
  4.273758289448991E-026
  4.245231634010871E-026
  4.216869716227197E-026
  4.188671859647077E-026
  4.160637387713333E-026
  4.132765623796264E-026
  4.105055891227264E-026
  4.077507513332095E-026
  4.050119813464018E-026
  4.022892115036561E-026
  3.995823741556160E-026
  3.968914016654437E-026
  3.942162264120296E-026
  3.915567807931708E-026
  3.889129972287310E-026
  3.862848081637652E-026
  3.836721460716279E-026
  3.810749434570441E-026
  3.784931328591666E-026
  3.759266468545935E-026
  3.733754180603709E-026
  3.708393791369586E-026
  3.683184627911783E-026
  3.658126017791238E-026
  3.633217289090566E-026
  3.608457770442612E-026
  3.583846791058854E-026
  3.559383680757418E-026
  3.535067769990905E-026
  3.510898389873886E-026
  3.486874872210157E-026
  3.462996549519675E-026
  3.439262755065269E-026
  3.415672822879003E-026
  3.392226087788334E-026
  3.368921885441933E-026
  3.345759552335252E-026
  3.322738425835791E-026
  3.299857844208116E-026
  3.277117146638558E-026
  3.254515673259671E-026
  3.232052765174341E-026
  3.209727764479716E-026
  3.187540014290737E-026
  3.165488858763497E-026
  3.143573643118212E-026
  3.121793713662022E-026
  3.100148417811401E-026
  3.078637104114380E-026
  3.057259122272403E-026
  3.036013823161988E-026
  3.014900558856032E-026
  2.993918682644891E-026
  2.973067549057133E-026
  2.952346513880066E-026
  2.931754934179927E-026
  2.911292168321855E-026
  2.890957575989523E-026
  2.870750518204550E-026
  2.850670357345599E-026
  2.830716457167209E-026
  2.810888182818360E-026
  2.791184900860770E-026
  2.771605979286871E-026
  2.752150787537598E-026
  2.732818696519814E-026
  2.713609078623541E-026
