       991542.148909518495       88497.866265936318        4338.271555152504     -199131.224132810603
      1031590.498824854381       93757.651466330150        3056.326243233194     -207919.898332024866
      1129485.238470132696      102474.907062984275        1940.054361405530     -230134.430684013554
      1238639.533153428463      109303.775758829579        1350.430465762868     -255550.713099295273
      1342557.263372384943      113702.691422128162        1004.743364148257     -280278.996498660068
      1426521.736702608643      115480.272182370565         794.598998516545     -300742.001396217849
      1485533.357941399096      114971.077840034355         661.550031311799     -315614.665253848885
      1521168.106076612137      112697.059157816548         573.301976442195     -325144.198610160092
      1537487.353739606915      109154.629390279326         511.892034066582     -330199.371703117678
      1538848.661192385945      104744.329824195491         467.126747790338     -331749.240857968805
      1529065.151573998155       99766.556407163007         433.060166993880     -330656.440280763432
      1511203.901991327293       94438.452956036621         406.118050488782     -327622.442278970790
      1487632.329512644792       88913.770634075350         384.085867998958     -323193.323217254074
      1460138.221374234650       83299.887214074464         365.550569508652     -317784.583100248885
      1430054.943434696877       77670.906905937547         349.584663079438     -311708.388300371123
      1398369.169028535951       72077.281835414396         335.562666138153     -305197.498895245779
      1365806.683847093955       66552.726534684509         323.051698250334     -298424.553757398040
      1332898.267864803551       61119.139165810629         311.744653930244     -291516.999412972946
      1300029.363781116903       55790.092083654898         301.418430197591     -284568.416375015804
      1267477.194152644137       50573.307242489849         291.907240990306     -277647.028384599776
      1235438.400495695649       45472.414205718116         283.085216206206     -270802.068882834516
      1204049.612863454502       40488.201202719072         274.854832835863     -264068.540104848682
      1173402.775293673854       35619.507167725722         267.139080724199     -257470.774128079327
      1143556.587237501750       30863.858683647792         259.876063606974     -251025.102855635108
      1114545.066068516113       26217.924982318265         253.015215578562     -244741.864965601562
      1086383.971040860983       21677.842674276224         246.514606688528     -238626.918530251714
      1059075.633955575060       17239.446867630206         240.338994257187     -232682.784026839217
      1032612.598765631323       12898.434806502730         234.458392360411     -226909.510065989249
      1006980.367665643571        8650.480743435186         228.847006487900     -221305.330357140425
       982159.474533857778        4491.315510942225         223.482429068598     -215867.162931084633
       958127.050303451950         416.780522755230         218.345023802348     -210590.989751873596
       934858.003385513555       -3577.136735634052         213.417448379515     -205472.145331161097
       912325.907623923733       -7494.280587491485         208.684279879721     -200505.535901782045
       890503.667520199204      -11338.314663684772         204.131717261126     -195685.805456240836
       869364.013516647159      -15112.716273609682         199.747342394722     -191007.461031636631
       848879.867439946276      -18820.775635492329         195.519926054546     -186464.966677772201
       829024.608671800466      -22465.598490056083         191.439268800245     -182052.813325920375
       809772.264416930964      -26050.111015569430         187.496069221997     -177765.570096360549
       791097.641985727474      -29577.066252430814         183.681813856879     -173597.921306739183
       772976.416861559264      -33049.051459610695         179.988684433310     -169544.692470048583
       755385.187156823929      -36468.495983632572         176.409479097440     -165600.867825834546
       738301.502637189929      -39837.679338010683         172.937545019428     -161761.601375722006
       721703.874630468548      -43158.739277876441         169.566720338199     -158022.222952996264
       705571.771701205405      -46433.679718768159         166.291283828882     -154378.240514640609
       689885.604863020591      -49664.378396013206         163.105911003375     -150825.339579536900
       674626.705242225085      -52852.594196078397         160.005635606098     -147359.380530617345
       659777.296439889004      -55999.974116842677         156.985815663021     -143976.394338242302
       645320.463321773103      -59108.059832366649         154.042103395682     -140672.577136602602
       631240.118562717224      -62178.293851075214         151.170418433084     -137444.283986649098
       617520.967958093388      -65212.025265726385         148.366923850763     -134288.022081901581
       604148.475270531373      -68210.515100039702         145.628004643754     -131200.443592798576
       591108.827189601026      -71174.941261141648         142.950248301869     -128178.338297349022
       578388.898833731189      -74106.403109641513         140.330427206202     -125218.626108047378
       565976.220108484966      -77005.925660536319         137.765482606563     -122318.349574968801
       553858.943145840312      -79874.463428603398         135.252509972733     -119474.666421057438
       542025.810980153037      -82712.903931677123         132.788745539705     -116684.842146460927
       530466.127563331276      -85522.070864403446         130.371553889268     -113946.242723258736
       519169.729181473493      -88302.726953794219         127.998416428417     -111256.327389231868
       508126.957304548821      -91055.576506318117         125.666920639673     -108612.641538748125
       497328.632878261677      -93781.267654302312         123.374749990211     -106012.809699749778
       486766.032050734444      -96480.394307219947         121.119674395691     -103454.528577829784
       476430.863315416791      -99153.497810870875         118.899541141736     -100935.560140974500
       466315.246044107073     -101801.068314621676         116.712266170541      -98453.724711384755
       456411.690380042593     -104423.545843605418         114.555825642861      -96006.894023531335
       446713.078459513548     -107021.321069087862         112.428247686383      -93592.984199814673
       437212.646931487136     -109594.735765926685         110.327604239829      -91209.948586588274
       427903.970747638901     -112144.082941091314         108.252002898730      -88855.770383397190
       418780.948200210114     -114669.606611378447         106.199578662236      -86528.454986564728
       409837.787191864511     -117171.501201474413         104.168485471305      -84226.021954178024
       401068.992730649188     -119649.910525150714         102.156887415726      -81946.496482283910
       392469.355654267420     -122104.926302146865         100.162949470340      -79687.900260742565
       384033.942601741350     -124536.586150717019          98.184827598166      -77448.241550512714
       375758.087267658266     -126944.870980143096          96.220658028903      -75225.504290411453
       367637.382995553780     -129329.701687817666          94.268545482587      -73017.635998520855
       359667.676793746301     -131690.935040446115          92.326550058552      -70822.534178325674
       351845.064890843583     -134028.358586783230          90.392672444247      -68638.030868377260
       344165.889991667471     -136341.684407597495          88.464837012664      -66461.874881122290
       336626.740450774785     -138630.541453856888          86.540872263184      -64291.711153645330
       329224.451655107434     -140894.466151557630          84.618487908376      -62125.056469247458
       321956.110006361909     -143132.890854207944          82.695247703780      -59959.270587966705
       314819.060027799802     -145345.129591525561          80.768536836649      -57791.521522791176
       307810.915304362017     -147530.360380295577          78.835522300917      -55618.743281574512
       300929.574221925286     -149687.603107862495          76.893104139708      -53437.583809904914
       294173.241836340399     -151815.691635396041          74.937854658199      -51244.340036378795
       287540.459730154194     -153913.238242092368          72.965941579424      -49034.875711668450
       281030.146492867090     -155978.587754896318          70.973029442823      -46804.515941961261
       274641.652633607213     -158009.757536399033          68.954151014835      -44547.909608526694
       268374.835548817064     -160004.357691112498          66.903536558126      -42258.846666406433
       262230.163050145784     -161959.482968700264          64.814382555134      -39930.010624576011
       256208.858686734398     -163871.563114817138          62.678531202428      -37552.635507917526
       250313.110139910510     -165736.150377315178          60.486014466271      -35116.017843499147
       244546.376238625700     -167547.608606145455          58.224385325157      -32606.800859260067
       238913.854746881523     -169298.641783187515          55.877700593266      -30007.885760973462
       233423.225700351293     -170979.547193125298          53.424904256869      -27296.701383564752
       228085.897009161126     -172576.966507351259          50.837114083447      -24442.300058603170
       222919.239859371795     -174071.647238117002          48.072739326833      -21400.132253114451
       217950.985607092327     -175434.042859291134          45.067845531467      -18101.734643096308
       213229.066910513269     -176614.468839396315          41.714505820332      -14431.561649299401
       208848.479831469158     -177516.237846816191          37.801455424688      -10163.476100528575
       205056.504831754020     -177890.436193948408          32.780505750054       -4710.783948467571
       204458.104870100564     -175130.523306937888          20.827968213919        8158.262746769455
       204458.104870100564     -175130.523306937888          20.827968213904        8158.262746769455
       215645.891643203940     -167301.049382498662           8.743847658441       21006.528542700315
       223767.465028328617     -162597.252649955131           3.588810431117       26438.048022321997
       231431.171103127679     -158412.364646781498          -0.460904099688       30684.557963160441
       238887.792880008259     -154497.235586373426          -3.953559361699       34332.740823982560
       246235.953638692532     -150754.933458796935          -7.100497876472       37608.721738661261
       253527.343430365989     -147135.520086146600         -10.009727336828       40628.033779567893
       260793.586975542770     -143609.185917932307         -12.745266229066       43459.127271208279
       268056.090898115886     -140156.405631951406         -15.348792706048       46146.538230008795
       275330.447045637527     -136763.537799131765         -17.849279953745       48721.200264906074
       282628.674660715391     -133420.585856509395         -20.267878667323       51205.669911069053
       289960.473118450493     -130119.948683099909         -22.620630634446       53617.030733264277
       297333.972784709476     -126855.673234134360         -24.920085603281       55968.623643596438
       304756.210736120935     -123622.982503807347         -27.176318676363       58271.135591670543
       312233.446144347312     -120417.964025657391         -29.397599299200       60533.315330966230
       319771.377503069292     -117237.356744692850         -31.590847450704       62762.461395385617
       327375.297274954035     -114078.400697292542         -33.761954410868       64964.765097723481
       335050.205267539364     -110938.728204194456         -35.916014316415       67145.558007371161
       342800.894005201350     -107816.283324585005         -38.057495189339       69309.494606729117
       350632.014637615008     -104709.261047039705         -40.190367844086       71460.689823753419
       358548.129044848436     -101616.060574473740         -42.318204828302       73602.824447424529
       366553.751988080505      -98535.248872485070         -44.444257629641       75739.227234110644
       374653.385984491790      -95465.531822168545         -46.571517850672       77872.939803986636
       382851.550809847249      -92405.731094781033         -48.702766381334       80006.768635810018
       391152.809007928940      -89354.765391330671         -50.840613468408       82143.327258270860
       399561.788424423023      -86311.635053199803         -52.987531803095       84285.070902314139
       408083.202529137779      -83275.409305050183         -55.145884202182       86434.325294016919
       416721.869109856663      -80245.215573511436         -57.317947069682       88593.310850844704
       425482.727790568955      -77220.230457228667         -59.505930545263       90764.163242708863
       434370.856731605774      -74199.672020849364         -61.711996040430       92948.951058374267
       443391.488798750273      -71182.793157658205         -63.938271711527       95149.691153899475
       452550.027435989119      -68168.875819805573         -66.186866305235       97368.362136841315
       461852.062437054352      -65157.225956279908         -68.459881726596       99606.916346736427
       471303.385781184654      -62147.169030400859         -70.759424614894      101867.290621001477
       480910.007675650646      -59138.046013076855         -73.087617163163      104151.416080247858
       490678.172930230212      -56129.209767180495         -75.446607379443      106461.227124018973
       500614.377775158035      -53120.021753440655         -77.838578959103      108798.669794163536
       510725.387223472644      -50109.849000171351         -80.265760915775      111165.709636228465
       521018.253070030478      -47098.061288696088         -82.730437102149      113564.339167810394
       531500.332612270955      -44084.028514015656         -85.234955740096      115996.585045398169
       542179.308171445038      -41067.118186507956         -87.781739071425      118464.515007003356
       553063.207486962667      -38046.693045597072         -90.373293235548      120970.244655991031
       564160.425050277379      -35022.108760588548         -93.012218478056      123515.944141403350
       575479.744437766145      -31992.711697499464         -95.701219794250      126103.844781229942
       587030.361693904153      -28957.836733829845         -98.443118114212      128736.245667057257
       598821.909805816249      -25916.805106011085        -101.240862140700      131415.520280962111
       610864.484297614777      -22868.922276825899        -104.097540958090      134144.123148034036
       623168.669956458267      -19813.475812560962        -107.016397540193      136924.596540132246
       635745.568681241944      -16749.733262129193        -110.000843296589      139759.577238046826
       648606.828417721204      -13676.940033020006        -113.054473812608      142651.803349693801
       661764.673108746065      -10594.317261820615        -116.181085956163      145604.121170819883
       675231.933543448569       -7501.059680367516        -119.384696547319      148619.492061399826
       689022.078931289958       -4396.333482498284        -122.669562813714      151700.999294667214
       703149.248953023925       -1279.274201111740        -126.040204887719      154851.854815767467
       717628.285945656011        1851.015388930865        -129.501430641042      158075.405822161061
       732474.766757574631        4995.467319275353        -133.058363200802      161375.141046817473
       747705.033655054751        8155.050396024230        -136.716471549827      164754.696586199221
       763336.223463732866       11330.772043764349        -140.481604685677      168217.861065724370
       779386.293876015814       14523.679967673446        -144.360029901345      171768.579873110983
       795874.045532300486       17734.863557104400        -148.358475859637      175410.958110979700
       812819.138070737943       20965.454930286589        -152.484181269111      179149.261819664447
       830242.097810502397       24216.629489337240        -156.744950139609      182987.916893282119
       848164.314053821377       27489.605815667022        -161.149214810077      186931.504948737915
       866608.020117977983       30785.644685480802        -165.706108214568      190984.755198272032
       885596.254081841442       34106.046919989196        -170.425547201860      195152.531107721501
       905152.792776039103       37452.149700606373        -175.318329176859      199439.810277188633
       925302.050660031731       40825.320869779935        -180.396244921029      203851.655534693477
       946068.932778968127       44226.950595088703        -185.672211224635      208393.174655541196
       967478.627798434929       47658.439587020919        -191.160427993213      213069.465369049867
       989556.322935921839       51121.182814777079        -196.876565869922      217885.541334508889
      1012326.817120375112       54616.547339680270        -202.837992283542      222846.233485280594
      1035814.001478210906       58145.842455296326        -209.064046385497      227956.059453474678
      1060040.166672270978       61710.279750070265        -215.576376869075      233219.051561493019
      1085025.083900292171       65310.919941161257        -222.399361595383      238638.530916081741
      1110784.789384314325       68948.602296372264        -229.560634918629      244216.811212990026
      1137329.979432752822       72623.851066169300        -237.091758565178      249954.810610163753
      1164663.892537903506       76336.751451708726        -245.029086336400      255851.542980249535
      1192779.513597307727       80086.785043460783        -253.414894032424      261903.450356605637
      1221655.879230022663       83872.611104075535        -262.298877367423      268103.525544647535
      1251253.186810357496       87691.775149622408        -271.740167886434      274440.156453209638
      1281506.305742555764       91540.319452580661        -281.810089059598      280895.600036610966
      1312316.147473194171       95412.260563037315        -292.595986670565      287443.961582072370
      1343538.157308428548       99298.885610969679        -304.206644068955      294048.511491539713
      1374966.929156078026      103187.800457091667        -316.780075767625      300658.113030731212
      1406315.593882036163      107061.636569634298        -330.494954695849      307202.456630788918
      1437188.174207515782      110896.287014397603        -345.587696827775      313585.695708749583
      1467042.528308804380      114658.491780056022        -362.378531463517      319677.955739703320
      1495140.859767056303      118302.525606898518        -381.312147965278      325304.053991949360
      1520484.215858244337      121765.656979675899        -403.022522545443      330228.663744508231
      1541727.403186710319      124961.954151420592        -428.438813208006      334137.200739562511
      1557072.545837034937      127773.950670201360        -458.962750751738      336612.196873800771
      1564146.094386834884      130041.763018643251        -496.773704775126      337106.569411270553
      1559882.510159218451      131549.785809889407        -545.367576572771      334919.649609539134
      1540483.906744377688      132012.859825585678        -610.533917479522      329192.778553731448
      1501630.947981982958      131068.667880622277        -702.168132424806      318966.119221706351
      1439336.307634711731      128294.843114474439        -837.677392145047      303388.171336380823
      1352146.877791539300      123292.305841284091       -1048.339158011092      282239.737039346364
      1245231.866752981907      115896.109358389018       -1390.819469552653      256883.625844548980
      1133470.719747623662      106460.388340478632       -1970.859906715174      230931.655160792376
      1033405.712724232581       95572.865365702746       -3070.090564206478      208279.995218370052
       992415.036160234245       89370.753516651035       -4345.116795910015      199303.634841100313
