  6.649986405755458E-025
  6.649985868467278E-025
  6.649985326831880E-025
  6.649984780813674E-025
  6.649984230377244E-025
  6.649983675486825E-025
  6.649983116106544E-025
  6.649982552200183E-025
  6.649981983730463E-025
  6.649981410661266E-025
  6.649980832954381E-025
  6.649980250573825E-025
  6.649979663480272E-025
  6.649979071637050E-025
  6.649978475004895E-025
  6.649977873543004E-025
  6.649977267216978E-025
  6.649976655983870E-025
  6.649976039802988E-025
  6.649975418638172E-025
  6.649974792448231E-025
  6.649974161187903E-025
  6.649973524825514E-025
  6.649972883309185E-025
  6.649972236602791E-025
  6.649971584662144E-025
  6.649970927443752E-025
  6.649970264912611E-025
  6.649969597018378E-025
  6.649968923717263E-025
  6.649968244976910E-025
  6.649967560751460E-025
  6.649966870972475E-025
  6.649966175595394E-025
  6.649965474630929E-025
  6.649964767960147E-025
  6.649964055572894E-025
  6.649963337444205E-025
  6.649962613506346E-025
  6.649961883663144E-025
  6.649961148019799E-025
  6.649960406429023E-025
  6.649959658664620E-025
  6.649958904949951E-025
  6.649958145247221E-025
  6.649957379205364E-025
  6.649956607065892E-025
  6.649955828706238E-025
  6.649955043948106E-025
  6.649954252878380E-025
  6.649953455377266E-025
  6.649952651564975E-025
  6.649951841097995E-025
  6.649951024017064E-025
  6.649950200794715E-025
  6.649949370370286E-025
  6.649948533527169E-025
  6.649947689289616E-025
  6.649946839285640E-025
  6.649945981890239E-025
  6.649945116501951E-025
  6.649944246044025E-025
  6.649943367345699E-025
  6.649942481820286E-025
  6.649941588917105E-025
  6.649940689180430E-025
  6.649939781415805E-025
  6.649938867205215E-025
  6.649937944848841E-025
  6.649937016425205E-025
  6.649936080265196E-025
  6.649935134324123E-025
  6.649934186222098E-025
  6.649933221271777E-025
  6.649932257193457E-025
  6.649931282343858E-025
  6.649930297595713E-025
  6.649929300337319E-025
  6.649928308268089E-025
  6.649927298891743E-025
  6.649926282682563E-025
  6.649925255717046E-025
  6.649924228659653E-025
  6.649923182352159E-025
  6.649922140546972E-025
  6.649921078867360E-025
  6.649920015911491E-025
  6.649918930561404E-025
  6.649917856493732E-025
  6.649916754068371E-025
  6.649915662784689E-025
  6.649914542854975E-025
  6.649913426122664E-025
  6.649912291393219E-025
  6.649911171478679E-025
  6.649910041170951E-025
  6.649908878402975E-025
  6.649907699976645E-025
  6.649906549482266E-025
  6.649905332554555E-025
  6.649904160424414E-025
  6.649902977141714E-025
  6.649901764076652E-025
  6.649900473230315E-025
  6.649899268632933E-025
  6.649898029864696E-025
  6.649896795455837E-025
  6.649895514687372E-025
  6.649894240766136E-025
  6.649892953642097E-025
  6.649891639863829E-025
  6.649890350629878E-025
  6.649889035491321E-025
  6.649887795620091E-025
  6.649886394739891E-025
  6.649885056003290E-025
  6.649883779011358E-025
  6.649882177124212E-025
  6.649880879572073E-025
  6.649879632535149E-025
  6.649878204841297E-025
  6.649876776590060E-025
  6.649875310830196E-025
  6.649873755617402E-025
  6.649872540103609E-025
  6.649871017399000E-025
  6.649869364701270E-025
  6.649867992489947E-025
  6.649866561887458E-025
  6.649864799443701E-025
  6.649863519050578E-025
  6.649861816979746E-025
  6.649860363149951E-025
  6.649858532079086E-025
  6.649857481165804E-025
  6.649855731750070E-025
  6.649854129814685E-025
  6.649852967341391E-025
  6.649850821056948E-025
  6.649849522607912E-025
  6.649847986662327E-025
  6.649846020756915E-025
  6.649844194589665E-025
  6.649842477755744E-025
  6.649840775640935E-025
  6.649839004774390E-025
  6.649838049921548E-025
  6.649835460169825E-025
  6.649834549147030E-025
  6.649832556201716E-025
  6.649830224732520E-025
  6.649828912845168E-025
  6.649826911452664E-025
  6.649824832269570E-025
  6.649823005246447E-025
  6.649821300471501E-025
  6.649819251319522E-025
  6.649816771069971E-025
  6.649815633731039E-025
  6.649813486256625E-025
  6.649812246753028E-025
  6.649810147911783E-025
  6.649807158398335E-025
  6.649805199173128E-025
  6.649803575850799E-025
  6.649801554413958E-025
  6.649798231859849E-025
  6.649797374178220E-025
  6.649796534909321E-025
  6.649794090291165E-025
  6.649790714027883E-025
  6.649789366429234E-025
  6.649787376520519E-025
  6.649785829415103E-025
  6.649784103395207E-025
  6.649780015288585E-025
  6.649778626700383E-025
  6.649777179394802E-025
  6.649774615315038E-025
  6.649771901498783E-025
  6.649769710423977E-025
  6.649766695119427E-025
  6.649765150255900E-025
  6.649761377425327E-025
  6.649759199613911E-025
  6.649758651031184E-025
  6.649753730178030E-025
  6.649753587955948E-025
  6.649752209469035E-025
  6.649748754184231E-025
  6.649742768598966E-025
  6.649743589939561E-025
  6.649740482453831E-025
  6.649739436216379E-025
  6.649736276243594E-025
  6.649733978290224E-025
  6.649734078788759E-025
  6.649729419863328E-025
  6.649724888116553E-025
  6.649723776015362E-025
  6.649718327439262E-025
  6.649715911865733E-025
  6.649713245249816E-025
  6.649713147624379E-025
  6.649707065519166E-025
  6.649710521879442E-025
  6.649699529583763E-025
  6.649702909275595E-025
  6.649700413201030E-025
  6.649698423882338E-025
  6.649697573408171E-025
  6.649690996601744E-025
  6.649686317200186E-025
  6.649686746926676E-025
  6.649685350499862E-025
  6.649678138645330E-025
  6.649666508424319E-025
  6.649673975985273E-025
  6.649669579052765E-025
  6.649668405773097E-025
  6.649657447243466E-025
  6.649660947128860E-025
  6.649658458223619E-025
  6.649649023860004E-025
  6.649643903464458E-025
  6.649645891770633E-025
  6.649647584217198E-025
  6.649634091234108E-025
  6.649632743317211E-025
  6.649635843492462E-025
  6.649625913943420E-025
  6.649625706455154E-025
  6.649621393979120E-025
  6.649616833100230E-025
  6.649616399650383E-025
  6.649608202111059E-025
  6.649603024362624E-025
  6.649610593089676E-025
  6.649602496780791E-025
  6.649589765176085E-025
  6.649587422716039E-025
  6.649589116033795E-025
  6.649581483721224E-025
  6.649578335009491E-025
  6.649581274750834E-025
  6.649562066165776E-025
  6.649573705736305E-025
  6.649556280426643E-025
  6.649559634367129E-025
  6.649562901315442E-025
  6.649552425619022E-025
  6.649543753754687E-025
  6.649545193245799E-025
  6.649541009253979E-025
  6.649548886115870E-025
  6.649541129559203E-025
  6.649537887946273E-025
  6.649527233820027E-025
  6.649517592077973E-025
  6.649518026806572E-025
  6.649516850035731E-025
  6.649505627815628E-025
  6.649506946113724E-025
  6.649514836367880E-025
  6.649486804083307E-025
  6.649485214363720E-025
  6.649493950955441E-025
  6.649478614512614E-025
  6.649479040038318E-025
  6.649475430217440E-025
  6.649460648785602E-025
  6.649464499554043E-025
  6.649466235218874E-025
  6.649451094814113E-025
  6.649449554352211E-025
  6.649446956299640E-025
  6.649431981045863E-025
  6.649427539975138E-025
  6.649419399788666E-025
  6.649414731813517E-025
  6.649423283809047E-025
  6.649407223582709E-025
  6.649412319957423E-025
  6.649409142061419E-025
  6.649393662242194E-025
  6.649408575190840E-025
  6.649397487365061E-025
  6.649378574532328E-025
  6.649377901515859E-025
  6.649368485726187E-025
  6.649362167724207E-025
  6.649357225887182E-025
  6.649348563466428E-025
  6.649348093350274E-025
  6.649361461229608E-025
  6.649343014480904E-025
  6.649331788445300E-025
  6.649328798545496E-025
  6.649325022572114E-025
  6.649318384702675E-025
  6.649315207364854E-025
  6.649295873896016E-025
  6.649289766561309E-025
  6.649281217698952E-025
  6.649282260482314E-025
  6.649276536224713E-025
  6.649267900625688E-025
  6.649274430882966E-025
  6.649247837833767E-025
  6.649257813863336E-025
  6.649241345540990E-025
  6.649240686511749E-025
  6.649230554048511E-025
  6.649218127794439E-025
  6.649212917886634E-025
  6.649214833533375E-025
  6.649199756771791E-025
  6.649208957543269E-025
  6.649174252830350E-025
  6.649184453456465E-025
  6.649174786997992E-025
  6.649170565455438E-025
  6.649168324819048E-025
  6.649162145943903E-025
  6.649148453439343E-025
  6.649150739891640E-025
  6.649138383290695E-025
  6.649123545268566E-025
  6.649117000631741E-025
  6.649120459321856E-025
  6.649110827906941E-025
  6.649088164545901E-025
  6.649090005434217E-025
  6.649102083518852E-025
  6.649068708585807E-025
  6.649076329098608E-025
  6.649069598014468E-025
  6.649036590496147E-025
  6.649050807307044E-025
  6.649031494212631E-025
  6.649026921048711E-025
  6.649016108674143E-025
  6.649004917943887E-025
  6.649001045989259E-025
  6.648995397119272E-025
  6.648995966503002E-025
  6.648981940949490E-025
  6.648967895052323E-025
  6.648950285102837E-025
  6.648940423482318E-025
  6.648944183675940E-025
  6.648926346904664E-025
  6.648915081092754E-025
  6.648925947143422E-025
  6.648897974685247E-025
  6.648909219465964E-025
  6.648883651931269E-025
  6.648868802592675E-025
  6.648878952038339E-025
  6.648867073699799E-025
  6.648841585990837E-025
  6.648841736362434E-025
  6.648821459537072E-025
  6.648829053721395E-025
  6.648799831187631E-025
  6.648794032528814E-025
  6.648794794859064E-025
  6.648758770687368E-025
  6.648768114852880E-025
  6.648757205387989E-025
  6.648748610782591E-025
  6.648740508594459E-025
  6.648712115805877E-025
  6.648709564633857E-025
  6.648702809424983E-025
  6.648691574137508E-025
  6.648670993503805E-025
  6.648669627475464E-025
  6.648660190857986E-025
  6.648644673759226E-025
  6.648634468243688E-025
  6.648619217286871E-025
  6.648616540167323E-025
  6.648596806123121E-025
  6.648588616618001E-025
  6.648564953857631E-025
  6.648566263229731E-025
  6.648559666910047E-025
  6.648544247360267E-025
  6.648521731943398E-025
  6.648512735773330E-025
  6.648496000390989E-025
  6.648489215736968E-025
  6.648473416163050E-025
  6.648464588940250E-025
  6.648452082940815E-025
  6.648444543056227E-025
  6.648431886045699E-025
  6.648411251650007E-025
  6.648400513662155E-025
  6.648383759826911E-025
  6.648368368457030E-025
  6.648358183330891E-025
  6.648342816564068E-025
  6.648321424364290E-025
  6.648309310188449E-025
  6.648304044689307E-025
  6.648284735541673E-025
  6.648274260473241E-025
  6.648257833666702E-025
  6.648247005557761E-025
  6.648233157418644E-025
  6.648211833278470E-025
  6.648204709885558E-025
  6.648183371734344E-025
  6.648171479612702E-025
  6.648154234779969E-025
  6.648145588940066E-025
  6.648124282946838E-025
  6.648115278972265E-025
  6.648094201400376E-025
  6.648083027472331E-025
  6.648065027045591E-025
  6.648046902836829E-025
  6.648024817707166E-025
  6.648017693293128E-025
  6.647996642183000E-025
  6.647982081104965E-025
  6.647962141105841E-025
  6.647944039010729E-025
  6.647931702347115E-025
  6.647910763077157E-025
  6.647895726497242E-025
  6.647879186661437E-025
  6.647862048477688E-025
  6.647844033646071E-025
  6.647825726191804E-025
  6.647809719121702E-025
  6.647788879690052E-025
  6.647770140026084E-025
  6.647751345815824E-025
  6.647738105748207E-025
  6.647712191307777E-025
  6.647696524474519E-025
  6.647676159081940E-025
  6.647661708414144E-025
  6.647638155647709E-025
  6.647618240432760E-025
  6.647603543380246E-025
  6.647575857907027E-025
  6.647559633145776E-025
  6.647539751374412E-025
  6.647518572822987E-025
  6.647493659975506E-025
  6.647476777808403E-025
  6.647456332780498E-025
  6.647436543258790E-025
  6.647411688490689E-025
  6.647391812726207E-025
  6.647373876622789E-025
  6.647349751793829E-025
  6.647325871858257E-025
  6.647306068751305E-025
  6.647283971237564E-025
  6.647261608863150E-025
  6.647237460795380E-025
  6.647216768463488E-025
  6.647193965920262E-025
  6.647171550170716E-025
  6.647147059346202E-025
  6.647124000413850E-025
  6.647101003709763E-025
  6.647074490334417E-025
  6.647051275399190E-025
  6.647028450461938E-025
  6.647000257343019E-025
  6.646978814692630E-025
  6.646954168631004E-025
  6.646927594631595E-025
  6.646905291032003E-025
  6.646878445353821E-025
  6.646851428520498E-025
  6.646827577284598E-025
  6.646795841031790E-025
  6.646771425260076E-025
  6.646746032166532E-025
  6.646719137275099E-025
  6.646693182411389E-025
  6.646665878972602E-025
  6.646636304403667E-025
  6.646608783764397E-025
  6.646585338718140E-025
  6.646555015313195E-025
  6.646525303238489E-025
  6.646495814898416E-025
  6.646469833588381E-025
  6.646441258054320E-025
  6.646410311123603E-025
  6.646382665483187E-025
  6.646351973493903E-025
  6.646321115106784E-025
  6.646291796126455E-025
  6.646260656706542E-025
  6.646232133662544E-025
  6.646200407824348E-025
  6.646170415781270E-025
  6.646140124716458E-025
  6.646106660280050E-025
  6.646072454435993E-025
  6.646041635594545E-025
  6.646010408627432E-025
  6.645977521127612E-025
  6.645945244414185E-025
  6.645911661146307E-025
  6.645876514215496E-025
  6.645842554237214E-025
  6.645809219238870E-025
  6.645775358879352E-025
  6.645740881258376E-025
  6.645705705221658E-025
  6.645671286822120E-025
  6.645635739134305E-025
  6.645599440809757E-025
  6.645563843605642E-025
  6.645527461655708E-025
  6.645491370124464E-025
  6.645454878137270E-025
  6.645415941498960E-025
  6.645379129216799E-025
  6.645341282390644E-025
  6.645303643326946E-025
  6.645265079983158E-025
  6.645226036241026E-025
  6.645186647367323E-025
  6.645147684936668E-025
  6.645107781925941E-025
  6.645067925487984E-025
  6.645028651197268E-025
  6.644987768396575E-025
  6.644947303583659E-025
  6.644905871471619E-025
  6.644863660397712E-025
  6.644821383458675E-025
  6.644778885439558E-025
  6.644736563201963E-025
  6.644693703697233E-025
  6.644650370312062E-025
  6.644607239291817E-025
  6.644563398378924E-025
  6.644519344820919E-025
  6.644474588879692E-025
  6.644428777132332E-025
  6.644384072682538E-025
  6.644337393665867E-025
  6.644292064154504E-025
  6.644244871168618E-025
  6.644197436125715E-025
  6.644150774769446E-025
  6.644102563190509E-025
  6.644054940223813E-025
  6.644006719245218E-025
  6.643957551769950E-025
  6.643908721906646E-025
  6.643859102718297E-025
  6.643809153499918E-025
  6.643758260137751E-025
  6.643707573875725E-025
  6.643655989446608E-025
  6.643604681677591E-025
  6.643552355336076E-025
  6.643500020346361E-025
  6.643447216406134E-025
  6.643393687785658E-025
  6.643339809808936E-025
  6.643285527571882E-025
  6.643230857073311E-025
  6.643175703535680E-025
  6.643119943835398E-025
  6.643064451843816E-025
  6.643007269986143E-025
  6.642950912392030E-025
  6.642893886710592E-025
  6.642835682579675E-025
  6.642777794385096E-025
  6.642718882369440E-025
  6.642659373820772E-025
  6.642600061475168E-025
  6.642539487878476E-025
  6.642479015444792E-025
  6.642417910524167E-025
  6.642356129445491E-025
  6.642294139898188E-025
  6.642231532634087E-025
  6.642168387970995E-025
  6.642104516353334E-025
  6.642040164669075E-025
  6.641975610862684E-025
  6.641910361232028E-025
  6.641844729627993E-025
  6.641778288241662E-025
  6.641711398085312E-025
  6.641644165002675E-025
  6.641576284665969E-025
  6.641507882169498E-025
  6.641438911601417E-025
  6.641369437316821E-025
  6.641299233975756E-025
  6.641228542560916E-025
  6.641157474032335E-025
  6.641085539607313E-025
  6.641013138401059E-025
  6.640940159932435E-025
  6.640866504558889E-025
  6.640792360186397E-025
  6.640717902724890E-025
  6.640642469616815E-025
  6.640566426492296E-025
  6.640489858878781E-025
  6.640412653365113E-025
  6.640334879556823E-025
  6.640256558284750E-025
  6.640177351794485E-025
  6.640097700950952E-025
  6.640017405246264E-025
  6.639936275265786E-025
  6.639854597214128E-025
  6.639772396355774E-025
  6.639689399221348E-025
  6.639605764616639E-025
  6.639521487557359E-025
  6.639436506531357E-025
  6.639350860443607E-025
  6.639264498417934E-025
  6.639177474471734E-025
  6.639089716843232E-025
  6.639001239895120E-025
  6.638912106081646E-025
  6.638822167074026E-025
  6.638731605605571E-025
  6.638640205261558E-025
  6.638548144823298E-025
  6.638455300115054E-025
  6.638361850826963E-025
  6.638267513299151E-025
  6.638172427183082E-025
  6.638076582601078E-025
  6.637979975373886E-025
  6.637882599570617E-025
  6.637784512165279E-025
  6.637685533933038E-025
  6.637585848790465E-025
  6.637485280210793E-025
  6.637383840292246E-025
  6.637281655436842E-025
  6.637178685551466E-025
  6.637074847636963E-025
  6.636970209468743E-025
  6.636864677233796E-025
  6.636758365621650E-025
  6.636651190664352E-025
  6.636543110229425E-025
  6.636434178542043E-025
  6.636324369926295E-025
  6.636213680304079E-025
  6.636102094590200E-025
  6.635989675996711E-025
  6.635876233618923E-025
  6.635761991604373E-025
  6.635646809969347E-025
  6.635530639478767E-025
  6.635413598035867E-025
  6.635295553483908E-025
  6.635176603521010E-025
  6.635056741313819E-025
  6.634935869573844E-025
  6.634814037427638E-025
  6.634691225052887E-025
  6.634567389424590E-025
  6.634442659122444E-025
  6.634316811326381E-025
  6.634190004776044E-025
  6.634062189063419E-025
  6.633933345619964E-025
  6.633803453523798E-025
  6.633672532116168E-025
  6.633540553678131E-025
  6.633407514961147E-025
  6.633273434481287E-025
  6.633138227592243E-025
  6.633002006446277E-025
  6.632864628519512E-025
  6.632726174652588E-025
  6.632586594708017E-025
  6.632445913329344E-025
  6.632304125359791E-025
  6.632161143350780E-025
  6.632017083939034E-025
  6.631871823778872E-025
  6.631725415753680E-025
  6.631577817757185E-025
  6.631429052690185E-025
  6.631279060432561E-025
  6.631127916697029E-025
  6.630975563010175E-025
  6.630821944141644E-025
  6.630667109132012E-025
  6.630511042441133E-025
  6.630353727332074E-025
  6.630195159945706E-025
  6.630035314849166E-025
  6.629874199164967E-025
  6.629711772577264E-025
  6.629548058102700E-025
  6.629383037679570E-025
  6.629216682581052E-025
  6.629048992094680E-025
  6.628879979249084E-025
  6.628709599954583E-025
  6.628537869789776E-025
  6.628364753637831E-025
  6.628190259786900E-025
  6.628014358853242E-025
  6.627837052810237E-025
  6.627658351734215E-025
  6.627478207599845E-025
  6.627296613311483E-025
  6.627113569953930E-025
  6.626929068313803E-025
  6.626743095035455E-025
  6.626555626609676E-025
  6.626366657169073E-025
  6.626176183456315E-025
  6.625984199020931E-025
  6.625790663359291E-025
  6.625595589731828E-025
  6.625398958929181E-025
  6.625200753745400E-025
  6.625000963931811E-025
  6.624799579439182E-025
  6.624596584337154E-025
  6.624391979442300E-025
  6.624185733726750E-025
  6.623977837561278E-025
  6.623768288107940E-025
  6.623557063210020E-025
  6.623344156492604E-025
  6.623129545471542E-025
  6.622913216604853E-025
  6.622695171271326E-025
  6.622475393091899E-025
  6.622253848771098E-025
  6.622030543951995E-025
  6.621805458296794E-025
  6.621578578681080E-025
  6.621349884809505E-025
  6.621119375415465E-025
  6.620887026486158E-025
  6.620652823544524E-025
  6.620416753108835E-025
  6.620178809066695E-025
  6.619938961622187E-025
  6.619697211730373E-025
  6.619453530247292E-025
  6.619207908151936E-025
  6.618960337635541E-025
  6.618710785262785E-025
  6.618459252862430E-025
  6.618205716116003E-025
  6.617950167526340E-025
  6.617692581705351E-025
  6.617432942188432E-025
  6.617171244082169E-025
  6.616907462077096E-025
  6.616641580573631E-025
  6.616373585426785E-025
  6.616103463529388E-025
  6.615831188037606E-025
  6.615556755958665E-025
  6.615280140634570E-025
  6.615001321396916E-025
  6.614720293356505E-025
  6.614437027727535E-025
  6.614151520981454E-025
  6.613863739519380E-025
  6.613573675598086E-025
  6.613281310537300E-025
  6.612986620825563E-025
  6.612689595450834E-025
  6.612390212726568E-025
  6.612088454079476E-025
  6.611784302181008E-025
  6.611477738013912E-025
  6.611168743910145E-025
  6.610857296082022E-025
  6.610543383738819E-025
  6.610226982668133E-025
  6.609908073179645E-025
  6.609586635060891E-025
  6.609262653595832E-025
  6.608936103953494E-025
  6.608606969735849E-025
  6.608275227666052E-025
  6.607940860484639E-025
  6.607603845296181E-025
  6.607264165765008E-025
  6.606921797541183E-025
  6.606576720286362E-025
  6.606228914274909E-025
  6.605878356632405E-025
  6.605525027050633E-025
  6.605168905934420E-025
  6.604809968613733E-025
  6.604448195507092E-025
  6.604083564957512E-025
  6.603716053015703E-025
  6.603345638762427E-025
  6.602972302191459E-025
  6.602596016045823E-025
  6.602216758758877E-025
  6.601834509810187E-025
  6.601449244738105E-025
  6.601060942693167E-025
  6.600669574915993E-025
  6.600275122374881E-025
  6.599877560552500E-025
  6.599476865220085E-025
  6.599073013436809E-025
  6.598665977990567E-025
  6.598255737740841E-025
  6.597842265980237E-025
  6.597425539855280E-025
  6.597005532232018E-025
  6.596582220573255E-025
  6.596155577117775E-025
  6.595725577572069E-025
  6.595292196986172E-025
  6.594855408807064E-025
  6.594415187464547E-025
  6.593971504294763E-025
  6.593524337013021E-025
  6.593073656803839E-025
  6.592619436754357E-025
  6.592161650210349E-025
  6.591700270085334E-025
  6.591235269622795E-025
  6.590766619947771E-025
  6.590294294551801E-025
  6.589818265350428E-025
  6.589338503580098E-025
  6.588854981643589E-025
  6.588367671366808E-025
  6.587876542864567E-025
  6.587381567148535E-025
  6.586882716609113E-025
  6.586379961106548E-025
  6.585873270114230E-025
  6.585362615638659E-025
  6.584847967122108E-025
  6.584329293819235E-025
  6.583806565761672E-025
  6.583279751980851E-025
  6.582748823477536E-025
  6.582213746862371E-025
  6.581674492569649E-025
  6.581131027630896E-025
  6.580583322115638E-025
  6.580031342914243E-025
  6.579475058818390E-025
  6.578914436599589E-025
  6.578349444258814E-025
  6.577780048839013E-025
  6.577206218088063E-025
  6.576627918026924E-025
  6.576045115289613E-025
  6.575457776766143E-025
  6.574865867521955E-025
  6.574269354658483E-025
  6.573668203069258E-025
  6.573062378029066E-025
  6.572451845201386E-025
  6.571836569536835E-025
  6.571216515141371E-025
  6.570591647156064E-025
  6.569961929308612E-025
  6.569327326165378E-025
  6.568687801061274E-025
  6.568043317392800E-025
  6.567393838548677E-025
  6.566739327570658E-025
  6.566079747229541E-025
  6.565415060296182E-025
  6.564745228436110E-025
  6.564070214291047E-025
  6.563389979358340E-025
  6.562704484823131E-025
  6.562013692623794E-025
  6.561317563210384E-025
  6.560616057464188E-025
  6.559909135979276E-025
  6.559196759004299E-025
  6.558478886353358E-025
  6.557755477916821E-025
  6.557026492709312E-025
  6.556291890636885E-025
  6.555551630025572E-025
  6.554805669822788E-025
  6.554053968253236E-025
  6.553296483448185E-025
  6.552533173306473E-025
  6.551763995404465E-025
  6.550988907129000E-025
  6.550207865207362E-025
  6.549420826555895E-025
  6.548627747897830E-025
  6.547828585048735E-025
  6.547023294224149E-025
  6.546211830923674E-025
  6.545394150455791E-025
  6.544570208071902E-025
  6.543739958408812E-025
  6.542903356135324E-025
  6.542060355257795E-025
  6.541210910037563E-025
  6.540354973857476E-025
  6.539492500334870E-025
  6.538623442244327E-025
  6.537747752587536E-025
  6.536865383847848E-025
  6.535976288227411E-025
  6.535080417749799E-025
  6.534177723693230E-025
  6.533268157681475E-025
  6.532351670827447E-025
  6.531428213546950E-025
  6.530497736467723E-025
  6.529560189651868E-025
  6.528615522995936E-025
  6.527663686015118E-025
  6.526704627931644E-025
  6.525738297656553E-025
  6.524764643876420E-025
  6.523783614844219E-025
  6.522795158617301E-025
  6.521799222877164E-025
  6.520795754953816E-025
  6.519784701998989E-025
  6.518766010858183E-025
  6.517739627996298E-025
  6.516705499448556E-025
  6.515663571143332E-025
  6.514613788550743E-025
  6.513556096995108E-025
  6.512490441361222E-025
  6.511416766150213E-025
  6.510335015627607E-025
  6.509245133906129E-025
  6.508147064540001E-025
  6.507040750830479E-025
  6.505926135825729E-025
  6.504803162094194E-025
  6.503671772189994E-025
  6.502531908004678E-025
  6.501383511402068E-025
  6.500226523566962E-025
  6.499060885808102E-025
  6.497886538766867E-025
  6.496703422900208E-025
  6.495511478278241E-025
  6.494310644755243E-025
  6.493100861753407E-025
  6.491882068438383E-025
  6.490654203560959E-025
  6.489417205676986E-025
  6.488171012880528E-025
  6.486915563075328E-025
  6.485650793681364E-025
  6.484376641962272E-025
  6.483093044715175E-025
  6.481799938482141E-025
  6.480497259441301E-025
  6.479184943474722E-025
  6.477862926119379E-025
  6.476531142570409E-025
  6.475189527783491E-025
  6.473838016242074E-025
  6.472476542160517E-025
  6.471105039473506E-025
  6.469723441748250E-025
  6.468331682219475E-025
  6.466929693802052E-025
  6.465517409100186E-025
  6.464094760323947E-025
  6.462661679457816E-025
  6.461218098065036E-025
  6.459763947439165E-025
  6.458299158524573E-025
  6.456823661955936E-025
  6.455337387983040E-025
  6.453840266634872E-025
  6.452332227503986E-025
  6.450813199968019E-025
  6.449283112965064E-025
  6.447741895190299E-025
  6.446189475016458E-025
  6.444625780440168E-025
  6.443050739156740E-025
  6.441464278579975E-025
  6.439866325752481E-025
  6.438256807418113E-025
  6.436635649996749E-025
  6.435002779605311E-025
  6.433358122033522E-025
  6.431701602743978E-025
  6.430033146912944E-025
  6.428352679357649E-025
  6.426660124630645E-025
  6.424955406940826E-025
  6.423238450209598E-025
  6.421509178023894E-025
  6.419767513672314E-025
  6.418013380157940E-025
  6.416246700151204E-025
  6.414467396034454E-025
  6.412675389871301E-025
  6.410870603441736E-025
  6.409052958214471E-025
  6.407222375379434E-025
  6.405378775809974E-025
  6.403522080081337E-025
  6.401652208514406E-025
  6.399769081098649E-025
  6.397872617534974E-025
  6.395962737280486E-025
  6.394039359470951E-025
  6.392102402967470E-025
  6.390151786344671E-025
  6.388187427917175E-025
  6.386209245709494E-025
  6.384217157480867E-025
  6.382211080717096E-025
  6.380190932619898E-025
  6.378156630158581E-025
  6.376108090012554E-025
  6.374045228592875E-025
  6.371967962087731E-025
  6.369876206391271E-025
  6.367769877169728E-025
  6.365648889840874E-025
  6.363513159544846E-025
  6.361362601225937E-025
  6.359197129545042E-025
  6.357016658945925E-025
  6.354821103626052E-025
  6.352610377574272E-025
  6.350384394530687E-025
  6.348143068019447E-025
  6.345886311338082E-025
  6.343614037573015E-025
  6.341326159596633E-025
  6.339022590061238E-025
  6.336703241431720E-025
  6.334368025954573E-025
  6.332016855682000E-025
  6.329649642473040E-025
  6.327266298002888E-025
  6.324866733740702E-025
  6.322450860998109E-025
  6.320018590889952E-025
  6.317569834373434E-025
  6.315104502221107E-025
  6.312622505049191E-025
  6.310123753315983E-025
  6.307608157321411E-025
  6.305075627214634E-025
  6.302526072996605E-025
  6.299959404534980E-025
  6.297375531558557E-025
  6.294774363658636E-025
  6.292155810314111E-025
  6.289519780865020E-025
  6.286866184557572E-025
  6.284194930513924E-025
  6.281505927757909E-025
  6.278799085214752E-025
  6.276074311708963E-025
  6.273331515986290E-025
  6.270570606706705E-025
  6.267791492464454E-025
  6.264994081764681E-025
  6.262178283068252E-025
  6.259344004764143E-025
  6.256491155198899E-025
  6.253619642673551E-025
  6.250729375445287E-025
  6.247820261739683E-025
  6.244892209761005E-025
  6.241945127694565E-025
  6.238978923707240E-025
  6.235993505966472E-025
  6.232988782636505E-025
  6.229964661896003E-025
  6.226921051932461E-025
  6.223857860955758E-025
  6.220774997213185E-025
  6.217672368980616E-025
  6.214549884581735E-025
  6.211407452394699E-025
  6.208244980850951E-025
  6.205062378453811E-025
  6.201859553780172E-025
  6.198636415489153E-025
  6.195392872328914E-025
  6.192128833149129E-025
  6.188844206903665E-025
  6.185538902662729E-025
  6.182212829617552E-025
  6.178865897090899E-025
  6.175498014546129E-025
  6.172109091593543E-025
  6.168699038002171E-025
  6.165267763703242E-025
  6.161815178804113E-025
  6.158341193593182E-025
  6.154845718551667E-025
  6.151328664362580E-025
  6.147789941915442E-025
  6.144229462320055E-025
  6.140647136916007E-025
  6.137042877277760E-025
  6.133416595226354E-025
  6.129768202840200E-025
  6.126097612461598E-025
  6.122404736709593E-025
  6.118689488487207E-025
  6.114951780991512E-025
  6.111191527723539E-025
  6.107408642499443E-025
  6.103603039460181E-025
  6.099774633078604E-025
  6.095923338173419E-025
  6.092049069916512E-025
  6.088151743844876E-025
  6.084231275871652E-025
  6.080287582292132E-025
  6.076320579800005E-025
  6.072330185493180E-025
  6.068316316887685E-025
  6.064278891926163E-025
  6.060217828988862E-025
  6.056133046904324E-025
  6.052024464961805E-025
  6.047892002919956E-025
  6.043735581018821E-025
  6.039555119989566E-025
  6.035350541069162E-025
  6.031121766005411E-025
  6.026868717073417E-025
  6.022591317084376E-025
  6.018289489397085E-025
  6.013963157928967E-025
  6.009612247167736E-025
  6.005236682182431E-025
  6.000836388635713E-025
  5.996411292794133E-025
  5.991961321540257E-025
  5.987486402382500E-025
  5.982986463469886E-025
  5.978461433601325E-025
  5.973911242237079E-025
  5.969335819511481E-025
  5.964735096242959E-025
  5.960109003949519E-025
  5.955457474854378E-025
  5.950780441903291E-025
  5.946077838773611E-025
  5.941349599885689E-025
  5.936595660416328E-025
  5.931815956309338E-025
  5.927010424287191E-025
  5.922179001864469E-025
  5.917321627357409E-025
  5.912438239897062E-025
  5.907528779441051E-025
  5.902593186785529E-025
  5.897631403576233E-025
  5.892643372320872E-025
  5.887629036400586E-025
  5.882588340082588E-025
  5.877521228531029E-025
  5.872427647818999E-025
  5.867307544940372E-025
  5.862160867822100E-025
  5.856987565334863E-025
  5.851787587305612E-025
  5.846560884528969E-025
  5.841307408778845E-025
  5.836027112820062E-025
  5.830719950420081E-025
  5.825385876360028E-025
  5.820024846447661E-025
  5.814636817526625E-025
  5.809221747489935E-025
  5.803779595290147E-025
  5.798310320951007E-025
  5.792813885579001E-025
  5.787290251374300E-025
  5.781739381641849E-025
  5.776161240802749E-025
  5.770555794405411E-025
  5.764923009135683E-025
  5.759262852829427E-025
  5.753575294481357E-025
  5.747860304257400E-025
  5.742117853504706E-025
  5.736347914762194E-025
  5.730550461771604E-025
  5.724725469487159E-025
  5.718872914086814E-025
  5.712992772981853E-025
  5.707085024827434E-025
  5.701149649532360E-025
  5.695186628269663E-025
  5.689195943485707E-025
  5.683177578910404E-025
  5.677131519566974E-025
  5.671057751781457E-025
  5.664956263191600E-025
  5.658827042757136E-025
  5.652670080768222E-025
  5.646485368854992E-025
  5.640272899996146E-025
  5.634032668528198E-025
  5.627764670153771E-025
  5.621468901950367E-025
  5.615145362378915E-025
  5.608794051291885E-025
  5.602414969941403E-025
  5.596008120987573E-025
  5.589573508505846E-025
  5.583111137995102E-025
  5.576621016385198E-025
  5.570103152044143E-025
  5.563557554785500E-025
  5.556984235875511E-025
  5.550383208039691E-025
  5.543754485470047E-025
  5.537098083831438E-025
  5.530414020267844E-025
  5.523702313408692E-025
  5.516962983375066E-025
  5.510196051785339E-025
  5.503401541761162E-025
  5.496579477932548E-025
  5.489729886443587E-025
  5.482852794957437E-025
  5.475948232661243E-025
  5.469016230270758E-025
  5.462056820035232E-025
  5.455070035741394E-025
  5.448055912717857E-025
  5.441014487838903E-025
  5.433945799528288E-025
  5.426849887762834E-025
  5.419726794075580E-025
  5.412576561559125E-025
  5.405399234868272E-025
  5.398194860222938E-025
  5.390963485410448E-025
  5.383705159787839E-025
  5.376419934283993E-025
  5.369107861401225E-025
  5.361768995216940E-025
  5.354403391385107E-025
  5.347011107137246E-025
  5.339592201283320E-025
  5.332146734212423E-025
  5.324674767893338E-025
  5.317176365874412E-025
  5.309651593283865E-025
  5.302100516829289E-025
  5.294523204797227E-025
  5.286919727052448E-025
  5.279290155036799E-025
  5.271634561768162E-025
  5.263953021838874E-025
  5.256245611414051E-025
  5.248512408229558E-025
  5.240753491589925E-025
  5.232968942365803E-025
  5.225158842991285E-025
  5.217323277460993E-025
  5.209462331326862E-025
  5.201576091694766E-025
  5.193664647220755E-025
  5.185728088107166E-025
  5.177766506098453E-025
  5.169779994476754E-025
  5.161768648057273E-025
  5.153732563183230E-025
  5.145671837720836E-025
  5.137586571053781E-025
  5.129476864077662E-025
  5.121342819193939E-025
  5.113184540303959E-025
  5.105002132802385E-025
  5.096795703570652E-025
  5.088565360970032E-025
  5.080311214834510E-025
  5.072033376463386E-025
  5.063731958613681E-025
  5.055407075492259E-025
  5.047058842747684E-025
  5.038687377461943E-025
  5.030292798141768E-025
  5.021875224709888E-025
  5.013434778495945E-025
  5.004971582227192E-025
  4.996485760018967E-025
  4.987977437364885E-025
  4.979446741126969E-025
  4.970893799525275E-025
  4.962318742127541E-025
  4.953721699838492E-025
  4.945102804888903E-025
  4.936462190824569E-025
  4.927799992494823E-025
  4.919116346041119E-025
  4.910411388885172E-025
  4.901685259716996E-025
  4.892938098482708E-025
  4.884170046372106E-025
  4.875381245806078E-025
  4.866571840423760E-025
  4.857741975069543E-025
  4.848891795779826E-025
  4.840021449769614E-025
  4.831131085418938E-025
  4.822220852258990E-025
  4.813290900958209E-025
  4.804341383308072E-025
  4.795372452208753E-025
  4.786384261654594E-025
  4.777376966719393E-025
  4.768350723541537E-025
  4.759305689308938E-025
  4.750242022243840E-025
  4.741159881587431E-025
  4.732059427584318E-025
  4.722940821466821E-025
  4.713804225439162E-025
  4.704649802661447E-025
  4.695477717233536E-025
  4.686288134178789E-025
  4.677081219427625E-025
  4.667857139800984E-025
  4.658616062993683E-025
  4.649358157557548E-025
  4.640083592884557E-025
  4.630792539189755E-025
  4.621485167494116E-025
  4.612161649607245E-025
  4.602822158110071E-025
  4.593466866337304E-025
  4.584095948359897E-025
  4.574709578967364E-025
  4.565307933650037E-025
  4.555891188581217E-025
  4.546459520599235E-025
  4.537013107189503E-025
  4.527552126466359E-025
  4.518076757155006E-025
  4.508587178573261E-025
  4.499083570613293E-025
  4.489566113723318E-025
  4.480034988889218E-025
  4.470490377616120E-025
  4.460932461909946E-025
  4.451361424258895E-025
  4.441777447614928E-025
  4.432180715375200E-025
  4.422571411363487E-025
  4.412949719811549E-025
  4.403315825340537E-025
  4.393669912942352E-025
  4.384012167961005E-025
  4.374342776073967E-025
  4.364661923273532E-025
  4.354969795848196E-025
  4.345266580364012E-025
  4.335552463646000E-025
  4.325827632759547E-025
  4.316092274991849E-025
  4.306346577833360E-025
  4.296590728959314E-025
  4.286824916211233E-025
  4.277049327578521E-025
  4.267264151180071E-025
  4.257469575245937E-025
  4.247665788099044E-025
  4.237852978137010E-025
  4.228031333813952E-025
  4.218201043622409E-025
  4.208362296075322E-025
  4.198515279688096E-025
  4.188660182960726E-025
  4.178797194360021E-025
  4.168926502301911E-025
  4.159048295133831E-025
  4.149162761117221E-025
  4.139270088410112E-025
  4.129370465049801E-025
  4.119464078935695E-025
  4.109551117812150E-025
  4.099631769251547E-025
  4.089706220637390E-025
  4.079774659147596E-025
  4.069837271737849E-025
  4.059894245125137E-025
  4.049945765771364E-025
  4.039992019867145E-025
  4.030033193315698E-025
  4.020069471716935E-025
  4.010101040351620E-025
  4.000128084165733E-025
  3.990150787754972E-025
  3.980169335349383E-025
  3.970183910798171E-025
  3.960194697554689E-025
  3.950201878661530E-025
  3.940205636735834E-025
  3.930206153954758E-025
  3.920203612041081E-025
  3.910198192249033E-025
  3.900190075350249E-025
  3.890179441619946E-025
  3.880166470823225E-025
  3.870151342201633E-025
  3.860134234459825E-025
  3.850115325752480E-025
  3.840094793671364E-025
  3.830072815232597E-025
  3.820049566864121E-025
  3.810025224393352E-025
  3.799999963035028E-025
  3.789973957379275E-025
  3.779947381379825E-025
  3.769920408342495E-025
  3.759893210913817E-025
  3.749865961069922E-025
  3.739838830105579E-025
  3.729811988623468E-025
  3.719785606523669E-025
  3.709759852993329E-025
  3.699734896496569E-025
  3.689710904764595E-025
  3.679688044786006E-025
  3.669666482797321E-025
  3.659646384273745E-025
  3.649627913920101E-025
  3.639611235662009E-025
  3.629596512637297E-025
  3.619583907187568E-025
  3.609573580850032E-025
  3.599565694349565E-025
  3.589560407590911E-025
  3.579557879651202E-025
  3.569558268772594E-025
  3.559561732355208E-025
  3.549568426950220E-025
  3.539578508253195E-025
  3.529592131097640E-025
  3.519609449448793E-025
  3.509630616397549E-025
  3.499655784154698E-025
  3.489685104045309E-025
  3.479718726503368E-025
  3.469756801066605E-025
  3.459799476371540E-025
  3.449846900148745E-025
  3.439899219218299E-025
  3.429956579485502E-025
  3.420019125936708E-025
  3.410087002635487E-025
  3.400160352718859E-025
  3.390239318393857E-025
  3.380324040934214E-025
  3.370414660677253E-025
  3.360511317021060E-025
  3.350614148421759E-025
  3.340723292391024E-025
  3.330838885493824E-025
  3.320961063346293E-025
  3.311089960613857E-025
  3.301225711009516E-025
  3.291368447292343E-025
  3.281518301266137E-025
  3.271675403778285E-025
  3.261839884718833E-025
  3.252011873019697E-025
  3.242191496654053E-025
  3.232378882635965E-025
  3.222574157020120E-025
  3.212777444901788E-025
  3.202988870416934E-025
  3.193208556742488E-025
  3.183436626096820E-025
  3.173673199740337E-025
  3.163918397976294E-025
  3.154172340151701E-025
  3.144435144658483E-025
  3.134706928934682E-025
  3.124987809465913E-025
  3.115277901786918E-025
  3.105577320483286E-025
  3.095886179193323E-025
  3.086204590610046E-025
  3.076532666483357E-025
  3.066870517622308E-025
  3.057218253897554E-025
  3.047575984243895E-025
  3.037943816662989E-025
  3.028321858226155E-025
  3.018710215077330E-025
  3.009108992436134E-025
  2.999518294601080E-025
  2.989938224952878E-025
  2.980368885957843E-025
  2.970810379171459E-025
  2.961262805242016E-025
  2.951726263914360E-025
  2.942200854033769E-025
  2.932686673549907E-025
  2.923183819520880E-025
  2.913692388117396E-025
  2.904212474627012E-025
  2.894744173458480E-025
  2.885287578146191E-025
  2.875842781354633E-025
  2.866409874883051E-025
  2.856988949670078E-025
  2.847580095798504E-025
  2.838183402500100E-025
  2.828798958160501E-025
  2.819426850324187E-025
  2.810067165699497E-025
  2.800719990163737E-025
  2.791385408768306E-025
  2.782063505743939E-025
  2.772754364505949E-025
  2.763458067659550E-025
  2.754174697005203E-025
  2.744904333544071E-025
  2.735647057483440E-025
  2.726402948242223E-025
  2.717172084456495E-025
  2.707954543985078E-025
  2.698750403915132E-025
  2.689559740567803E-025
  2.680382629503889E-025
  2.671219145529508E-025
  2.662069362701855E-025
  2.652933354334902E-025
  2.643811193005170E-025
  2.634702950557502E-025
  2.625608698110844E-025
  2.616528506064041E-025
  2.607462444101650E-025
  2.598410581199751E-025
  2.589372985631756E-025
  2.580349724974256E-025
  2.571340866112814E-025
  2.562346475247799E-025
  2.553366617900206E-025
  2.544401358917455E-025
  2.535450762479203E-025
  2.526514892103134E-025
  2.517593810650729E-025
  2.508687580333045E-025
  2.499796262716462E-025
  2.490919918728409E-025
  2.482058608663086E-025
  2.473212392187142E-025
  2.464381328345353E-025
  2.455565475566266E-025
  2.446764891667797E-025
  2.437979633862847E-025
  2.429209758764831E-025
  2.420455322393219E-025
  2.411716380179022E-025
  2.402992986970252E-025
  2.394285197037347E-025
  2.385593064078540E-025
  2.376916641225215E-025
  2.368255981047209E-025
  2.359611135558064E-025
  2.350982156220265E-025
  2.342369093950383E-025
  2.333771999124240E-025
  2.325190921581954E-025
  2.316625910632994E-025
  2.308077015061159E-025
  2.299544283129518E-025
  2.291027762585274E-025
  2.282527500664607E-025
  2.274043544097454E-025
  2.265575939112228E-025
  2.257124731440480E-025
  2.248689966321522E-025
  2.240271688506972E-025
  2.231869942265259E-025
  2.223484771386059E-025
  2.215116219184679E-025
  2.206764328506380E-025
  2.198429141730631E-025
  2.190110700775320E-025
  2.181809047100888E-025
  2.173524221714400E-025
  2.165256265173579E-025
  2.157005217590751E-025
  2.148771118636725E-025
  2.140554007544630E-025
  2.132353923113681E-025
  2.124170903712869E-025
  2.116004987284610E-025
  2.107856211348297E-025
  2.099724613003819E-025
  2.091610228935002E-025
  2.083513095412977E-025
  2.075433248299500E-025
  2.067370723050190E-025
  2.059325554717718E-025
  2.051297777954916E-025
  2.043287427017825E-025
  2.035294535768694E-025
  2.027319137678889E-025
  2.019361265831747E-025
  2.011420952925379E-025
  2.003498231275377E-025
  1.995593132817496E-025
  1.987705689110249E-025
  1.979835931337420E-025
  1.971983890310563E-025
  1.964149596471388E-025
  1.956333079894117E-025
  1.948534370287760E-025
  1.940753496998339E-025
  1.932990489011040E-025
  1.925245374952309E-025
  1.917518183091900E-025
  1.909808941344830E-025
  1.902117677273311E-025
  1.894444418088595E-025
  1.886789190652773E-025
  1.879152021480516E-025
  1.871532936740755E-025
  1.863931962258297E-025
  1.856349123515405E-025
  1.848784445653296E-025
  1.841237953473605E-025
  1.833709671439776E-025
  1.826199623678418E-025
  1.818707833980602E-025
  1.811234325803085E-025
  1.803779122269516E-025
  1.796342246171563E-025
  1.788923719970012E-025
  1.781523565795789E-025
  1.774141805450970E-025
  1.766778460409702E-025
  1.759433551819116E-025
  1.752107100500151E-025
  1.744799126948380E-025
  1.737509651334763E-025
  1.730238693506342E-025
  1.722986272986934E-025
  1.715752408977748E-025
  1.708537120357971E-025
  1.701340425685327E-025
  1.694162343196563E-025
  1.687002890807940E-025
  1.679862086115647E-025
  1.672739946396199E-025
  1.665636488606801E-025
  1.658551729385664E-025
  1.651485685052294E-025
  1.644438371607750E-025
  1.637409804734863E-025
  1.630399999798431E-025
  1.623408971845380E-025
  1.616436735604894E-025
  1.609483305488515E-025
  1.602548695590222E-025
  1.595632919686480E-025
  1.588735991236257E-025
  1.581857923381024E-025
  1.574998728944733E-025
  1.568158420433761E-025
  1.561337010036839E-025
  1.554534509624961E-025
  1.547750930751270E-025
  1.540986284650925E-025
  1.534240582240945E-025
  1.527513834120052E-025
  1.520806050568468E-025
  1.514117241547724E-025
  1.507447416700450E-025
  1.500796585350129E-025
  1.494164756500858E-025
  1.487551938837102E-025
  1.480958140723413E-025
  1.474383370204161E-025
  1.467827635003247E-025
  1.461290942523794E-025
  1.454773299847862E-025
  1.448274713736114E-025
  1.441795190627527E-025
  1.435334736639039E-025
  1.428893357565238E-025
  1.422471058878027E-025
  1.416067845726288E-025
  1.409683722935546E-025
  1.403318695007632E-025
  1.396972766120336E-025
  1.390645940127080E-025
  1.384338220556571E-025
  1.378049610612455E-025
  1.371780113173015E-025
  1.365529730790801E-025
  1.359298465692325E-025
  1.353086319777730E-025
  1.346893294620473E-025
  1.340719391467013E-025
  1.334564611236505E-025
  1.328428954520502E-025
  1.322312421582660E-025
  1.316215012358455E-025
  1.310136726454918E-025
  1.304077563150361E-025
  1.298037521394129E-025
  1.292016599806351E-025
  1.286014796677716E-025
  1.280032109969248E-025
  1.274068537312099E-025
  1.268124076007365E-025
  1.262198723025884E-025
  1.256292475008094E-025
  1.250405328263867E-025
  1.244537278772373E-025
  1.238688322181968E-025
  1.232858453810079E-025
  1.227047668643124E-025
  1.221255961336435E-025
  1.215483326214206E-025
  1.209729757269460E-025
  1.203995248164028E-025
  1.198279792228549E-025
  1.192583382462497E-025
  1.186906011534209E-025
  1.181247671780956E-025
  1.175608355209016E-025
  1.169988053493774E-025
  1.164386757979846E-025
  1.158804459681215E-025
  1.153241149281399E-025
  1.147696817133634E-025
  1.142171453261082E-025
  1.136665047357057E-025
  1.131177588785278E-025
  1.125709066580147E-025
  1.120259469447034E-025
  1.114828785762612E-025
  1.109417003575195E-025
  1.104024110605097E-025
  1.098650094245034E-025
  1.093294941560532E-025
  1.087958639290370E-025
  1.082641173847040E-025
  1.077342531317230E-025
  1.072062697462348E-025
  1.066801657719042E-025
  1.061559397199778E-025
  1.056335900693409E-025
  1.051131152665800E-025
  1.045945137260451E-025
  1.040777838299166E-025
  1.035629239282733E-025
  1.030499323391641E-025
  1.025388073486807E-025
  1.020295472110342E-025
  1.015221501486336E-025
  1.010166143521666E-025
  1.005129379806840E-025
  1.000111191616846E-025
  9.951115599120474E-026
  9.901304653390887E-026
  9.851678882318392E-026
  9.802238086123409E-026
  9.752982061918108E-026
  9.703910603716400E-026
  9.655023502444288E-026
  9.606320545950556E-026
  9.557801519017516E-026
  9.509466203372194E-026
  9.461314377697569E-026
  9.413345817644223E-026
  9.365560295842092E-026
  9.317957581912575E-026
  9.270537442480794E-026
  9.223299641188194E-026
  9.176243938705165E-026
  9.129370092744160E-026
  9.082677858072886E-026
  9.036166986527739E-026
  8.989837227027586E-026
  8.943688325587518E-026
  8.897720025333120E-026
  8.851932066514756E-026
  8.806324186522190E-026
  8.760896119899367E-026
  8.715647598359429E-026
  8.670578350799899E-026
  8.625688103318181E-026
  8.580976579227146E-026
  8.536443499071060E-026
  8.492088580641538E-026
  8.447911538993882E-026
  8.403912086463502E-026
  8.360089932682565E-026
  8.316444784596844E-026
  8.272976346482783E-026
  8.229684319964678E-026
  8.186568404032105E-026
  8.143628295057524E-026
  8.100863686814048E-026
  8.058274270493360E-026
  8.015859734723926E-026
  7.973619765589177E-026
  7.931554046646087E-026
  7.889662258943697E-026
  7.847944081041978E-026
  7.806399189030800E-026
  7.765027256548970E-026
  7.723827954803567E-026
  7.682800952589306E-026
  7.641945916308133E-026
  7.601262509988898E-026
  7.560750395307266E-026
  7.520409231605628E-026
  7.480238675913272E-026
  7.440238382966592E-026
  7.400408005229521E-026
  7.360747192914027E-026
  7.321255594000691E-026
  7.281932854259516E-026
  7.242778617270764E-026
  7.203792524445926E-026
  7.164974215048809E-026
  7.126323326216778E-026
  7.087839492981973E-026
  7.049522348292758E-026
  7.011371523035166E-026
  6.973386646054545E-026
  6.935567344177168E-026
  6.897913242232067E-026
  6.860423963072790E-026
  6.823099127599385E-026
  6.785938354780385E-026
  6.748941261674889E-026
  6.712107463454722E-026
  6.675436573426586E-026
  6.638928203054418E-026
  6.602581961981671E-026
  6.566397458053724E-026
  6.530374297340376E-026
  6.494512084158283E-026
  6.458810421093535E-026
  6.423268909024265E-026
  6.387887147143262E-026
  6.352664732980693E-026
  6.317601262426740E-026
  6.282696329754432E-026
  6.247949527642340E-026
  6.213360447197441E-026
  6.178928677977907E-026
  6.144653808015979E-026
  6.110535423840797E-026
  6.076573110501303E-026
  6.042766451589126E-026
  6.009115029261482E-026
  5.975618424264073E-026
  5.942276215954011E-026
  5.909087982322699E-026
  5.876053300018757E-026
  5.843171744370932E-026
  5.810442889410947E-026
  5.777866307896455E-026
  5.745441571333830E-026
  5.713168250001057E-026
  5.681045912970562E-026
  5.649074128132019E-026
  5.617252462215138E-026
  5.585580480812415E-026
  5.554057748401878E-026
  5.522683828369747E-026
  5.491458283033151E-026
  5.460380673662705E-026
  5.429450560505133E-026
  5.398667502805779E-026
  5.368031058831112E-026
  5.337540785891214E-026
  5.307196240362128E-026
  5.276996977708258E-026
  5.246942552504631E-026
  5.217032518459154E-026
  5.187266428434793E-026
  5.157643834471702E-026
  5.128164287809281E-026
  5.098827338908170E-026
  5.069632537472171E-026
  5.040579432470104E-026
  5.011667572157613E-026
  4.982896504098865E-026
  4.954265775188213E-026
  4.925774931671722E-026
  4.897423519168680E-026
  4.869211082692991E-026
  4.841137166674489E-026
  4.813201314980209E-026
  4.785403070935493E-026
  4.757741977345069E-026
  4.730217576514027E-026
  4.702829410268702E-026
  4.675577019977433E-026
  4.648459946571318E-026
  4.621477730564733E-026
  4.594629912075887E-026
  4.567916030847195E-026
  4.541335626265571E-026
  4.514888237382667E-026
  4.488573402934908E-026
  4.462390661363501E-026
  4.436339550834324E-026
  4.410419609257694E-026
  4.384630374307995E-026
  4.358971383443307E-026
  4.333442173924771E-026
  4.308042282835937E-026
  4.282771247101990E-026
  4.257628603508831E-026
  4.232613888722091E-026
  4.207726639305932E-026
  4.182966391741842E-026
  4.158332682447247E-026
  4.133825047793991E-026
  4.109443024126764E-026
  4.085186147781309E-026
  4.061053955102584E-026
  4.037045982462771E-026
  4.013161766279159E-026
  3.989400843031890E-026
  3.965762749281624E-026
  3.942247021686990E-026
  3.918853197022020E-026
  3.895580812193330E-026
  3.872429404257292E-026
  3.849398510437000E-026
  3.826487668139102E-026
  3.803696414970551E-026
  3.781024288755170E-026
  3.758470827550129E-026
  3.736035569662237E-026
  3.713718053664174E-026
  3.691517818410501E-026
  3.669434403053596E-026
  3.647467347059428E-026
  3.625616190223218E-026
  3.603880472684948E-026
  3.582259734944707E-026
  3.560753517877948E-026
  3.539361362750597E-026
  3.518082811233985E-026
  3.496917405419692E-026
  3.475864687834233E-026
  3.454924201453592E-026
  3.434095489717622E-026
  3.413378096544345E-026
  3.392771566344041E-026
  3.372275444033289E-026
  3.351889275048766E-026
  3.331612605360993E-026
  3.311444981487892E-026
  3.291385950508228E-026
  3.271435060074912E-026
  3.251591858428131E-026
  3.231855894408379E-026
  3.212226717469334E-026
  3.192703877690593E-026
  3.173286925790259E-026
  3.153975413137421E-026
  3.134768891764452E-026
  3.115666914379199E-026
