  6.649918049805898E-025
  6.649917136058798E-025
  6.649916209773757E-025
  6.649915272222437E-025
  6.649914318203482E-025
  6.649913378029053E-025
  6.649912407456047E-025
  6.649911447206735E-025
  6.649910470596996E-025
  6.649909485317928E-025
  6.649908519225101E-025
  6.649907502777838E-025
  6.649906507544640E-025
  6.649905476471913E-025
  6.649904454835335E-025
  6.649903421058732E-025
  6.649902391819910E-025
  6.649901365962857E-025
  6.649900278939727E-025
  6.649899260160658E-025
  6.649898121985532E-025
  6.649897062006080E-025
  6.649895996646355E-025
  6.649894870776670E-025
  6.649893753152500E-025
  6.649892654816348E-025
  6.649891515108295E-025
  6.649890449076932E-025
  6.649889232759104E-025
  6.649888114040879E-025
  6.649886891865019E-025
  6.649885802080146E-025
  6.649884622846464E-025
  6.649883309152810E-025
  6.649882140779963E-025
  6.649880944951183E-025
  6.649879773274909E-025
  6.649878561033254E-025
  6.649877393589166E-025
  6.649875936286623E-025
  6.649874741198397E-025
  6.649873413771085E-025
  6.649872148014244E-025
  6.649870724594832E-025
  6.649869584963051E-025
  6.649868458581850E-025
  6.649866904023721E-025
  6.649865624689325E-025
  6.649864330927634E-025
  6.649863082971102E-025
  6.649861779871153E-025
  6.649860232700808E-025
  6.649858701792320E-025
  6.649857245660735E-025
  6.649855758898078E-025
  6.649854848279793E-025
  6.649853187571264E-025
  6.649851905250525E-025
  6.649850316901671E-025
  6.649848685127203E-025
  6.649847497745636E-025
  6.649845820736212E-025
  6.649844477424243E-025
  6.649842789804076E-025
  6.649841384914166E-025
  6.649840018665160E-025
  6.649838003473890E-025
  6.649836613151321E-025
  6.649835109813935E-025
  6.649833472154972E-025
  6.649831932464485E-025
  6.649830078146849E-025
  6.649828857184040E-025
  6.649827395908818E-025
  6.649825242985127E-025
  6.649823653048143E-025
  6.649821344756953E-025
  6.649819991547246E-025
  6.649818954707233E-025
  6.649817164741626E-025
  6.649814702568391E-025
  6.649813139334462E-025
  6.649811627121311E-025
  6.649810455264435E-025
  6.649807785500800E-025
  6.649806783707310E-025
  6.649804568139795E-025
  6.649801829946805E-025
  6.649799927979852E-025
  6.649798662509971E-025
  6.649797037156090E-025
  6.649795503397513E-025
  6.649794052838042E-025
  6.649791038282495E-025
  6.649790137329488E-025
  6.649786642499153E-025
  6.649786559246748E-025
  6.649782916329288E-025
  6.649781856542810E-025
  6.649778284514814E-025
  6.649776549662785E-025
  6.649774174579041E-025
  6.649773934582564E-025
  6.649770065585306E-025
  6.649768463158220E-025
  6.649765402187987E-025
  6.649764651599572E-025
  6.649761290301272E-025
  6.649761004962224E-025
  6.649757415579424E-025
  6.649756749865346E-025
  6.649754326068340E-025
  6.649749691762893E-025
  6.649747579732613E-025
  6.649747343932368E-025
  6.649743308887497E-025
  6.649742031383353E-025
  6.649738836613121E-025
  6.649739739734146E-025
  6.649735473126658E-025
  6.649734807316155E-025
  6.649727759322063E-025
  6.649730263033503E-025
  6.649730981371520E-025
  6.649725910686116E-025
  6.649724487013623E-025
  6.649716654364535E-025
  6.649718127294124E-025
  6.649707506206518E-025
  6.649705816588052E-025
  6.649708160911084E-025
  6.649706319531075E-025
  6.649705376399969E-025
  6.649701004668372E-025
  6.649692505230205E-025
  6.649691158794195E-025
  6.649689908782572E-025
  6.649684364148886E-025
  6.649681414892646E-025
  6.649678796213279E-025
  6.649676414284119E-025
  6.649680288100736E-025
  6.649670140736823E-025
  6.649672619147939E-025
  6.649669857977259E-025
  6.649673674340529E-025
  6.649660508468176E-025
  6.649658736753246E-025
  6.649658477726694E-025
  6.649652607352726E-025
  6.649654732722475E-025
  6.649648735223137E-025
  6.649639019481879E-025
  6.649629887552201E-025
  6.649645055312373E-025
  6.649631748285391E-025
  6.649632362014805E-025
  6.649628450073235E-025
  6.649620903516611E-025
  6.649621863895940E-025
  6.649618332549444E-025
  6.649609969184089E-025
  6.649611994103761E-025
  6.649612127187495E-025
  6.649604469429986E-025
  6.649599531342099E-025
  6.649594080432582E-025
  6.649599030701341E-025
  6.649597674729108E-025
  6.649586017538082E-025
  6.649585602222522E-025
  6.649587268305358E-025
  6.649583333146481E-025
  6.649585513336540E-025
  6.649570943809724E-025
  6.649565854312346E-025
  6.649561492671722E-025
  6.649555331872880E-025
  6.649558909659721E-025
  6.649558430854064E-025
  6.649544385092450E-025
  6.649540372892942E-025
  6.649533095331969E-025
  6.649534853493826E-025
  6.649532201153357E-025
  6.649522215832527E-025
  6.649525499044200E-025
  6.649509142933347E-025
  6.649518860864646E-025
  6.649514605652271E-025
  6.649507575137608E-025
  6.649498152569183E-025
  6.649497887077468E-025
  6.649487569116843E-025
  6.649495255928532E-025
  6.649498475050317E-025
  6.649468601049690E-025
  6.649470731271025E-025
  6.649473891934461E-025
  6.649470256334650E-025
  6.649472648860566E-025
  6.649471148033731E-025
  6.649457311065326E-025
  6.649456267994496E-025
  6.649443656007418E-025
  6.649445583566125E-025
  6.649431513624792E-025
  6.649428465515560E-025
  6.649421650062902E-025
  6.649410143129310E-025
  6.649410435910007E-025
  6.649406013848111E-025
  6.649410933176706E-025
  6.649390800426230E-025
  6.649386863210065E-025
  6.649385264855783E-025
  6.649372453737068E-025
  6.649372616378904E-025
  6.649370263352130E-025
  6.649362463261629E-025
  6.649359178555298E-025
  6.649357408742572E-025
  6.649336074722519E-025
  6.649342049037193E-025
  6.649340533618111E-025
  6.649326236987509E-025
  6.649317851413362E-025
  6.649335413792407E-025
  6.649320307272572E-025
  6.649321088654447E-025
  6.649296437228019E-025
  6.649302643925321E-025
  6.649290799579311E-025
  6.649288516654095E-025
  6.649294540462332E-025
  6.649281392094338E-025
  6.649263771605705E-025
  6.649265257481956E-025
  6.649249095688275E-025
  6.649264260374674E-025
  6.649246368377710E-025
  6.649235745942272E-025
  6.649228325162354E-025
  6.649229531696555E-025
  6.649215292771380E-025
  6.649206576792406E-025
  6.649214160898790E-025
  6.649203077753258E-025
  6.649181991274470E-025
  6.649191521682946E-025
  6.649173518837634E-025
  6.649156707285990E-025
  6.649171003702826E-025
  6.649160962055788E-025
  6.649150473360417E-025
  6.649138747726602E-025
  6.649139430091591E-025
  6.649131855267001E-025
  6.649127212283858E-025
  6.649117953811442E-025
  6.649103292031723E-025
  6.649094894100940E-025
  6.649096069097383E-025
  6.649101469384331E-025
  6.649084428220239E-025
  6.649069683471029E-025
  6.649064329410011E-025
  6.649050769954360E-025
  6.649056959096462E-025
  6.649032596501750E-025
  6.649028141583361E-025
  6.649022452727853E-025
  6.649015293521411E-025
  6.649008394256408E-025
  6.648991976250470E-025
  6.648998031490186E-025
  6.648991211252268E-025
  6.648970127884537E-025
  6.648964380695663E-025
  6.648956756248196E-025
  6.648939755518522E-025
  6.648948487082459E-025
  6.648928981714135E-025
  6.648911237401007E-025
  6.648923942009290E-025
  6.648901574399086E-025
  6.648882861485324E-025
  6.648891333119253E-025
  6.648875481245842E-025
  6.648855027532581E-025
  6.648852908941948E-025
  6.648847328695030E-025
  6.648831134374536E-025
  6.648816676938474E-025
  6.648812992089250E-025
  6.648804003261823E-025
  6.648791130512131E-025
  6.648776610813948E-025
  6.648782468929922E-025
  6.648765775630735E-025
  6.648759320349521E-025
  6.648748641598677E-025
  6.648739252151628E-025
  6.648719082074408E-025
  6.648717003133994E-025
  6.648704219299683E-025
  6.648697774976412E-025
  6.648677081207471E-025
  6.648657045480283E-025
  6.648662372466586E-025
  6.648648698569704E-025
  6.648636294419918E-025
  6.648627029063438E-025
  6.648627741503804E-025
  6.648613639438638E-025
  6.648587077411181E-025
  6.648578460342766E-025
  6.648563872526259E-025
  6.648555982169348E-025
  6.648557288098094E-025
  6.648535011959449E-025
  6.648525883868562E-025
  6.648506373129449E-025
  6.648496767173382E-025
  6.648483010657279E-025
  6.648468482434329E-025
  6.648464051284398E-025
  6.648440290323214E-025
  6.648436927906478E-025
  6.648410654374546E-025
  6.648410767611469E-025
  6.648394468764836E-025
  6.648385295091453E-025
  6.648362986837314E-025
  6.648364012948662E-025
  6.648336915017119E-025
  6.648332318705130E-025
  6.648316639545538E-025
  6.648293284985748E-025
  6.648279748469965E-025
  6.648275479803863E-025
  6.648257928360598E-025
  6.648242273358291E-025
  6.648230578451396E-025
  6.648208284555981E-025
  6.648194880559715E-025
  6.648184580870011E-025
  6.648164860849611E-025
  6.648155589643223E-025
  6.648146409973407E-025
  6.648126264238505E-025
  6.648106503077396E-025
  6.648089376620043E-025
  6.648073573822852E-025
  6.648061965053870E-025
  6.648040786763703E-025
  6.648029032320212E-025
  6.648010953323688E-025
  6.647991949876988E-025
  6.647979168788616E-025
  6.647966536290045E-025
  6.647937522927572E-025
  6.647929156935089E-025
  6.647910911770790E-025
  6.647898855030046E-025
  6.647876986196405E-025
  6.647861636546421E-025
  6.647845741038231E-025
  6.647825871727842E-025
  6.647801601899659E-025
  6.647790544117365E-025
  6.647771929341488E-025
  6.647746726812719E-025
  6.647734684950268E-025
  6.647712703102805E-025
  6.647698990993545E-025
  6.647685810629503E-025
  6.647656552721209E-025
  6.647641407048833E-025
  6.647617530283836E-025
  6.647604937654363E-025
  6.647586319456903E-025
  6.647566689668457E-025
  6.647539962394227E-025
  6.647522093078692E-025
  6.647498601607052E-025
  6.647481611624677E-025
  6.647460017480743E-025
  6.647436493941677E-025
  6.647420570877767E-025
  6.647400562882102E-025
  6.647376612456682E-025
  6.647356755027356E-025
  6.647335996889518E-025
  6.647311119856194E-025
  6.647291590188506E-025
  6.647268399882605E-025
  6.647245725771133E-025
  6.647223992529082E-025
  6.647200604905858E-025
  6.647172920557878E-025
  6.647154922197867E-025
  6.647129638710382E-025
  6.647104176539627E-025
  6.647084221483814E-025
  6.647061884405298E-025
  6.647037430478616E-025
  6.647009548614236E-025
  6.646984311781633E-025
  6.646956842440830E-025
  6.646935596423548E-025
  6.646913999858668E-025
  6.646884945435567E-025
  6.646864401906734E-025
  6.646837307252760E-025
  6.646809037579939E-025
  6.646780942537991E-025
  6.646758117893559E-025
  6.646732630604671E-025
  6.646704026661658E-025
  6.646680604499356E-025
  6.646653530446965E-025
  6.646622197751778E-025
  6.646597399146149E-025
  6.646567767812833E-025
  6.646538559333212E-025
  6.646511155560145E-025
  6.646484172106932E-025
  6.646454752703156E-025
  6.646426008857074E-025
  6.646394644606189E-025
  6.646366215435182E-025
  6.646336054512702E-025
  6.646307313942932E-025
  6.646279139491174E-025
  6.646248725563350E-025
  6.646215867535129E-025
  6.646183891653320E-025
  6.646155363283687E-025
  6.646124775012197E-025
  6.646091315561602E-025
  6.646059985371710E-025
  6.646026734930474E-025
  6.645994808083725E-025
  6.645964978934786E-025
  6.645931068710738E-025
  6.645898112904040E-025
  6.645866161146051E-025
  6.645829403977698E-025
  6.645795505421065E-025
  6.645760672582258E-025
  6.645728244419403E-025
  6.645691747656772E-025
  6.645656740180547E-025
  6.645622542328378E-025
  6.645586605644216E-025
  6.645548929338248E-025
  6.645516517105764E-025
  6.645478095713415E-025
  6.645440603206145E-025
  6.645402992123418E-025
  6.645366916616909E-025
  6.645328283029564E-025
  6.645290508782956E-025
  6.645251164180479E-025
  6.645212471967271E-025
  6.645175962386227E-025
  6.645134771248897E-025
  6.645096374696648E-025
  6.645056818370175E-025
  6.645015634554309E-025
  6.644975824646497E-025
  6.644936230468159E-025
  6.644892981087086E-025
  6.644851518914527E-025
  6.644810475546515E-025
  6.644768415910980E-025
  6.644723963610858E-025
  6.644681592665125E-025
  6.644638914047467E-025
  6.644595337026884E-025
  6.644553055626265E-025
  6.644507682764664E-025
  6.644462184356568E-025
  6.644417167863382E-025
  6.644373027586392E-025
  6.644326663475909E-025
  6.644280728814603E-025
  6.644232781943594E-025
  6.644188357542907E-025
  6.644141611932791E-025
  6.644091720780241E-025
  6.644045505101511E-025
  6.643996450245670E-025
  6.643948365806269E-025
  6.643897701199163E-025
  6.643848802659666E-025
  6.643798522842643E-025
  6.643747849227712E-025
  6.643697854181458E-025
  6.643645874000547E-025
  6.643595557343996E-025
  6.643543063841125E-025
  6.643490350331625E-025
  6.643437535620996E-025
  6.643384258160933E-025
  6.643331121725009E-025
  6.643276131981255E-025
  6.643222316980723E-025
  6.643167303332804E-025
  6.643111871538139E-025
  6.643055697631760E-025
  6.642999002123629E-025
  6.642942455450859E-025
  6.642885333052116E-025
  6.642828170351547E-025
  6.642769883377134E-025
  6.642710239223077E-025
  6.642651514634821E-025
  6.642591694739246E-025
  6.642532135448391E-025
  6.642470883139879E-025
  6.642410425446008E-025
  6.642349840378415E-025
  6.642286665286038E-025
  6.642224077318119E-025
  6.642160980908535E-025
  6.642097954500846E-025
  6.642033566489211E-025
  6.641969306311360E-025
  6.641903822296972E-025
  6.641838309312106E-025
  6.641772508711338E-025
  6.641705659908534E-025
  6.641638011191129E-025
  6.641570880932911E-025
  6.641502722420330E-025
  6.641433170982014E-025
  6.641363273131388E-025
  6.641294229620965E-025
  6.641223426183691E-025
  6.641152800962013E-025
  6.641080686440631E-025
  6.641008366024668E-025
  6.640935499561924E-025
  6.640862429096261E-025
  6.640787840618256E-025
  6.640713572407788E-025
  6.640638817866220E-025
  6.640562830942354E-025
  6.640485831794876E-025
  6.640409386417365E-025
  6.640331738147470E-025
  6.640253274642941E-025
  6.640174657602556E-025
  6.640094969331820E-025
  6.640015212782429E-025
  6.639933769596704E-025
  6.639852442413223E-025
  6.639770271928816E-025
  6.639687576546268E-025
  6.639604220586396E-025
  6.639519717187836E-025
  6.639434812384691E-025
  6.639349513842845E-025
  6.639263598203648E-025
  6.639175925977306E-025
  6.639089235116207E-025
  6.639000965731208E-025
  6.638911729698025E-025
  6.638821902990832E-025
  6.638731326522842E-025
  6.638640552975545E-025
  6.638548815155833E-025
  6.638455861691978E-025
  6.638362472907018E-025
  6.638268366990440E-025
  6.638173495790614E-025
  6.638077993803736E-025
  6.637981645833420E-025
  6.637884525413711E-025
  6.637786144294973E-025
  6.637687508468179E-025
  6.637588052769015E-025
  6.637487539705094E-025
  6.637386406156419E-025
  6.637284597135548E-025
  6.637181960580882E-025
  6.637078577816641E-025
  6.636973817470248E-025
  6.636868695152744E-025
  6.636762444124553E-025
  6.636655443884128E-025
  6.636547738070296E-025
  6.636438935058572E-025
  6.636329448680331E-025
  6.636219001328353E-025
  6.636107659870087E-025
  6.635995297273693E-025
  6.635882293377141E-025
  6.635768217057226E-025
  6.635653201551172E-025
  6.635537333556924E-025
  6.635420506610327E-025
  6.635302857726224E-025
  6.635184022802920E-025
  6.635064481254664E-025
  6.634943821362800E-025
  6.634822351298073E-025
  6.634699852451517E-025
  6.634576034254945E-025
  6.634451788177848E-025
  6.634326234904060E-025
  6.634199684970996E-025
  6.634072194482722E-025
  6.633943488928595E-025
  6.633813980923212E-025
  6.633683348886983E-025
  6.633551695714985E-025
  6.633418920167560E-025
  6.633285099226510E-025
  6.633150299550005E-025
  6.633014328476308E-025
  6.632877299004487E-025
  6.632739154234554E-025
  6.632599892551975E-025
  6.632459496176945E-025
  6.632317956925496E-025
  6.632175372853202E-025
  6.632031613891365E-025
  6.631886767386128E-025
  6.631740625903388E-025
  6.631593350460830E-025
  6.631444965744658E-025
  6.631295372392933E-025
  6.631144484815334E-025
  6.630992516862125E-025
  6.630839310258359E-025
  6.630684848621820E-025
  6.630529148543805E-025
  6.630372252497940E-025
  6.630214001349481E-025
  6.630054522619926E-025
  6.629893763351136E-025
  6.629731786141985E-025
  6.629568431415880E-025
  6.629403830910529E-025
  6.629237789409764E-025
  6.629070549825496E-025
  6.628901955567399E-025
  6.628731958176265E-025
  6.628560636491228E-025
  6.628387955472562E-025
  6.628213888446453E-025
  6.628038410207169E-025
  6.627861564809080E-025
  6.627683295777942E-025
  6.627503595444078E-025
  6.627322415734952E-025
  6.627139842699872E-025
  6.626955800051208E-025
  6.626770292008096E-025
  6.626583304568801E-025
  6.626394822022383E-025
  6.626204808708636E-025
  6.626013290133318E-025
  6.625820267720495E-025
  6.625625660266246E-025
  6.625429540275883E-025
  6.625231815822151E-025
  6.625032539897836E-025
  6.624831648734794E-025
  6.624629215461253E-025
  6.624425113224710E-025
  6.624219381915240E-025
  6.624012024489333E-025
  6.623803028303947E-025
  6.623592340924717E-025
  6.623379985208651E-025
  6.623165959801323E-025
  6.622950216962343E-025
  6.622732741995003E-025
  6.622513530058037E-025
  6.622292571473047E-025
  6.622069843688964E-025
  6.621845353209785E-025
  6.621619084252042E-025
  6.621391001981411E-025
  6.621161120795708E-025
  6.620929392558393E-025
  6.620695823021897E-025
  6.620460389714046E-025
  6.620223087171944E-025
  6.619983908246207E-025
  6.619742802704424E-025
  6.619499807190064E-025
  6.619254837818723E-025
  6.619007968088042E-025
  6.618759095416409E-025
  6.618508259706257E-025
  6.618255433608699E-025
  6.618000594857711E-025
  6.617743731801962E-025
  6.617484807968889E-025
  6.617223868513076E-025
  6.616960820602472E-025
  6.616695691685830E-025
  6.616428476805102E-025
  6.616159107829779E-025
  6.615887619320852E-025
  6.615613984205359E-025
  6.615338162331105E-025
  6.615060149660709E-025
  6.614779954258423E-025
  6.614497512868100E-025
  6.614212828571770E-025
  6.613925889906407E-025
  6.613636685050372E-025
  6.613345176943026E-025
  6.613051370939591E-025
  6.612755229143046E-025
  6.612456734314761E-025
  6.612155872180588E-025
  6.611852646319832E-025
  6.611547003938240E-025
  6.611238949611324E-025
  6.610928453881982E-025
  6.610615489230874E-025
  6.610300059066055E-025
  6.609982132804077E-025
  6.609661680220881E-025
  6.609338709140068E-025
  6.609013175434991E-025
  6.608685055679132E-025
  6.608354366747123E-025
  6.608021049073671E-025
  6.607685094081422E-025
  6.607346485288729E-025
  6.607005201473992E-025
  6.606661232457077E-025
  6.606314536308280E-025
  6.605965113027120E-025
  6.605612914128075E-025
  6.605257952138200E-025
  6.604900189150879E-025
  6.604539584948365E-025
  6.604176156876320E-025
  6.603809854521890E-025
  6.603440663414989E-025
  6.603068561126521E-025
  6.602693523880760E-025
  6.602315536100926E-025
  6.601934567712798E-025
  6.601550602578214E-025
  6.601163610237263E-025
  6.600773568348903E-025
  6.600380465814928E-025
  6.599984265731727E-025
  6.599584944664104E-025
  6.599182485239821E-025
  6.598776859078260E-025
  6.598368045332884E-025
  6.597956019349933E-025
  6.597540753740266E-025
  6.597122224319280E-025
  6.596700409332741E-025
  6.596275281329294E-025
  6.595846813765947E-025
  6.595414980025684E-025
  6.594979767747663E-025
  6.594541135771314E-025
  6.594099059295086E-025
  6.593653521054317E-025
  6.593204489681462E-025
  6.592751934637814E-025
  6.592295836410699E-025
  6.591836165529464E-025
  6.591372893384334E-025
  6.590905996179877E-025
  6.590435441063907E-025
  6.589961204413687E-025
  6.589483260410002E-025
  6.589001575308812E-025
  6.588516125207387E-025
  6.588026877605581E-025
  6.587533807694917E-025
  6.587036885649188E-025
  6.586536086373864E-025
  6.586031371430009E-025
  6.585522720083722E-025
  6.585010095868416E-025
  6.584493472904426E-025
  6.583972822203929E-025
  6.583448110758434E-025
  6.582919309262948E-025
  6.582386386736230E-025
  6.581849312253497E-025
  6.581308057001815E-025
  6.580762585716056E-025
  6.580212869591422E-025
  6.579658877516042E-025
  6.579100574997710E-025
  6.578537932585006E-025
  6.577970913847512E-025
  6.577399491829213E-025
  6.576823628397414E-025
  6.576243294217169E-025
  6.575658453509790E-025
  6.575069075025576E-025
  6.574475123431822E-025
  6.573876564791489E-025
  6.573273365856411E-025
  6.572665493916634E-025
  6.572052910018701E-025
  6.571435581654645E-025
  6.570813475278256E-025
  6.570186552157085E-025
  6.569554779000055E-025
  6.568918120357308E-025
  6.568276538728821E-025
  6.567629999347249E-025
  6.566978464386310E-025
  6.566321896559708E-025
  6.565660261728868E-025
  6.564993520271603E-025
  6.564321635766630E-025
  6.563644568135398E-025
  6.562962284433162E-025
  6.562274741000908E-025
  6.561581903140035E-025
  6.560883729363105E-025
  6.560180183084256E-025
  6.559471223284241E-025
  6.558756811866326E-025
  6.558036908621389E-025
  6.557311473556188E-025
  6.556580466417839E-025
  6.555843847080149E-025
  6.555101573542566E-025
  6.554353606627319E-025
  6.553599903725182E-025
  6.552840423562729E-025
  6.552075124937946E-025
  6.551303964986303E-025
  6.550526901730197E-025
  6.549743893046620E-025
  6.548954895410779E-025
  6.548159866533357E-025
  6.547358761575680E-025
  6.546551539254412E-025
  6.545738153193072E-025
  6.544918560082630E-025
  6.544092716162251E-025
  6.543260575318252E-025
  6.542422094067365E-025
  6.541577226158788E-025
  6.540725926045232E-025
  6.539868147946634E-025
  6.539003845996528E-025
  6.538132973534121E-025
  6.537255484438553E-025
  6.536371330370221E-025
  6.535480465159337E-025
  6.534582841779842E-025
  6.533678411174131E-025
  6.532767125802357E-025
  6.531848937484001E-025
  6.530923797079900E-025
  6.529991655834919E-025
  6.529052464316320E-025
  6.528106173273966E-025
  6.527152732867981E-025
  6.526192092684401E-025
  6.525224202275634E-025
  6.524249011478941E-025
  6.523266468607375E-025
  6.522276523044901E-025
  6.521279122465392E-025
  6.520274215650512E-025
  6.519261749759396E-025
  6.518241672656894E-025
  6.517213931512113E-025
  6.516178473491909E-025
  6.515135244826279E-025
  6.514084191920039E-025
  6.513025260900769E-025
  6.511958397230954E-025
  6.510883546768873E-025
  6.509800654223769E-025
  6.508709664751468E-025
  6.507610522385427E-025
  6.506503171591390E-025
  6.505387556245685E-025
  6.504263620124902E-025
  6.503131306152953E-025
  6.501990557619328E-025
  6.500841317082166E-025
  6.499683526771465E-025
  6.498517128949043E-025
  6.497342065313855E-025
  6.496158277109042E-025
  6.494965705836427E-025
  6.493764292065378E-025
  6.492553976175323E-025
  6.491334698794857E-025
  6.490106399461293E-025
  6.488869017949834E-025
  6.487622493636226E-025
  6.486366765150967E-025
  6.485101771344222E-025
  6.483827450696300E-025
  6.482543740956693E-025
  6.481250580201218E-025
  6.479947905538243E-025
  6.478635654331123E-025
  6.477313763229080E-025
  6.475982168794477E-025
  6.474640807062464E-025
  6.473289614252551E-025
  6.471928525564405E-025
  6.470557476502538E-025
  6.469176401779076E-025
  6.467785236340402E-025
  6.466383914251061E-025
  6.464972369646084E-025
  6.463550536158065E-025
  6.462118347382752E-025
  6.460675736248372E-025
  6.459222635686375E-025
  6.457758978013704E-025
  6.456284695542988E-025
  6.454799720099496E-025
  6.453303983349822E-025
  6.451797416504846E-025
  6.450279950509381E-025
  6.448751516182183E-025
  6.447212043683878E-025
  6.445661463184478E-025
  6.444099704440015E-025
  6.442526697003216E-025
  6.440942369933066E-025
  6.439346652169851E-025
  6.437739472293222E-025
  6.436120758558263E-025
  6.434490438985950E-025
  6.432848441260702E-025
  6.431194692849850E-025
  6.429529120854983E-025
  6.427851652004395E-025
  6.426162212969173E-025
  6.424460729989307E-025
  6.422747129042853E-025
  6.421021335795672E-025
  6.419283275685914E-025
  6.417532873780801E-025
  6.415770055061663E-025
  6.413994743984606E-025
  6.412206864949531E-025
  6.410406341888546E-025
  6.408593098643104E-025
  6.406767058689240E-025
  6.404928145212187E-025
  6.403076281162604E-025
  6.401211389280744E-025
  6.399333391999740E-025
  6.397442211451825E-025
  6.395537769608538E-025
  6.393619988011750E-025
  6.391688788243906E-025
  6.389744091372470E-025
  6.387785818276182E-025
  6.385813889657377E-025
  6.383828225978244E-025
  6.381828747333427E-025
  6.379815373723141E-025
  6.377788024882104E-025
  6.375746620246068E-025
  6.373691079036754E-025
  6.371621320332208E-025
  6.369537262915397E-025
  6.367438825361384E-025
  6.365325926019350E-025
  6.363198483046377E-025
  6.361056414406921E-025
  6.358899637789131E-025
  6.356728070713799E-025
  6.354541630496720E-025
  6.352340234311490E-025
  6.350123799036773E-025
  6.347892241455813E-025
  6.345645478071498E-025
  6.343383425287923E-025
  6.341105999279213E-025
  6.338813116061229E-025
  6.336504691480677E-025
  6.334180641210941E-025
  6.331840880761970E-025
  6.329485325459981E-025
  6.327113890524890E-025
  6.324726491000738E-025
  6.322323041788528E-025
  6.319903457615224E-025
  6.317467653129487E-025
  6.315015542786929E-025
  6.312547040971397E-025
  6.310062061864160E-025
  6.307560519610198E-025
  6.305042328205630E-025
  6.302507401523904E-025
  6.299955653354648E-025
  6.297386997361852E-025
  6.294801347144703E-025
  6.292198616183450E-025
  6.289578717918591E-025
  6.286941565647772E-025
  6.284287072668019E-025
  6.281615152136891E-025
  6.278925717190916E-025
  6.276218680917901E-025
  6.273493956321743E-025
  6.270751456378490E-025
  6.267991094037271E-025
  6.265212782180589E-025
  6.262416433690599E-025
  6.259601961422290E-025
  6.256769278214497E-025
  6.253918296878000E-025
  6.251048930264369E-025
  6.248161091171142E-025
  6.245254692457835E-025
  6.242329646969761E-025
  6.239385867589392E-025
  6.236423267210769E-025
  6.233441758788805E-025
  6.230441255308135E-025
  6.227421669807280E-025
  6.224382915369363E-025
  6.221324905159902E-025
  6.218247552405501E-025
  6.215150770412910E-025
  6.212034472571605E-025
  6.208898572378106E-025
  6.205742983406111E-025
  6.202567619353308E-025
  6.199372394033273E-025
  6.196157221370584E-025
  6.192922015431630E-025
  6.189666690431584E-025
  6.186391160697405E-025
  6.183095340741023E-025
  6.179779145230625E-025
  6.176442488992003E-025
  6.173085287047760E-025
  6.169707454588844E-025
  6.166308907020054E-025
  6.162889559934721E-025
  6.159449329140708E-025
  6.155988130671775E-025
  6.152505880783179E-025
  6.149002495973838E-025
  6.145477892978948E-025
  6.141931988799151E-025
  6.138364700690957E-025
  6.134775946196816E-025
  6.131165643113167E-025
  6.127533709551595E-025
  6.123880063915644E-025
  6.120204624907589E-025
  6.116507311559319E-025
  6.112788043226535E-025
  6.109046739593583E-025
  6.105283320700825E-025
  6.101497706932305E-025
  6.097689819046100E-025
  6.093859578163423E-025
  6.090006905797625E-025
  6.086131723849611E-025
  6.082233954622937E-025
  6.078313520832564E-025
  6.074370345620518E-025
  6.070404352549991E-025
  6.066415465632593E-025
  6.062403609330357E-025
  6.058368708565022E-025
  6.054310688727572E-025
  6.050229475694028E-025
  6.046124995828108E-025
  6.041997175993576E-025
  6.037845943568268E-025
  6.033671226449584E-025
  6.029472953067144E-025
  6.025251052390285E-025
  6.021005453942747E-025
  6.016736087809316E-025
  6.012442884644996E-025
  6.008125775689479E-025
  6.003784692777468E-025
  5.999419568343074E-025
  5.995030335436382E-025
  5.990616927730535E-025
  5.986179279535474E-025
  5.981717325802716E-025
  5.977231002141525E-025
  5.972720244828068E-025
  5.968184990811160E-025
  5.963625177731547E-025
  5.959040743923508E-025
  5.954431628429128E-025
  5.949797771011321E-025
  5.945139112159895E-025
  5.940455593107582E-025
  5.935747155831073E-025
  5.931013743071064E-025
  5.926255298339593E-025
  5.921471765928314E-025
  5.916663090923541E-025
  5.911829219209424E-025
  5.906970097485965E-025
  5.902085673275260E-025
  5.897175894934368E-025
  5.892240711663191E-025
  5.887280073515497E-025
  5.882293931408808E-025
  5.877282237139391E-025
  5.872244943385482E-025
  5.867182003721382E-025
  5.862093372628981E-025
  5.856979005503355E-025
  5.851838858667337E-025
  5.846672889378946E-025
  5.841481055844949E-025
  5.836263317224799E-025
  5.831019633647118E-025
  5.825749966214996E-025
  5.820454277018167E-025
  5.815132529142894E-025
  5.809784686679453E-025
  5.804410714734952E-025
  5.799010579441048E-025
  5.793584247963443E-025
  5.788131688513009E-025
  5.782652870353185E-025
  5.777147763810496E-025
  5.771616340284234E-025
  5.766058572254273E-025
  5.760474433291654E-025
  5.754863898067842E-025
  5.749226942361448E-025
  5.743563543068684E-025
  5.737873678213998E-025
  5.732157326954681E-025
  5.726414469593777E-025
  5.720645087585406E-025
  5.714849163543804E-025
  5.709026681254207E-025
  5.703177625678357E-025
  5.697301982962487E-025
  5.691399740447220E-025
  5.685470886675298E-025
  5.679515411396713E-025
  5.673533305581219E-025
  5.667524561420393E-025
  5.661489172339258E-025
  5.655427133002332E-025
  5.649338439320041E-025
  5.643223088457064E-025
  5.637081078837920E-025
  5.630912410155961E-025
  5.624717083377731E-025
  5.618495100751357E-025
  5.612246465811372E-025
  5.605971183386801E-025
  5.599669259605548E-025
  5.593340701901956E-025
  5.586985519022084E-025
  5.580603721029080E-025
  5.574195319308602E-025
  5.567760326575797E-025
  5.561298756878823E-025
  5.554810625605112E-025
  5.548295949485201E-025
  5.541754746599089E-025
  5.535187036379626E-025
  5.528592839617147E-025
  5.521972178464956E-025
  5.515325076441841E-025
  5.508651558436726E-025
  5.501951650713860E-025
  5.495225380913888E-025
  5.488472778059165E-025
  5.481693872556703E-025
  5.474888696200811E-025
  5.468057282177024E-025
  5.461199665063426E-025
  5.454315880834851E-025
  5.447405966864061E-025
  5.440469961924495E-025
  5.433507906192479E-025
  5.426519841248427E-025
  5.419505810079204E-025
  5.412465857079325E-025
  5.405400028052005E-025
  5.398308370210815E-025
  5.391190932180043E-025
  5.384047763995583E-025
  5.376878917105670E-025
  5.369684444370766E-025
  5.362464400064099E-025
  5.355218839871461E-025
  5.347947820890564E-025
  5.340651401631476E-025
  5.333329642014631E-025
  5.325982603371280E-025
  5.318610348441719E-025
  5.311212941373791E-025
  5.303790447722130E-025
  5.296342934445821E-025
  5.288870469906945E-025
  5.281373123868284E-025
  5.273850967490999E-025
  5.266304073332289E-025
  5.258732515342584E-025
  5.251136368862619E-025
  5.243515710620480E-025
  5.235870618728219E-025
  5.228201172678010E-025
  5.220507453339025E-025
  5.212789542953087E-025
  5.205047525130548E-025
  5.197281484846212E-025
  5.189491508434551E-025
  5.181677683585126E-025
  5.173840099337419E-025
  5.165978846075963E-025
  5.158094015524748E-025
  5.150185700741811E-025
  5.142253996113554E-025
  5.134298997348541E-025
  5.126320801471605E-025
  5.118319506817290E-025
  5.110295213023513E-025
  5.102248021024523E-025
  5.094178033044325E-025
  5.086085352589294E-025
  5.077970084440946E-025
  5.069832334648352E-025
  5.061672210520475E-025
  5.053489820618192E-025
  5.045285274746487E-025
  5.037058683945661E-025
  5.028810160483389E-025
  5.020539817845821E-025
  5.012247770728617E-025
  5.003934135028291E-025
  4.995599027832760E-025
  4.987242567412073E-025
  4.978864873208767E-025
  4.970466065828340E-025
  4.962046267029142E-025
  4.953605599712510E-025
  4.945144187912383E-025
  4.936662156785044E-025
  4.928159632598443E-025
  4.919636742721553E-025
  4.911093615613469E-025
  4.902530380812353E-025
  4.893947168924239E-025
  4.885344111611780E-025
  4.876721341582613E-025
  4.868078992577766E-025
  4.859417199359918E-025
  4.850736097701401E-025
  4.842035824372178E-025
  4.833316517127538E-025
  4.824578314695884E-025
  4.815821356766123E-025
  4.807045783975130E-025
  4.798251737894992E-025
  4.789439361020108E-025
  4.780608796754292E-025
  4.771760189397550E-025
  4.762893684132931E-025
  4.754009427013184E-025
  4.745107564947322E-025
  4.736188245687022E-025
  4.727251617813049E-025
  4.718297830721372E-025
  4.709327034609453E-025
  4.700339380462209E-025
  4.691335020037955E-025
  4.682314105854344E-025
  4.673276791174041E-025
  4.664223229990566E-025
  4.655153577013791E-025
  4.646067987655490E-025
  4.636966618014877E-025
  4.627849624864001E-025
  4.618717165632955E-025
  4.609569398395383E-025
  4.600406481853397E-025
  4.591228575322978E-025
  4.582035838718949E-025
  4.572828432540066E-025
  4.563606517853983E-025
  4.554370256282303E-025
  4.545119809985368E-025
  4.535855341647287E-025
  4.526577014460652E-025
  4.517284992111470E-025
  4.507979438763866E-025
  4.498660519044966E-025
  4.489328398029514E-025
  4.479983241224732E-025
  4.470625214554982E-025
  4.461254484346452E-025
  4.451871217311955E-025
  4.442475580535554E-025
  4.433067741457296E-025
  4.423647867857928E-025
  4.414216127843595E-025
  4.404772689830596E-025
  4.395317722530102E-025
  4.385851394932920E-025
  4.376373876294266E-025
  4.366885336118592E-025
  4.357385944144378E-025
  4.347875870329028E-025
  4.338355284833733E-025
  4.328824358008412E-025
  4.319283260376680E-025
  4.309732162620878E-025
  4.300171235567093E-025
  4.290600650170288E-025
  4.281020577499458E-025
  4.271431188722836E-025
  4.261832655093166E-025
  4.252225147933056E-025
  4.242608838620329E-025
  4.232983898573531E-025
  4.223350499237427E-025
  4.213708812068638E-025
  4.204059008521298E-025
  4.194401260032824E-025
  4.184735738009752E-025
  4.175062613813654E-025
  4.165382058747155E-025
  4.155694244040033E-025
  4.145999340835393E-025
  4.136297520175971E-025
  4.126588952990494E-025
  4.116873810080171E-025
  4.107152262105277E-025
  4.097424479571817E-025
  4.087690632818336E-025
  4.077950892002798E-025
  4.068205427089627E-025
  4.058454407836776E-025
  4.048698003783030E-025
  4.038936384235294E-025
  4.029169718256113E-025
  4.019398174651240E-025
  4.009621921957365E-025
  3.999841128429954E-025
  3.990055962031214E-025
  3.980266590418191E-025
  3.970473180931007E-025
  3.960675900581206E-025
  3.950874916040247E-025
  3.941070393628161E-025
  3.931262499302282E-025
  3.921451398646179E-025
  3.911637256858664E-025
  3.901820238743022E-025
  3.892000508696327E-025
  3.882178230698887E-025
  3.872353568303897E-025
  3.862526684627179E-025
  3.852697742337112E-025
  3.842866903644682E-025
  3.833034330293703E-025
  3.823200183551151E-025
  3.813364624197719E-025
  3.803527812518442E-025
  3.793689908293537E-025
  3.783851070789387E-025
  3.774011458749630E-025
  3.764171230386482E-025
  3.754330543372142E-025
  3.744489554830422E-025
  3.734648421328474E-025
  3.724807298868710E-025
  3.714966342880861E-025
  3.705125708214219E-025
  3.695285549130011E-025
  3.685446019293943E-025
  3.675607271768916E-025
  3.665769459007872E-025
  3.655932732846814E-025
  3.646097244498005E-025
  3.636263144543285E-025
  3.626430582927607E-025
  3.616599708952640E-025
  3.606770671270639E-025
  3.596943617878384E-025
  3.587118696111347E-025
  3.577296052637950E-025
  3.567475833454050E-025
  3.557658183877517E-025
  3.547843248543015E-025
  3.538031171396934E-025
  3.528222095692433E-025
  3.518416163984719E-025
  3.508613518126390E-025
  3.498814299263010E-025
  3.489018647828798E-025
  3.479226703542454E-025
  3.469438605403181E-025
  3.459654491686846E-025
  3.449874499942254E-025
  3.440098766987611E-025
  3.430327428907130E-025
  3.420560621047759E-025
  3.410798478016109E-025
  3.401041133675452E-025
  3.391288721142912E-025
  3.381541372786837E-025
  3.371799220224186E-025
  3.362062394318210E-025
  3.352331025176161E-025
  3.342605242147192E-025
  3.332885173820369E-025
  3.323170948022841E-025
  3.313462691818135E-025
  3.303760531504573E-025
  3.294064592613834E-025
  3.284374999909645E-025
  3.274691877386588E-025
  3.265015348269054E-025
  3.255345535010317E-025
  3.245682559291710E-025
  3.236026542021957E-025
  3.226377603336608E-025
  3.216735862597586E-025
  3.207101438392871E-025
  3.197474448536300E-025
  3.187855010067453E-025
  3.178243239251683E-025
  3.168639251580241E-025
  3.159043161770526E-025
  3.149455083766427E-025
  3.139875130738757E-025
  3.130303415085851E-025
  3.120740048434191E-025
  3.111185141639171E-025
  3.101638804785987E-025
  3.092101147190556E-025
  3.082572277400595E-025
  3.073052303196751E-025
  3.063541331593859E-025
  3.054039468842235E-025
  3.044546820429150E-025
  3.035063491080269E-025
  3.025589584761280E-025
  3.016125204679546E-025
  3.006670453285868E-025
  2.997225432276304E-025
  2.987790242594087E-025
  2.978364984431585E-025
  2.968949757232391E-025
  2.959544659693413E-025
  2.950149789767089E-025
  2.940765244663674E-025
  2.931391120853514E-025
  2.922027514069501E-025
  2.912674519309477E-025
  2.903332230838802E-025
  2.894000742192890E-025
  2.884680146179863E-025
  2.875370534883228E-025
  2.866071999664621E-025
  2.856784631166611E-025
  2.847508519315520E-025
  2.838243753324341E-025
  2.828990421695637E-025
  2.819748612224564E-025
  2.810518412001846E-025
  2.801299907416891E-025
  2.792093184160846E-025
  2.782898327229768E-025
  2.773715420927785E-025
  2.764544548870307E-025
  2.755385793987273E-025
  2.746239238526410E-025
  2.737104964056559E-025
  2.727983051470975E-025
  2.718873580990701E-025
  2.709776632167932E-025
  2.700692283889425E-025
  2.691620614379922E-025
  2.682561701205580E-025
  2.673515621277441E-025
  2.664482450854903E-025
  2.655462265549205E-025
  2.646455140326937E-025
  2.637461149513556E-025
  2.628480366796904E-025
  2.619512865230745E-025
  2.610558717238317E-025
  2.601617994615868E-025
  2.592690768536211E-025
  2.583777109552296E-025
  2.574877087600747E-025
  2.565990772005436E-025
  2.557118231481039E-025
  2.548259534136606E-025
  2.539414747479096E-025
  2.530583938416939E-025
  2.521767173263590E-025
  2.512964517741057E-025
  2.504176036983445E-025
  2.495401795540467E-025
  2.486641857380971E-025
  2.477896285896442E-025
  2.469165143904483E-025
  2.460448493652308E-025
  2.451746396820211E-025
  2.443058914524997E-025
  2.434386107323430E-025
  2.425728035215652E-025
  2.417084757648591E-025
  2.408456333519319E-025
  2.399842821178456E-025
  2.391244278433463E-025
  2.382660762552004E-025
  2.374092330265238E-025
  2.365539037771087E-025
  2.357000940737496E-025
  2.348478094305674E-025
  2.339970553093285E-025
  2.331478371197640E-025
  2.323001602198853E-025
  2.314540299162965E-025
  2.306094514645050E-025
  2.297664300692290E-025
  2.289249708847015E-025
  2.280850790149735E-025
  2.272467595142104E-025
  2.264100173869911E-025
  2.255748575885982E-025
  2.247412850253085E-025
  2.239093045546805E-025
  2.230789209858371E-025
  2.222501390797467E-025
  2.214229635494995E-025
  2.205973990605819E-025
  2.197734502311472E-025
  2.189511216322833E-025
  2.181304177882754E-025
  2.173113431768686E-025
  2.164939022295234E-025
  2.156780993316708E-025
  2.148639388229617E-025
  2.140514249975155E-025
  2.132405621041622E-025
  2.124313543466833E-025
  2.116238058840484E-025
  2.108179208306481E-025
  2.100137032565243E-025
  2.092111571875957E-025
  2.084102866058818E-025
  2.076110954497205E-025
  2.068135876139851E-025
  2.060177669502962E-025
  2.052236372672300E-025
  2.044312023305254E-025
  2.036404658632834E-025
  2.028514315461673E-025
  2.020641030175965E-025
  2.012784838739393E-025
  2.004945776696990E-025
  1.997123879177018E-025
  1.989319180892741E-025
  1.981531716144232E-025
  1.973761518820109E-025
  1.966008622399250E-025
  1.958273059952467E-025
  1.950554864144160E-025
  1.942854067233918E-025
  1.935170701078113E-025
  1.927504797131439E-025
  1.919856386448441E-025
  1.912225499684983E-025
  1.904612167099715E-025
  1.897016418555497E-025
  1.889438283520780E-025
  1.881877791070983E-025
  1.874334969889817E-025
  1.866809848270588E-025
  1.859302454117471E-025
  1.851812814946754E-025
  1.844340957888060E-025
  1.836886909685534E-025
  1.829450696698993E-025
  1.822032344905078E-025
  1.814631879898340E-025
  1.807249326892338E-025
  1.799884710720680E-025
  1.792538055838069E-025
  1.785209386321282E-025
  1.777898725870171E-025
  1.770606097808606E-025
  1.763331525085409E-025
  1.756075030275268E-025
  1.748836635579609E-025
  1.741616362827472E-025
  1.734414233476342E-025
  1.727230268612975E-025
  1.720064488954194E-025
  1.712916914847671E-025
  1.705787566272680E-025
  1.698676462840836E-025
  1.691583623796821E-025
  1.684509068019082E-025
  1.677452814020522E-025
  1.670414879949147E-025
  1.663395283588741E-025
  1.656394042359481E-025
  1.649411173318564E-025
  1.642446693160807E-025
  1.635500618219234E-025
  1.628572964465649E-025
  1.621663747511193E-025
  1.614772982606892E-025
  1.607900684644199E-025
  1.601046868155497E-025
  1.594211547314628E-025
  1.587394735937374E-025
  1.580596447481955E-025
  1.573816695049499E-025
  1.567055491384526E-025
  1.560312848875384E-025
  1.553588779554707E-025
  1.546883295099864E-025
  1.540196406833387E-025
  1.533528125723392E-025
  1.526878462384014E-025
  1.520247427075799E-025
  1.513635029706136E-025
  1.507041279829642E-025
  1.500466186648564E-025
  1.493909759013178E-025
  1.487372005422176E-025
  1.480852934023048E-025
  1.474352552612478E-025
  1.467870868636705E-025
  1.461407889191925E-025
  1.454963621024657E-025
  1.448538070532117E-025
  1.442131243762603E-025
  1.435743146415863E-025
  1.429373783843480E-025
  1.423023161049245E-025
  1.416691282689530E-025
  1.410378153073678E-025
  1.404083776164376E-025
  1.397808155578047E-025
  1.391551294585230E-025
  1.385313196110981E-025
  1.379093862735249E-025
  1.372893296693293E-025
  1.366711499876075E-025
  1.360548473830660E-025
  1.354404219760652E-025
  1.348278738526583E-025
  1.342172030646351E-025
  1.336084096295655E-025
  1.330014935308415E-025
  1.323964547177233E-025
  1.317932931053830E-025
  1.311920085749509E-025
  1.305926009735622E-025
  1.299950701144039E-025
  1.293994157767639E-025
  1.288056377060789E-025
  1.282137356139857E-025
  1.276237091783711E-025
  1.270355580434243E-025
  1.264492818196900E-025
  1.258648800841218E-025
  1.252823523801380E-025
  1.247016982176764E-025
  1.241229170732525E-025
  1.235460083900176E-025
  1.229709715778173E-025
  1.223978060132537E-025
  1.218265110397455E-025
  1.212570859675920E-025
  1.206895300740364E-025
  1.201238426033323E-025
  1.195600227668098E-025
  1.189980697429433E-025
  1.184379826774210E-025
  1.178797606832155E-025
  1.173234028406562E-025
  1.167689081975013E-025
  1.162162757690141E-025
  1.156655045380376E-025
  1.151165934550731E-025
  1.145695414383583E-025
  1.140243473739476E-025
  1.134810101157944E-025
  1.129395284858337E-025
  1.123999012740665E-025
  1.118621272386468E-025
  1.113262051059680E-025
  1.107921335707532E-025
  1.102599112961445E-025
  1.097295369137953E-025
  1.092010090239649E-025
  1.086743261956120E-025
  1.081494869664919E-025
  1.076264898432554E-025
  1.071053333015469E-025
  1.065860157861066E-025
  1.060685357108724E-025
  1.055528914590852E-025
  1.050390813833937E-025
  1.045271038059617E-025
  1.040169570185774E-025
  1.035086392827634E-025
  1.030021488298891E-025
  1.024974838612831E-025
  1.019946425483499E-025
  1.014936230326841E-025
  1.009944234261906E-025
  1.004970418112029E-025
  1.000014762406045E-025
  9.950772473795219E-026
  9.901578529759904E-026
  9.852565588482080E-026
  9.803733443594283E-026
  9.755081885846901E-026
  9.706610703121148E-026
  9.658319680442302E-026
  9.610208599992912E-026
  9.562277241126352E-026
  9.514525380380388E-026
  9.466952791490924E-026
  9.419559245405952E-026
  9.372344510299492E-026
  9.325308351585892E-026
  9.278450531934066E-026
  9.231770811281998E-026
  9.185268946851377E-026
  9.138944693162278E-026
  9.092797802048083E-026
  9.046828022670502E-026
  9.001035101534693E-026
  8.955418782504581E-026
  8.909978806818286E-026
  8.864714913103648E-026
  8.819626837393878E-026
  8.774714313143421E-026
  8.729977071243860E-026
  8.685414840039999E-026
  8.641027345345995E-026
  8.596814310461696E-026
  8.552775456189076E-026
  8.508910500848752E-026
  8.465219160296643E-026
  8.421701147940787E-026
  8.378356174758163E-026
  8.335183949311764E-026
  8.292184177767639E-026
  8.249356563912155E-026
  8.206700809169358E-026
  8.164216612618325E-026
  8.121903671010730E-026
  8.079761678788544E-026
  8.037790328101654E-026
  7.995989308825811E-026
  7.954358308580511E-026
  7.912897012746985E-026
  7.871605104486399E-026
  7.830482264757977E-026
  7.789528172337343E-026
  7.748742503834910E-026
  7.708124933714330E-026
  7.667675134310997E-026
  7.627392775850769E-026
  7.587277526468598E-026
  7.547329052227366E-026
  7.507547017136675E-026
  7.467931083171860E-026
  7.428480910292921E-026
  7.389196156463628E-026
  7.350076477670623E-026
  7.311121527942683E-026
  7.272330959369904E-026
  7.233704422123051E-026
  7.195241564472962E-026
  7.156942032809932E-026
  7.118805471663244E-026
  7.080831523720709E-026
  7.043019829848186E-026
  7.005370029109325E-026
  6.967881758785155E-026
  6.930554654393856E-026
  6.893388349710538E-026
  6.856382476787007E-026
  6.819536665971602E-026
  6.782850545929138E-026
  6.746323743660749E-026
  6.709955884523855E-026
  6.673746592252122E-026
  6.637695488975485E-026
  6.601802195240135E-026
  6.566066330028575E-026
  6.530487510779684E-026
  6.495065353408824E-026
  6.459799472327883E-026
  6.424689480465443E-026
  6.389734989286861E-026
  6.354935608814438E-026
  6.320290947647583E-026
  6.285800612982877E-026
  6.251464210634307E-026
  6.217281345053400E-026
  6.183251619349363E-026
  6.149374635309289E-026
  6.115649993418230E-026
  6.082077292879416E-026
  6.048656131634343E-026
  6.015386106382958E-026
  5.982266812603685E-026
  5.949297844573676E-026
  5.916478795388738E-026
  5.883809256983506E-026
  5.851288820151495E-026
  5.818917074565075E-026
  5.786693608795558E-026
  5.754618010333125E-026
  5.722689865606816E-026
  5.690908760004457E-026
  5.659274277892553E-026
  5.627786002636177E-026
  5.596443516618819E-026
  5.565246401262149E-026
  5.534194237045809E-026
  5.503286603527161E-026
  5.472523079360931E-026
  5.441903242318922E-026
  5.411426669309551E-026
  5.381092936397434E-026
  5.350901618822920E-026
  5.320852291021535E-026
  5.290944526643379E-026
  5.261177898572570E-026
  5.231551978946435E-026
  5.202066339174860E-026
  5.172720549959468E-026
  5.143514181312740E-026
  5.114446802577143E-026
  5.085517982444112E-026
  5.056727288973036E-026
  5.028074289610155E-026
  4.999558551207411E-026
  4.971179640041183E-026
  4.942937121831036E-026
  4.914830561758321E-026
  4.886859524484755E-026
  4.859023574170912E-026
  4.831322274494635E-026
  4.803755188669433E-026
  4.776321879462677E-026
  4.749021909213858E-026
  4.721854839852682E-026
  4.694820232917105E-026
  4.667917649571345E-026
  4.641146650623688E-026
  4.614506796544349E-026
  4.587997647483149E-026
  4.561618763287181E-026
  4.535369703518325E-026
  4.509250027470750E-026
  4.483259294188250E-026
  4.457397062481536E-026
  4.431662890945461E-026
  4.406056337976096E-026
  4.380576961787773E-026
  4.355224320429982E-026
  4.329997971804224E-026
  4.304897473680723E-026
  4.279922383715112E-026
  4.255072259464933E-026
  4.230346658406130E-026
  4.205745137949364E-026
  4.181267255456300E-026
  4.156912568255751E-026
  4.132680633659725E-026
  4.108571008979440E-026
  4.084583251541089E-026
  4.060716918701672E-026
  4.036971567864614E-026
  4.013346756495335E-026
  3.989842042136676E-026
  3.966456982424273E-026
  3.943191135101759E-026
  3.920044058035930E-026
  3.897015309231746E-026
  3.874104446847274E-026
  3.851311029208500E-026
  3.828634614824027E-026
  3.806074762399665E-026
  3.783631030852959E-026
  3.761302979327523E-026
  3.739090167207360E-026
  3.716992154130996E-026
  3.695008500005532E-026
  3.673138765020615E-026
  3.651382509662237E-026
  3.629739294726474E-026
  3.608208681333106E-026
  3.586790230939094E-026
  3.565483505351973E-026
  3.544288066743127E-026
  3.523203477660956E-026
  3.502229301043939E-026
  3.481365100233512E-026
  3.460610438986961E-026
  3.439964881490090E-026
  3.419427992369826E-026
  3.398999336706687E-026
  3.378678480047189E-026
  3.358464988416058E-026
  3.338358428328381E-026
  3.318358366801646E-026
  3.298464371367633E-026
  3.278676010084219E-026
  3.258992851547067E-026
  3.239414464901175E-026
  3.219940419852346E-026
  3.200570286678518E-026
  3.181303636240978E-026
  3.162140039995497E-026
  3.143079070003296E-026
  3.124120298941946E-026
  3.105263300116105E-026
  3.086507647468208E-026
  3.067852915588980E-026
  3.049298679727852E-026
  3.030844515803279E-026
  3.012490000412937E-026
  2.994234710843789E-026
  2.976078225082075E-026
  2.958020121823137E-026
  2.940059980481168E-026
  2.922197381198851E-026
  2.904431904856846E-026
  2.886763133083207E-026
  2.869190648262675E-026
  2.851714033545829E-026
  2.834332872858173E-026
  2.817046750909062E-026
  2.799855253200550E-026
  2.782757966036139E-026
  2.765754476529358E-026
  2.748844372612283E-026
  2.732027243043939E-026
  2.715302677418565E-026
  2.698670266173809E-026
  2.682129600598778E-026
  2.665680272841989E-026
  2.649321875919225E-026
  2.633054003721264E-026
  2.616876251021507E-026
  2.600788213483508E-026
  2.584789487668368E-026
  2.568879671042056E-026
  2.553058361982601E-026
  2.537325159787181E-026
  2.521679664679109E-026
  2.506121477814735E-026
  2.490650201290173E-026
  2.475265438148024E-026
  2.459966792383902E-026
  2.444753868952910E-026
  2.429626273776017E-026
  2.414583613746273E-026
  2.399625496734992E-026
  2.384751531597798E-026
  2.369961328180559E-026
  2.355254497325257E-026
  2.340630650875721E-026
  2.326089401683262E-026
  2.311630363612253E-026
  2.297253151545545E-026
  2.282957381389832E-026
  2.268742670080907E-026
  2.254608635588800E-026
  2.240554896922843E-026
