  6.650058729297931E-025
  6.650058456734439E-025
  6.650058181965473E-025
  6.650057904973173E-025
  6.650057625739569E-025
  6.650057344246506E-025
  6.650057060475724E-025
  6.650056774408768E-025
  6.650056486027076E-025
  6.650056195311908E-025
  6.650055902244392E-025
  6.650055606805486E-025
  6.650055308975999E-025
  6.650055008736595E-025
  6.650054706067777E-025
  6.650054400949877E-025
  6.650054093363079E-025
  6.650053783287407E-025
  6.650053470702735E-025
  6.650053155588744E-025
  6.650052837924972E-025
  6.650052517690791E-025
  6.650052194865405E-025
  6.650051869427825E-025
  6.650051541356947E-025
  6.650051210631447E-025
  6.650050877229833E-025
  6.650050541130475E-025
  6.650050202311531E-025
  6.650049860750988E-025
  6.650049516426681E-025
  6.650049169316234E-025
  6.650048819397096E-025
  6.650048466646558E-025
  6.650048111041692E-025
  6.650047752559421E-025
  6.650047391176452E-025
  6.650047026869303E-025
  6.650046659614332E-025
  6.650046289387676E-025
  6.650045916165282E-025
  6.650045539922931E-025
  6.650045160636161E-025
  6.650044778280365E-025
  6.650044392830683E-025
  6.650044004262093E-025
  6.650043612549361E-025
  6.650043217667038E-025
  6.650042819589494E-025
  6.650042418290853E-025
  6.650042013745063E-025
  6.650041605925847E-025
  6.650041194806715E-025
  6.650040780360967E-025
  6.650040362561690E-025
  6.650039941381740E-025
  6.650039516793767E-025
  6.650039088770196E-025
  6.650038657283224E-025
  6.650038222304829E-025
  6.650037783806754E-025
  6.650037341760527E-025
  6.650036896137436E-025
  6.650036446908541E-025
  6.650035994044655E-025
  6.650035537516376E-025
  6.650035077294043E-025
  6.650034613347771E-025
  6.650034145647434E-025
  6.650033674162639E-025
  6.650033198862783E-025
  6.650032719716973E-025
  6.650032236694118E-025
  6.650031749762820E-025
  6.650031258891467E-025
  6.650030764048179E-025
  6.650030265200805E-025
  6.650029762316958E-025
  6.650029255363969E-025
  6.650028744308916E-025
  6.650028229118602E-025
  6.650027709759570E-025
  6.650027186198094E-025
  6.650026658400157E-025
  6.650026126331487E-025
  6.650025589957526E-025
  6.650025049243432E-025
  6.650024504154095E-025
  6.650023954654109E-025
  6.650023400707778E-025
  6.650022842279133E-025
  6.650022279331901E-025
  6.650021711829524E-025
  6.650021139735135E-025
  6.650020563011588E-025
  6.650019981621411E-025
  6.650019395526851E-025
  6.650018804689851E-025
  6.650018209072024E-025
  6.650017608634693E-025
  6.650017003338850E-025
  6.650016393145200E-025
  6.650015778014096E-025
  6.650015157905589E-025
  6.650014532779413E-025
  6.650013902594956E-025
  6.650013267311287E-025
  6.650012626887157E-025
  6.650011981280969E-025
  6.650011330450793E-025
  6.650010674354339E-025
  6.650010012949004E-025
  6.650009346191854E-025
  6.650008674039553E-025
  6.650007996448466E-025
  6.650007313374566E-025
  6.650006624773509E-025
  6.650005930600557E-025
  6.650005230810626E-025
  6.650004525358273E-025
  6.650003814197675E-025
  6.650003097282647E-025
  6.650002374566613E-025
  6.650001646002646E-025
  6.650000911543432E-025
  6.650000171141252E-025
  6.649999424748030E-025
  6.649998672315281E-025
  6.649997913794150E-025
  6.649997149135352E-025
  6.649996378289235E-025
  6.649995601205741E-025
  6.649994817834382E-025
  6.649994028124290E-025
  6.649993232024174E-025
  6.649992429482324E-025
  6.649991620446627E-025
  6.649990804864524E-025
  6.649989982683049E-025
  6.649989153848805E-025
  6.649988318307954E-025
  6.649987476006233E-025
  6.649986626888939E-025
  6.649985770900913E-025
  6.649984907986572E-025
  6.649984038089869E-025
  6.649983161154299E-025
  6.649982277122903E-025
  6.649981385938275E-025
  6.649980487542528E-025
  6.649979581877315E-025
  6.649978668883808E-025
  6.649977748502715E-025
  6.649976820674264E-025
  6.649975885338181E-025
  6.649974942433725E-025
  6.649973991899654E-025
  6.649973033674242E-025
  6.649972067695235E-025
  6.649971093899900E-025
  6.649970112225003E-025
  6.649969122606775E-025
  6.649968124980962E-025
  6.649967119282706E-025
  6.649966105446737E-025
  6.649965083407225E-025
  6.649964053097724E-025
  6.649963014451452E-025
  6.649961967400775E-025
  6.649960911877904E-025
  6.649959847813882E-025
  6.649958775139841E-025
  6.649957693786570E-025
  6.649956603683313E-025
  6.649955504759399E-025
  6.649954396943667E-025
  6.649953280163034E-025
  6.649952154346135E-025
  6.649951019419644E-025
  6.649949875310181E-025
  6.649948721942993E-025
  6.649947559242636E-025
  6.649946387134720E-025
  6.649945205545120E-025
  6.649944014385003E-025
  6.649942813594042E-025
  6.649941603090843E-025
  6.649940382787091E-025
  6.649939152609473E-025
  6.649937912482038E-025
  6.649936662308213E-025
  6.649935402035271E-025
  6.649934131547620E-025
  6.649932850798088E-025
  6.649931559651663E-025
  6.649930258074519E-025
  6.649928945986035E-025
  6.649927623291811E-025
  6.649926289832633E-025
  6.649924945652831E-025
  6.649923590543410E-025
  6.649922224518384E-025
  6.649920847412522E-025
  6.649919459028822E-025
  6.649918059685688E-025
  6.649916648832155E-025
  6.649915226682231E-025
  6.649913793033395E-025
  6.649912347519213E-025
  6.649910890425547E-025
  6.649909421462256E-025
  6.649907940764145E-025
  6.649906448166253E-025
  6.649904943694442E-025
  6.649903426740781E-025
  6.649901897740727E-025
  6.649900355410668E-025
  6.649898802656284E-025
  6.649897234573530E-025
  6.649895656783642E-025
  6.649894064195456E-025
  6.649892458973010E-025
  6.649890840051729E-025
  6.649889210496996E-025
  6.649887565676439E-025
  6.649885909009448E-025
  6.649884237318977E-025
  6.649882551743041E-025
  6.649880855216761E-025
  6.649879140700190E-025
  6.649877420645482E-025
  6.649875677399350E-025
  6.649873923323363E-025
  6.649872155306715E-025
  6.649870378346748E-025
  6.649868580124666E-025
  6.649866768669319E-025
  6.649864946052437E-025
  6.649863102667140E-025
  6.649861238282253E-025
  6.649859378102054E-025
  6.649857474943410E-025
  6.649855588482792E-025
  6.649853671944884E-025
  6.649851737349427E-025
  6.649849782719993E-025
  6.649847818059211E-025
  6.649845855469854E-025
  6.649843850482995E-025
  6.649841849673639E-025
  6.649839794143141E-025
  6.649837713173993E-025
  6.649835665731487E-025
  6.649833596275903E-025
  6.649831589772577E-025
  6.649829463126768E-025
  6.649827305798159E-025
  6.649825046239816E-025
  6.649823040868882E-025
  6.649820876479891E-025
  6.649818613093441E-025
  6.649816430443576E-025
  6.649814087512674E-025
  6.649811996653921E-025
  6.649809752693343E-025
  6.649807442907888E-025
  6.649804959774878E-025
  6.649802835712837E-025
  6.649800590394677E-025
  6.649797979871324E-025
  6.649795507884191E-025
  6.649793384334605E-025
  6.649790991336133E-025
  6.649788371477153E-025
  6.649785820628677E-025
  6.649782880465922E-025
  6.649780968799976E-025
  6.649778714120537E-025
  6.649775871652472E-025
  6.649772871260785E-025
  6.649771259253627E-025
  6.649768067721846E-025
  6.649765261165372E-025
  6.649762482503067E-025
  6.649760240027307E-025
  6.649757985014149E-025
  6.649753811170122E-025
  6.649751503686226E-025
  6.649749358747895E-025
  6.649746538090035E-025
  6.649741979871538E-025
  6.649740807034121E-025
  6.649737913388550E-025
  6.649735259812170E-025
  6.649731509399902E-025
  6.649729205354630E-025
  6.649727637122842E-025
  6.649724206326798E-025
  6.649720194751334E-025
  6.649717732783263E-025
  6.649715437607660E-025
  6.649712471126549E-025
  6.649708142369259E-025
  6.649705623338846E-025
  6.649700995581240E-025
  6.649700702342807E-025
  6.649691991141398E-025
  6.649691844051184E-025
  6.649692861638662E-025
  6.649689134271331E-025
  6.649680731439561E-025
  6.649680479727681E-025
  6.649677324891019E-025
  6.649674089770705E-025
  6.649665728970090E-025
  6.649667193771248E-025
  6.649659581402896E-025
  6.649663647940444E-025
  6.649657921971361E-025
  6.649648493539354E-025
  6.649650856406247E-025
  6.649649148822253E-025
  6.649642937049727E-025
  6.649641984140265E-025
  6.649632599913990E-025
  6.649628704442180E-025
  6.649626802388444E-025
  6.649622615330268E-025
  6.649619111474550E-025
  6.649623576932438E-025
  6.649609342684498E-025
  6.649604729971838E-025
  6.649607477476859E-025
  6.649608283734035E-025
  6.649593821163351E-025
  6.649589578568803E-025
  6.649587204772630E-025
  6.649592235581412E-025
  6.649569210658067E-025
  6.649576859149425E-025
  6.649573984507435E-025
  6.649564740195336E-025
  6.649568451939895E-025
  6.649556152614188E-025
  6.649546304781153E-025
  6.649552970107647E-025
  6.649544198550577E-025
  6.649542876233040E-025
  6.649537019748248E-025
  6.649517039916718E-025
  6.649526618251256E-025
  6.649525910517552E-025
  6.649519228542737E-025
  6.649507710289851E-025
  6.649513331946390E-025
  6.649500367182563E-025
  6.649492756275652E-025
  6.649478377255993E-025
  6.649495658612950E-025
  6.649487748984245E-025
  6.649481161738304E-025
  6.649480689941649E-025
  6.649485378355081E-025
  6.649460708211104E-025
  6.649456531519842E-025
  6.649454057575263E-025
  6.649441675573481E-025
  6.649428523446706E-025
  6.649451748307670E-025
  6.649430518565257E-025
  6.649421949871559E-025
  6.649436330357098E-025
  6.649416260090340E-025
  6.649397858692675E-025
  6.649421484346209E-025
  6.649393094051786E-025
  6.649383022714719E-025
  6.649374829913002E-025
  6.649386189976916E-025
  6.649386305793471E-025
  6.649375454130263E-025
  6.649388776158713E-025
  6.649343091559997E-025
  6.649350631793650E-025
  6.649349569395046E-025
  6.649332043770639E-025
  6.649334893436553E-025
  6.649333770113485E-025
  6.649324189542954E-025
  6.649310909242649E-025
  6.649320068331478E-025
  6.649308495006174E-025
  6.649305596653545E-025
  6.649282647893484E-025
  6.649284403446515E-025
  6.649279748853593E-025
  6.649267080731603E-025
  6.649257784556889E-025
  6.649263931157668E-025
  6.649246810833153E-025
  6.649252550492734E-025
  6.649223133365211E-025
  6.649228038181219E-025
  6.649223561508571E-025
  6.649220923185457E-025
  6.649207146805498E-025
  6.649198455803700E-025
  6.649184489584163E-025
  6.649180771980321E-025
  6.649183291017386E-025
  6.649189594092512E-025
  6.649160203132859E-025
  6.649145547448132E-025
  6.649152322119493E-025
  6.649142518159220E-025
  6.649137390458667E-025
  6.649138105750513E-025
  6.649126841923941E-025
  6.649114588618315E-025
  6.649110147256549E-025
  6.649100706972231E-025
  6.649089194439862E-025
  6.649071489986299E-025
  6.649075802627445E-025
  6.649076465358561E-025
  6.649053756376668E-025
  6.649051952538838E-025
  6.649035738982446E-025
  6.649026388189762E-025
  6.649021868421348E-025
  6.649028457050679E-025
  6.649013364288693E-025
  6.648993556454524E-025
  6.648987505460637E-025
  6.648975959203568E-025
  6.648953113240734E-025
  6.648946387936716E-025
  6.648958187841348E-025
  6.648945444493088E-025
  6.648932573853779E-025
  6.648923325401033E-025
  6.648915729857344E-025
  6.648903327854687E-025
  6.648893692339134E-025
  6.648893772310623E-025
  6.648874254516318E-025
  6.648870064573416E-025
  6.648851534824120E-025
  6.648849263008748E-025
  6.648841342974606E-025
  6.648823515835122E-025
  6.648816310199470E-025
  6.648801954789885E-025
  6.648790313014494E-025
  6.648781726919275E-025
  6.648776324207558E-025
  6.648764482617268E-025
  6.648749677867748E-025
  6.648737290615517E-025
  6.648733563707423E-025
  6.648717878951318E-025
  6.648700394810304E-025
  6.648696860955204E-025
  6.648680177973863E-025
  6.648672303333865E-025
  6.648663385971592E-025
  6.648648401602098E-025
  6.648636199537804E-025
  6.648628585999752E-025
  6.648618516806220E-025
  6.648602655142119E-025
  6.648596369886067E-025
  6.648586090111467E-025
  6.648570341680401E-025
  6.648555901012352E-025
  6.648544417510808E-025
  6.648533164763211E-025
  6.648519529507587E-025
  6.648507941915897E-025
  6.648498622200262E-025
  6.648480149436380E-025
  6.648468336998431E-025
  6.648457321073202E-025
  6.648442654814523E-025
  6.648425363726448E-025
  6.648414790011948E-025
  6.648406425384351E-025
  6.648390383988406E-025
  6.648374240569316E-025
  6.648360477224956E-025
  6.648345212964268E-025
  6.648332282160454E-025
  6.648318301163283E-025
  6.648303183642048E-025
  6.648290871861737E-025
  6.648276817224790E-025
  6.648259160792690E-025
  6.648245029021233E-025
  6.648230608978330E-025
  6.648213486072265E-025
  6.648199871227226E-025
  6.648182308022568E-025
  6.648168414867755E-025
  6.648152763017524E-025
  6.648137052168101E-025
  6.648120069678696E-025
  6.648105871885220E-025
  6.648089755488925E-025
  6.648072893198279E-025
  6.648056814385381E-025
  6.648038227668986E-025
  6.648025284496845E-025
  6.648006413515766E-025
  6.647987672039139E-025
  6.647973281232860E-025
  6.647956460222531E-025
  6.647940810298287E-025
  6.647923147321477E-025
  6.647901240076055E-025
  6.647886277281375E-025
  6.647867336618528E-025
  6.647849824526884E-025
  6.647831119328968E-025
  6.647813380996069E-025
  6.647796289597083E-025
  6.647775477147679E-025
  6.647757280567930E-025
  6.647738649853916E-025
  6.647720746832841E-025
  6.647700800099830E-025
  6.647680991800756E-025
  6.647661075796167E-025
  6.647642171053738E-025
  6.647622845556286E-025
  6.647602780793915E-025
  6.647582149023552E-025
  6.647561103017009E-025
  6.647541735465302E-025
  6.647519908919146E-025
  6.647498941390628E-025
  6.647478661636427E-025
  6.647458016957999E-025
  6.647436983588825E-025
  6.647415239669395E-025
  6.647393111142034E-025
  6.647371664834321E-025
  6.647348636954213E-025
  6.647327168512463E-025
  6.647304761575475E-025
  6.647282481548698E-025
  6.647260312755983E-025
  6.647237247550948E-025
  6.647214403634844E-025
  6.647190848201680E-025
  6.647167537327410E-025
  6.647143535155161E-025
  6.647119479518084E-025
  6.647095904461129E-025
  6.647071039451158E-025
  6.647046870210405E-025
  6.647022208293259E-025
  6.646997687235611E-025
  6.646972290645747E-025
  6.646947388353505E-025
  6.646921886826829E-025
  6.646896212511716E-025
  6.646870157846231E-025
  6.646844306580715E-025
  6.646817699982207E-025
  6.646791885183692E-025
  6.646764617706666E-025
  6.646738086075450E-025
  6.646711076920401E-025
  6.646683501198559E-025
  6.646656490793659E-025
  6.646628242514512E-025
  6.646599784980300E-025
  6.646571739361899E-025
  6.646543410170272E-025
  6.646514578608589E-025
  6.646485914400781E-025
  6.646456555883881E-025
  6.646427029846666E-025
  6.646397673082860E-025
  6.646367874387896E-025
  6.646337732954791E-025
  6.646307200764654E-025
  6.646276982670868E-025
  6.646245380973795E-025
  6.646214602983098E-025
  6.646183377169381E-025
  6.646151758511628E-025
  6.646119729480267E-025
  6.646087860199705E-025
  6.646055482327354E-025
  6.646022799104120E-025
  6.645989915750367E-025
  6.645956585179957E-025
  6.645923103425778E-025
  6.645889775429310E-025
  6.645855663406757E-025
  6.645821390393865E-025
  6.645786734207320E-025
  6.645752125833308E-025
  6.645717138248015E-025
  6.645681490996681E-025
  6.645645917666452E-025
  6.645609901812378E-025
  6.645573657858363E-025
  6.645537191011848E-025
  6.645500385164340E-025
  6.645463090353512E-025
  6.645425880296287E-025
  6.645387957722376E-025
  6.645350024877804E-025
  6.645311844805002E-025
  6.645272985221658E-025
  6.645234072461895E-025
  6.645194870050727E-025
  6.645155418684464E-025
  6.645115348460455E-025
  6.645075228745842E-025
  6.645034577240392E-025
  6.644993736193893E-025
  6.644952509072155E-025
  6.644910973885152E-025
  6.644869133901018E-025
  6.644827109914536E-025
  6.644784362868198E-025
  6.644741314489303E-025
  6.644698279925972E-025
  6.644654507485184E-025
  6.644610775575999E-025
  6.644566425875652E-025
  6.644521675489682E-025
  6.644476697687436E-025
  6.644431283405987E-025
  6.644385466022914E-025
  6.644339370438551E-025
  6.644293015101819E-025
  6.644246013359724E-025
  6.644198760935228E-025
  6.644151243373990E-025
  6.644103177182076E-025
  6.644054745808846E-025
  6.644005874971224E-025
  6.643956786919808E-025
  6.643907225393872E-025
  6.643857132405710E-025
  6.643806919169448E-025
  6.643756053845247E-025
  6.643704825529967E-025
  6.643653286355136E-025
  6.643601292481504E-025
  6.643548732563870E-025
  6.643495921306572E-025
  6.643442609598892E-025
  6.643388929168483E-025
  6.643334710330593E-025
  6.643280088158039E-025
  6.643225155505665E-025
  6.643169636293802E-025
  6.643113621550671E-025
  6.643057300104386E-025
  6.643000400704953E-025
  6.642943187103786E-025
  6.642885403004114E-025
  6.642827122562572E-025
  6.642768476226656E-025
  6.642709304310119E-025
  6.642649693254923E-025
  6.642589511751687E-025
  6.642528929234783E-025
  6.642467834500205E-025
  6.642406229903071E-025
  6.642344102290206E-025
  6.642281608018872E-025
  6.642218493325843E-025
  6.642154848575391E-025
  6.642090697149654E-025
  6.642026079828815E-025
  6.641960957510119E-025
  6.641895277676120E-025
  6.641829074071905E-025
  6.641762319549802E-025
  6.641695035962463E-025
  6.641627233655655E-025
  6.641558839030755E-025
  6.641489883036742E-025
  6.641420444990924E-025
  6.641350412918885E-025
  6.641279775059359E-025
  6.641208615570340E-025
  6.641136879594210E-025
  6.641064544189704E-025
  6.640991611578662E-025
  6.640918136530130E-025
  6.640844060604510E-025
  6.640769396455297E-025
  6.640694104656760E-025
  6.640618221447723E-025
  6.640541693666303E-025
  6.640464592525583E-025
  6.640386828109008E-025
  6.640308457601881E-025
  6.640229481070015E-025
  6.640149838588850E-025
  6.640069562372414E-025
  6.639988630880933E-025
  6.639907042144062E-025
  6.639824817677890E-025
  6.639741906386218E-025
  6.639658371134981E-025
  6.639574123500028E-025
  6.639489213017290E-025
  6.639403622009950E-025
  6.639317306942494E-025
  6.639230341787107E-025
  6.639142659011638E-025
  6.639054272531873E-025
  6.638965160165266E-025
  6.638875344712917E-025
  6.638784805305186E-025
  6.638693540480612E-025
  6.638601529596009E-025
  6.638508785645220E-025
  6.638415292972442E-025
  6.638321039374127E-025
  6.638226021801749E-025
  6.638130259648090E-025
  6.638033722775642E-025
  6.637936409254967E-025
  6.637838321638642E-025
  6.637739422677026E-025
  6.637639723777098E-025
  6.637539245646097E-025
  6.637437937791665E-025
  6.637335825983684E-025
  6.637232897760251E-025
  6.637129119277647E-025
  6.637024522804127E-025
  6.636919092277798E-025
  6.636812798628777E-025
  6.636705656102000E-025
  6.636597656240740E-025
  6.636488781619719E-025
  6.636379028945490E-025
  6.636268403548529E-025
  6.636156877550473E-025
  6.636044457771735E-025
  6.635931140379211E-025
  6.635816892529977E-025
  6.635701754708745E-025
  6.635585670541040E-025
  6.635468652778980E-025
  6.635350704803065E-025
  6.635231800507856E-025
  6.635111947418599E-025
  6.634991128193052E-025
  6.634869328492917E-025
  6.634746563403151E-025
  6.634622799755002E-025
  6.634498048705199E-025
  6.634372297156953E-025
  6.634245531711015E-025
  6.634117745150209E-025
  6.633988938134631E-025
  6.633859090311895E-025
  6.633728195484776E-025
  6.633596259454748E-025
  6.633463257039876E-025
  6.633329185993978E-025
  6.633194039353987E-025
  6.633057806094308E-025
  6.632920485868593E-025
  6.632782049953269E-025
  6.632642509178096E-025
  6.632501851158409E-025
  6.632360060566214E-025
  6.632217125944580E-025
  6.632073052729882E-025
  6.631927817100778E-025
  6.631781417930419E-025
  6.631633842546203E-025
  6.631485084464800E-025
  6.631335129164583E-025
  6.631183970674067E-025
  6.631031602356080E-025
  6.630878012843632E-025
  6.630723183660809E-025
  6.630567118323942E-025
  6.630409795695944E-025
  6.630251213766864E-025
  6.630091361324257E-025
  6.629930225682041E-025
  6.629767794949341E-025
  6.629604065297780E-025
  6.629439019327648E-025
  6.629272649616618E-025
  6.629104950817507E-025
  6.628935901302827E-025
  6.628765500943649E-025
  6.628593732977021E-025
  6.628420588402490E-025
  6.628246053414159E-025
  6.628070124158152E-025
  6.627892780678616E-025
  6.627714018503000E-025
  6.627533822323892E-025
  6.627352182251516E-025
  6.627169089739238E-025
  6.626984525327529E-025
  6.626798486949834E-025
  6.626610956911701E-025
  6.626421925676917E-025
  6.626231379658650E-025
  6.626039307639165E-025
  6.625845698198682E-025
  6.625650537119771E-025
  6.625453815134618E-025
  6.625255518730310E-025
  6.625055633117235E-025
  6.624854149000325E-025
  6.624651052226928E-025
  6.624446331848217E-025
  6.624239971221226E-025
  6.624031959764544E-025
  6.623822283457037E-025
  6.623610930154367E-025
  6.623397887961270E-025
  6.623183141252822E-025
  6.622966676455144E-025
  6.622748480588190E-025
  6.622528540155510E-025
  6.622306841392856E-025
  6.622083371055238E-025
  6.621858113972611E-025
  6.621631055675699E-025
  6.621402183805564E-025
  6.621171483024711E-025
  6.620938937234472E-025
  6.620704535035497E-025
  6.620468261227522E-025
  6.620230098499365E-025
  6.619990033376036E-025
  6.619748052149487E-025
  6.619504137510887E-025
  6.619258276461497E-025
  6.619010451772379E-025
  6.618760649662614E-025
  6.618508852848408E-025
  6.618255047086263E-025
  6.617999215481173E-025
  6.617741343073460E-025
  6.617481411978222E-025
  6.617219408689406E-025
  6.616955314772276E-025
  6.616689114758448E-025
  6.616420792523401E-025
  6.616150330432477E-025
  6.615877711376063E-025
  6.615602919687572E-025
  6.615325937507951E-025
  6.615046748328801E-025
  6.614765333677848E-025
  6.614481676917463E-025
  6.614195760194338E-025
  6.613907566216237E-025
  6.613617076729872E-025
  6.613324273760324E-025
  6.613029139553791E-025
  6.612731655361465E-025
  6.612431802376978E-025
  6.612129563616859E-025
  6.611824919279483E-025
  6.611517850253018E-025
  6.611208338490592E-025
  6.610896364055591E-025
  6.610581908101845E-025
  6.610264951350256E-025
  6.609945473940180E-025
  6.609623456757339E-025
  6.609298879521148E-025
  6.608971721916392E-025
  6.608641964556879E-025
  6.608309586608055E-025
  6.607974567784187E-025
  6.607636887531809E-025
  6.607296524905673E-025
  6.606953459567768E-025
  6.606607670054174E-025
  6.606259135178753E-025
  6.605907833795308E-025
  6.605553744006622E-025
  6.605196844253713E-025
  6.604837112507905E-025
  6.604474527206233E-025
  6.604109065876662E-025
  6.603740706307790E-025
  6.603369425627906E-025
  6.602995201709912E-025
  6.602618011013289E-025
  6.602237831349842E-025
  6.601854638904450E-025
  6.601468410480740E-025
  6.601079122869866E-025
  6.600686752066801E-025
  6.600291273949631E-025
  6.599892664696577E-025
  6.599490900227388E-025
  6.599085956059571E-025
  6.598677807411955E-025
  6.598266429735684E-025
  6.597851797946168E-025
  6.597433886859981E-025
  6.597012671366951E-025
  6.596588125606250E-025
  6.596160224243060E-025
  6.595728941327171E-025
  6.595294250400872E-025
  6.594856125882092E-025
  6.594414540557642E-025
  6.593969468235080E-025
  6.593520882019351E-025
  6.593068754809841E-025
  6.592613059339767E-025
  6.592153768247224E-025
  6.591690853915431E-025
  6.591224288320764E-025
  6.590754043651545E-025
  6.590280091447292E-025
  6.589802403557048E-025
  6.589320951061776E-025
  6.588835705224868E-025
  6.588346636879573E-025
  6.587853716852041E-025
  6.587356915735576E-025
  6.586856203558375E-025
  6.586351550687943E-025
  6.585842926797468E-025
  6.585330301632551E-025
  6.584813644623267E-025
  6.584292924955551E-025
  6.583768111748204E-025
  6.583239173629649E-025
  6.582706079172046E-025
  6.582168796911590E-025
  6.581627294601551E-025
  6.581081540424373E-025
  6.580531501826993E-025
  6.579977146422340E-025
  6.579418441225855E-025
  6.578855353224650E-025
  6.578287849249848E-025
  6.577715895710265E-025
  6.577139458890003E-025
  6.576558504760804E-025
  6.575972999162924E-025
  6.575382907536973E-025
  6.574788195186505E-025
  6.574188827239694E-025
  6.573584768481495E-025
  6.572975983417786E-025
  6.572362436431549E-025
  6.571744091505857E-025
  6.571120912555171E-025
  6.570492862999482E-025
  6.569859906263387E-025
  6.569222005299747E-025
  6.568579123049515E-025
  6.567931221852243E-025
  6.567278264167028E-025
  6.566620211944679E-025
  6.565957026907554E-025
  6.565288670574503E-025
  6.564615104225053E-025
  6.563936288771266E-025
  6.563252184857163E-025
  6.562562752999652E-025
  6.561867953358329E-025
  6.561167745742793E-025
  6.560462089835600E-025
  6.559750944927714E-025
  6.559034270085100E-025
  6.558312024122751E-025
  6.557584165528903E-025
  6.556850652510112E-025
  6.556111442980475E-025
  6.555366494724446E-025
  6.554615764990637E-025
  6.553859210948330E-025
  6.553096789333756E-025
  6.552328456660955E-025
  6.551554169244160E-025
  6.550773882872624E-025
  6.549987553299827E-025
  6.549195135835266E-025
  6.548396585489300E-025
  6.547591857069323E-025
  6.546780904945314E-025
  6.545963683353397E-025
  6.545140146091818E-025
  6.544310246703473E-025
  6.543473938447055E-025
  6.542631174229155E-025
  6.541781906714707E-025
  6.540926088212241E-025
  6.540063670704426E-025
  6.539194605905579E-025
  6.538318845188918E-025
  6.537436339648055E-025
  6.536547040000403E-025
  6.535650896703876E-025
  6.534747859863860E-025
  6.533837879287553E-025
  6.532920904452769E-025
  6.531996884518474E-025
  6.531065768285308E-025
  6.530127504292601E-025
  6.529182040727824E-025
  6.528229325391301E-025
  6.527269305858672E-025
  6.526301929294975E-025
  6.525327142545691E-025
  6.524344892182912E-025
  6.523355124354754E-025
  6.522357784949501E-025
  6.521352819473061E-025
  6.520340173103170E-025
  6.519319790710363E-025
  6.518291616755288E-025
  6.517255595434466E-025
  6.516211670558774E-025
  6.515159785592761E-025
  6.514099883681109E-025
  6.513031907592463E-025
  6.511955799758296E-025
  6.510871502290097E-025
  6.509778956893328E-025
  6.508678104993442E-025
  6.507568887575618E-025
  6.506451245358223E-025
  6.505325118658988E-025
  6.504190447449561E-025
  6.503047171333327E-025
  6.501895229575306E-025
  6.500734561087021E-025
  6.499565104388904E-025
  6.498386797667038E-025
  6.497199578752404E-025
  6.496003385084743E-025
  6.494798153754343E-025
  6.493583821519673E-025
  6.492360324715979E-025
  6.491127599347938E-025
  6.489885581057899E-025
  6.488634205098502E-025
  6.487373406377457E-025
  6.486103119408465E-025
  6.484823278361566E-025
  6.483533817023076E-025
  6.482234668796832E-025
  6.480925766740584E-025
  6.479607043517231E-025
  6.478278431435477E-025
  6.476939862409439E-025
  6.475591267990938E-025
  6.474232579359093E-025
  6.472863727314155E-025
  6.471484642273688E-025
  6.470095254288081E-025
  6.468695493037793E-025
  6.467285287797387E-025
  6.465864567497657E-025
  6.464433260667883E-025
  6.462991295473778E-025
  6.461538599689710E-025
  6.460075100718544E-025
  6.458600725587213E-025
  6.457115400930436E-025
  6.455619053019949E-025
  6.454111607730080E-025
  6.452592990575025E-025
  6.451063126669033E-025
  6.449521940762952E-025
  6.447969357219623E-025
  6.446405300021439E-025
  6.444829692772014E-025
  6.443242458701853E-025
  6.441643520651161E-025
  6.440032801091874E-025
  6.438410222107376E-025
  6.436775705407345E-025
  6.435129172322540E-025
  6.433470543805809E-025
  6.431799740430961E-025
  6.430116682399377E-025
  6.428421289527197E-025
  6.426713481262353E-025
  6.424993176675969E-025
  6.423260294462935E-025
  6.421514752938346E-025
  6.419756470058188E-025
  6.417985363390783E-025
  6.416201350146375E-025
  6.414404347150235E-025
  6.412594270867887E-025
  6.410771037397893E-025
  6.408934562457158E-025
  6.407084761410551E-025
  6.405221549250015E-025
  6.403344840605834E-025
  6.401454549746840E-025
  6.399550590572718E-025
  6.397632876628632E-025
  6.395701321100859E-025
  6.393755836818364E-025
  6.391796336251135E-025
  6.389822731517789E-025
  6.387834934386027E-025
  6.385832856265847E-025
  6.383816408225121E-025
  6.381785500983574E-025
  6.379740044912232E-025
  6.377679950043576E-025
  6.375605126066889E-025
  6.373515482329766E-025
  6.371410927847005E-025
  6.369291371299753E-025
  6.367156721035235E-025
  6.365006885068381E-025
  6.362841771091571E-025
  6.360661286470992E-025
  6.358465338251776E-025
  6.356253833154975E-025
  6.354026677593606E-025
  6.351783777660919E-025
  6.349525039140883E-025
  6.347250367509999E-025
  6.344959667942598E-025
  6.342652845309235E-025
  6.340329804183104E-025
  6.337990448842961E-025
  6.335634683276220E-025
  6.333262411182344E-025
  6.330873535977323E-025
  6.328467960796998E-025
  6.326045588498368E-025
  6.323606321669288E-025
  6.321150062625492E-025
  6.318676713419160E-025
  6.316186175841490E-025
  6.313678351428513E-025
  6.311153141461672E-025
  6.308610446977330E-025
  6.306050168765709E-025
  6.303472207380354E-025
  6.300876463139740E-025
  6.298262836134064E-025
  6.295631226227010E-025
  6.292981533065297E-025
  6.290313656079181E-025
  6.287627494491060E-025
  6.284922947318086E-025
  6.282199913380599E-025
  6.279458291302579E-025
  6.276697979523396E-025
  6.273918876299260E-025
  6.271120879709531E-025
  6.268303887664084E-025
  6.265467797907691E-025
  6.262612508027545E-025
  6.259737915457558E-025
  6.256843917486447E-025
  6.253930411263970E-025
  6.250997293805325E-025
  6.248044462001213E-025
  6.245071812620721E-025
  6.242079242321581E-025
  6.239066647654359E-025
  6.236033925071873E-025
  6.232980970934449E-025
  6.229907681519022E-025
  6.226813953023222E-025
  6.223699681577695E-025
  6.220564763249398E-025
  6.217409094051623E-025
  6.214232569951441E-025
  6.211035086876996E-025
  6.207816540726290E-025
  6.204576827375168E-025
  6.201315842685393E-025
  6.198033482513296E-025
  6.194729642718604E-025
  6.191404219171804E-025
  6.188057107765472E-025
  6.184688204419663E-025
  6.181297405093913E-025
  6.177884605795362E-025
  6.174449702587051E-025
  6.170992591598802E-025
  6.167513169035994E-025
  6.164011331188583E-025
  6.160486974442421E-025
  6.156939995287195E-025
  6.153370290327692E-025
  6.149777756293717E-025
  6.146162290049503E-025
  6.142523788605025E-025
  6.138862149126039E-025
  6.135177268944648E-025
  6.131469045569395E-025
  6.127737376697327E-025
  6.123982160223926E-025
  6.120203294254341E-025
  6.116400677115056E-025
  6.112574207364237E-025
  6.108723783804067E-025
  6.104849305491568E-025
  6.100950671750610E-025
  6.097027782183665E-025
  6.093080536683523E-025
  6.089108835445218E-025
  6.085112578978302E-025
  6.081091668119119E-025
  6.077046004042728E-025
  6.072975488275881E-025
  6.068880022709194E-025
  6.064759509609918E-025
  6.060613851634945E-025
  6.056442951843174E-025
  6.052246713709211E-025
  6.048025041135780E-025
  6.043777838467602E-025
  6.039505010503964E-025
  6.035206462512881E-025
  6.030882100244474E-025
  6.026531829944078E-025
  6.022155558366618E-025
  6.017753192790188E-025
  6.013324641030010E-025
  6.008869811452533E-025
  6.004388612989495E-025
  5.999880955152288E-025
  5.995346748045983E-025
  5.990785902384411E-025
  5.986198329503887E-025
  5.981583941378253E-025
  5.976942650633751E-025
  5.972274370563225E-025
  5.967579015141684E-025
  5.962856499040612E-025
  5.958106737643519E-025
  5.953329647060663E-025
  5.948525144144527E-025
  5.943693146504842E-025
  5.938833572524152E-025
  5.933946341373029E-025
  5.929031373025618E-025
  5.924088588275328E-025
  5.919117908750034E-025
  5.914119256928267E-025
  5.909092556154519E-025
  5.904037730655253E-025
  5.898954705554616E-025
  5.893843406890429E-025
  5.888703761630019E-025
  5.883535697686207E-025
  5.878339143933435E-025
  5.873114030223837E-025
  5.867860287403061E-025
  5.862577847326755E-025
  5.857266642876507E-025
  5.851926607976181E-025
  5.846557677608070E-025
  5.841159787828983E-025
  5.835732875786808E-025
  5.830276879736568E-025
  5.824791739056710E-025
  5.819277394265539E-025
  5.813733787037282E-025
  5.808160860218707E-025
  5.802558557845107E-025
  5.796926825156685E-025
  5.791265608614954E-025
  5.785574855918852E-025
  5.779854516021059E-025
  5.774104539144204E-025
  5.768324876797078E-025
  5.762515481790764E-025
  5.756676308254846E-025
  5.750807311653434E-025
  5.744908448801285E-025
  5.738979677879753E-025
  5.733020958452807E-025
  5.727032251482912E-025
  5.721013519346870E-025
  5.714964725851647E-025
  5.708885836250015E-025
  5.702776817256310E-025
  5.696637637061882E-025
  5.690468265350704E-025
  5.684268673314662E-025
  5.678038833668957E-025
  5.671778720667277E-025
  5.665488310116925E-025
  5.659167579393884E-025
  5.652816507457605E-025
  5.646435074865955E-025
  5.640023263789776E-025
  5.633581058027453E-025
  5.627108443019414E-025
  5.620605405862298E-025
  5.614071935323221E-025
  5.607508021853709E-025
  5.600913657603590E-025
  5.594288836434691E-025
  5.587633553934400E-025
  5.580947807429021E-025
  5.574231595997025E-025
  5.567484920482064E-025
  5.560707783505887E-025
  5.553900189480943E-025
  5.547062144622908E-025
  5.540193656963055E-025
  5.533294736360228E-025
  5.526365394512846E-025
  5.519405644970490E-025
  5.512415503145480E-025
  5.505394986324051E-025
  5.498344113677430E-025
  5.491262906272573E-025
  5.484151387082817E-025
  5.477009580998124E-025
  5.469837514835183E-025
  5.462635217347306E-025
  5.455402719233880E-025
  5.448140053149788E-025
  5.440847253714395E-025
  5.433524357520385E-025
  5.426171403142208E-025
  5.418788431144321E-025
  5.411375484089188E-025
  5.403932606544825E-025
  5.396459845092277E-025
  5.388957248332561E-025
  5.381424866893538E-025
  5.373862753436254E-025
  5.366270962661156E-025
  5.358649551313857E-025
  5.350998578190680E-025
  5.343318104143771E-025
  5.335608192086018E-025
  5.327868906995464E-025
  5.320100315919539E-025
  5.312302487978870E-025
  5.304475494370750E-025
  5.296619408372268E-025
  5.288734305343076E-025
  5.280820262727796E-025
  5.272877360058107E-025
  5.264905678954343E-025
  5.256905303126907E-025
  5.248876318377143E-025
  5.240818812597926E-025
  5.232732875773835E-025
  5.224618599980955E-025
  5.216476079386285E-025
  5.208305410246783E-025
  5.200106690907954E-025
  5.191880021802138E-025
  5.183625505446309E-025
  5.175343246439528E-025
  5.167033351459984E-025
  5.158695929261611E-025
  5.150331090670322E-025
  5.141938948579809E-025
  5.133519617946967E-025
  5.125073215786858E-025
  5.116599861167314E-025
  5.108099675203047E-025
  5.099572781049454E-025
  5.091019303895886E-025
  5.082439370958562E-025
  5.073833111473059E-025
  5.065200656686377E-025
  5.056542139848532E-025
  5.047857696203806E-025
  5.039147462981530E-025
  5.030411579386434E-025
  5.021650186588571E-025
  5.012863427712891E-025
  5.004051447828262E-025
  4.995214393936171E-025
  4.986352414958965E-025
  4.977465661727682E-025
  4.968554286969420E-025
  4.959618445294357E-025
  4.950658293182266E-025
  4.941673988968690E-025
  4.932665692830654E-025
  4.923633566771973E-025
  4.914577774608145E-025
  4.905498481950856E-025
  4.896395856192027E-025
  4.887270066487483E-025
  4.878121283740265E-025
  4.868949680583421E-025
  4.859755431362518E-025
  4.850538712117698E-025
  4.841299700565356E-025
  4.832038576079408E-025
  4.822755519672208E-025
  4.813450713975067E-025
  4.804124343218367E-025
  4.794776593211359E-025
  4.785407651321515E-025
  4.776017706453613E-025
  4.766606949028345E-025
  4.757175570960658E-025
  4.747723765637704E-025
  4.738251727896446E-025
  4.728759654000940E-025
  4.719247741619252E-025
  4.709716189800055E-025
  4.700165198948931E-025
  4.690594970804285E-025
  4.681005708413034E-025
  4.671397616105896E-025
  4.661770899472459E-025
  4.652125765335887E-025
  4.642462421727392E-025
  4.632781077860389E-025
  4.623081944104399E-025
  4.613365231958659E-025
  4.603631154025490E-025
  4.593879923983406E-025
  4.584111756559990E-025
  4.574326867504490E-025
  4.564525473560223E-025
  4.554707792436766E-025
  4.544874042781871E-025
  4.535024444153241E-025
  4.525159216990048E-025
  4.515278582584320E-025
  4.505382763052083E-025
  4.495471981304367E-025
  4.485546461018028E-025
  4.475606426606445E-025
  4.465652103190013E-025
  4.455683716566537E-025
  4.445701493181490E-025
  4.435705660098123E-025
  4.425696444967498E-025
  4.415674075998395E-025
  4.405638781927124E-025
  4.395590791987252E-025
  4.385530335879253E-025
  4.375457643740101E-025
  4.365372946112810E-025
  4.355276473915873E-025
  4.345168458412746E-025
  4.335049131181218E-025
  4.324918724082833E-025
  4.314777469232248E-025
  4.304625598966620E-025
  4.294463345814989E-025
  4.284290942467684E-025
  4.274108621745761E-025
  4.263916616570446E-025
  4.253715159932697E-025
  4.243504484862744E-025
  4.233284824399730E-025
  4.223056411561443E-025
  4.212819479314106E-025
  4.202574260542262E-025
  4.192320988018806E-025
  4.182059894375073E-025
  4.171791212071070E-025
  4.161515173365873E-025
  4.151232010288121E-025
  4.140941954606668E-025
  4.130645237801447E-025
  4.120342091034410E-025
  4.110032745120744E-025
  4.099717430500215E-025
  4.089396377208712E-025
  4.079069814850037E-025
  4.068737972567854E-025
  4.058401079017901E-025
  4.048059362340426E-025
  4.037713050132833E-025
  4.027362369422641E-025
  4.017007546640623E-025
  4.006648807594260E-025
  3.996286377441457E-025
  3.985920480664529E-025
  3.975551341044486E-025
  3.965179181635608E-025
  3.954804224740330E-025
  3.944426691884422E-025
  3.934046803792508E-025
  3.923664780363909E-025
  3.913280840648781E-025
  3.902895202824644E-025
  3.892508084173222E-025
  3.882119701057647E-025
  3.871730268900009E-025
  3.861340002159299E-025
  3.850949114309675E-025
  3.840557817819153E-025
  3.830166324128648E-025
  3.819774843631399E-025
  3.809383585652829E-025
  3.798992758430734E-025
  3.788602569095929E-025
  3.778213223653278E-025
  3.767824926963129E-025
  3.757437882723191E-025
  3.747052293450793E-025
  3.736668360465599E-025
  3.726286283872726E-025
  3.715906262546305E-025
  3.705528494113469E-025
  3.695153174938792E-025
  3.684780500109145E-025
  3.674410663419009E-025
  3.664043857356217E-025
  3.653680273088179E-025
  3.643320100448521E-025
  3.632963527924162E-025
  3.622610742642906E-025
  3.612261930361415E-025
  3.601917275453685E-025
  3.591576960899970E-025
  3.581241168276131E-025
  3.570910077743497E-025
  3.560583868039124E-025
  3.550262716466571E-025
  3.539946798887078E-025
  3.529636289711248E-025
  3.519331361891150E-025
  3.509032186912924E-025
  3.498738934789768E-025
  3.488451774055460E-025
  3.478170871758295E-025
  3.467896393455453E-025
  3.457628503207874E-025
  3.447367363575522E-025
  3.437113135613139E-025
  3.426865978866429E-025
  3.416626051368657E-025
  3.406393509637752E-025
  3.396168508673777E-025
  3.385951201956872E-025
  3.375741741445617E-025
  3.365540277575834E-025
  3.355346959259789E-025
  3.345161933885838E-025
  3.334985347318470E-025
  3.324817343898789E-025
  3.314658066445359E-025
  3.304507656255508E-025
  3.294366253106994E-025
  3.284233995260074E-025
  3.274111019459974E-025
  3.263997460939725E-025
  3.253893453423398E-025
  3.243799129129710E-025
  3.233714618775988E-025
  3.223640051582514E-025
  3.213575555277210E-025
  3.203521256100703E-025
  3.193477278811705E-025
  3.183443746692770E-025
  3.173420781556350E-025
  3.163408503751196E-025
  3.153407032169108E-025
  3.143416484251952E-025
  3.133436975999033E-025
  3.123468621974739E-025
  3.113511535316496E-025
  3.103565827743019E-025
  3.093631609562849E-025
  3.083708989683142E-025
  3.073798075618756E-025
  3.063898973501586E-025
  3.054011788090170E-025
  3.044136622779522E-025
  3.034273579611227E-025
  3.024422759283765E-025
  3.014584261163055E-025
  3.004758183293225E-025
  2.994944622407612E-025
  2.985143673939931E-025
  2.975355432035669E-025
  2.965579989563685E-025
  2.955817438127946E-025
  2.946067868079483E-025
  2.936331368528502E-025
  2.926608027356642E-025
  2.916897931229419E-025
  2.907201165608788E-025
  2.897517814765853E-025
  2.887847961793731E-025
  2.878191688620496E-025
  2.868549076022287E-025
  2.858920203636495E-025
  2.849305149975071E-025
  2.839703992437923E-025
  2.830116807326400E-025
  2.820543669856853E-025
  2.810984654174294E-025
  2.801439833366089E-025
  2.791909279475738E-025
  2.782393063516688E-025
  2.772891255486213E-025
  2.763403924379324E-025
  2.753931138202700E-025
  2.744472963988670E-025
  2.735029467809185E-025
  2.725600714789832E-025
  2.716186769123830E-025
  2.706787694086050E-025
  2.697403552047009E-025
  2.688034404486849E-025
  2.678680312009321E-025
  2.669341334355713E-025
  2.660017530418781E-025
  2.650708958256613E-025
  2.641415675106460E-025
  2.632137737398528E-025
  2.622875200769709E-025
  2.613628120077249E-025
  2.604396549412349E-025
  2.595180542113726E-025
  2.585980150781022E-025
  2.576795427288245E-025
  2.567626422797011E-025
  2.558473187769796E-025
  2.549335771983000E-025
  2.540214224539978E-025
  2.531108593883940E-025
  2.522018927810747E-025
  2.512945273481591E-025
  2.503887677435564E-025
  2.494846185602081E-025
  2.485820843313231E-025
  2.476811695315931E-025
  2.467818785784006E-025
  2.458842158330090E-025
  2.449881856017412E-025
  2.440937921371432E-025
  2.432010396391322E-025
  2.423099322561307E-025
  2.414204740861846E-025
  2.405326691780680E-025
  2.396465215323674E-025
  2.387620351025541E-025
  2.378792137960395E-025
  2.369980614752115E-025
  2.361185819584573E-025
  2.352407790211660E-025
  2.343646563967163E-025
  2.334902177774460E-025
  2.326174668156034E-025
  2.317464071242812E-025
  2.308770422783335E-025
  2.300093758152732E-025
  2.291434112361511E-025
  2.282791520064185E-025
  2.274166015567695E-025
  2.265557632839664E-025
  2.256966405516437E-025
  2.248392366910969E-025
  2.239835550020501E-025
  2.231295987534056E-025
  2.222773711839751E-025
  2.214268755031900E-025
  2.205781148917958E-025
  2.197310925025251E-025
  2.188858114607525E-025
  2.180422748651303E-025
  2.172004857882075E-025
  2.163604472770248E-025
  2.155221623536961E-025
  2.146856340159687E-025
  2.138508652377645E-025
  2.130178589697036E-025
  2.121866181396080E-025
  2.113571456529879E-025
  2.105294443935092E-025
  2.097035172234427E-025
  2.088793669840938E-025
  2.080569964962177E-025
  2.072364085604106E-025
  2.064176059574896E-025
  2.056005914488496E-025
  2.047853677768062E-025
  2.039719376649185E-025
  2.031603038182972E-025
  2.023504689238922E-025
  2.015424356507672E-025
  2.007362066503537E-025
  1.999317845566915E-025
  1.991291719866513E-025
  1.983283715401401E-025
  1.975293858002933E-025
  1.967322173336483E-025
  1.959368686903040E-025
  1.951433424040647E-025
  1.943516409925679E-025
  1.935617669573982E-025
  1.927737227841866E-025
  1.919875109426938E-025
  1.912031338868813E-025
  1.904205940549669E-025
  1.896398938694665E-025
  1.888610357372236E-025
  1.880840220494247E-025
  1.873088551816001E-025
  1.865355374936165E-025
  1.857640713296504E-025
  1.849944590181555E-025
  1.842267028718149E-025
  1.834608051874812E-025
  1.826967682461074E-025
  1.819345943126639E-025
  1.811742856360468E-025
  1.804158444489739E-025
  1.796592729678714E-025
  1.789045733927499E-025
  1.781517479070713E-025
  1.774007986776037E-025
  1.766517278542711E-025
  1.759045375699895E-025
  1.751592299404979E-025
  1.744158070641791E-025
  1.736742710218718E-025
  1.729346238766763E-025
  1.721968676737504E-025
  1.714610044401013E-025
  1.707270361843659E-025
  1.699949648965885E-025
  1.692647925479883E-025
  1.685365210907233E-025
  1.678101524576468E-025
  1.670856885620582E-025
  1.663631312974488E-025
  1.656424825372418E-025
  1.649237441345279E-025
  1.642069179217938E-025
  1.634920057106515E-025
  1.627790092915579E-025
  1.620679304335327E-025
  1.613587708838720E-025
  1.606515323678610E-025
  1.599462165884788E-025
  1.592428252261040E-025
  1.585413599382176E-025
  1.578418223590996E-025
  1.571442140995273E-025
  1.564485367464701E-025
  1.557547918627831E-025
  1.550629809868975E-025
  1.543731056325120E-025
  1.536851672882801E-025
  1.529991674175008E-025
  1.523151074578045E-025
  1.516329888208398E-025
  1.509528128919617E-025
  1.502745810299173E-025
  1.495982945665329E-025
  1.489239548064020E-025
  1.482515630265721E-025
  1.475811204762345E-025
  1.469126283764134E-025
  1.462460879196555E-025
  1.455815002697245E-025
  1.449188665612922E-025
  1.442581878996350E-025
  1.435994653603311E-025
  1.429426999889587E-025
  1.422878928007976E-025
  1.416350447805335E-025
  1.409841568819632E-025
  1.403352300277039E-025
  1.396882651089039E-025
  1.390432629849588E-025
  1.384002244832271E-025
  1.377591503987528E-025
  1.371200414939887E-025
  1.364828984985239E-025
  1.358477221088166E-025
  1.352145129879270E-025
  1.345832717652582E-025
  1.339539990362983E-025
  1.333266953623686E-025
  1.327013612703730E-025
  1.320779972525553E-025
  1.314566037662589E-025
  1.308371812336909E-025
  1.302197300416925E-025
  1.296042505415119E-025
  1.289907430485832E-025
  1.283792078423110E-025
  1.277696451658580E-025
  1.271620552259390E-025
  1.265564381926207E-025
  1.259527941991245E-025
  1.253511233416358E-025
  1.247514256791195E-025
  1.241537012331399E-025
  1.235579499876856E-025
  1.229641718890010E-025
  1.223723668454227E-025
  1.217825347272212E-025
  1.211946753664497E-025
  1.206087885567967E-025
  1.200248740534459E-025
  1.194429315729408E-025
  1.188629607930554E-025
  1.182849613526711E-025
  1.177089328516592E-025
  1.171348748507693E-025
  1.165627868715233E-025
  1.159926683961158E-025
  1.154245188673203E-025
  1.148583376884010E-025
  1.142941242230318E-025
  1.137318777952183E-025
  1.131715976892301E-025
  1.126132831495356E-025
  1.120569333807437E-025
  1.115025475475522E-025
  1.109501247747024E-025
  1.103996641469370E-025
  1.098511647089679E-025
  1.093046254654469E-025
  1.087600453809434E-025
  1.082174233799289E-025
  1.076767583467652E-025
  1.071380491257008E-025
  1.066012945208714E-025
  1.060664932963075E-025
  1.055336441759469E-025
  1.050027458436539E-025
  1.044737969432428E-025
  1.039467960785086E-025
  1.034217418132626E-025
  1.028986326713739E-025
  1.023774671368167E-025
  1.018582436537221E-025
  1.013409606264369E-025
  1.008256164195872E-025
  1.003122093581472E-025
  9.980073772751381E-026
  9.929119977358672E-026
  9.878359370285322E-026
  9.827791768247879E-026
  9.777416984040233E-026
  9.727234826543766E-026
  9.677245100737912E-026
  9.627447607711233E-026
  9.577842144673027E-026
  9.528428504965434E-026
  9.479206478075999E-026
  9.430175849650753E-026
  9.381336401507749E-026
  9.332687911651108E-026
  9.284230154285417E-026
  9.235962899830751E-026
  9.187885914938041E-026
  9.139998962504937E-026
  9.092301801692051E-026
  9.044794187939696E-026
  8.997475872985060E-026
  8.950346604879735E-026
  8.903406128007756E-026
  8.856654183103957E-026
  8.810090507272753E-026
  8.763714834007394E-026
  8.717526893209512E-026
  8.671526411209083E-026
  8.625713110784818E-026
  8.580086711184812E-026
  8.534646928147647E-026
  8.489393473923844E-026
  8.444326057297596E-026
  8.399444383608951E-026
  8.354748154776211E-026
  8.310237069318738E-026
  8.265910822380074E-026
  8.221769105751321E-026
  8.177811607894919E-026
  8.134038013968643E-026
  8.090448005849932E-026
  8.047041262160490E-026
  8.003817458291158E-026
  7.960776266427099E-026
  7.917917355573264E-026
  7.875240391579948E-026
  7.832745037168861E-026
  7.790430951959236E-026
  7.748297792494273E-026
  7.706345212267763E-026
  7.664572861751018E-026
  7.622980388419917E-026
  7.581567436782198E-026
  7.540333648405047E-026
  7.499278661942693E-026
  7.458402113164410E-026
  7.417703634982547E-026
  7.377182857480780E-026
  7.336839407942564E-026
  7.296672910879716E-026
  7.256682988061222E-026
  7.216869258542042E-026
  7.177231338692256E-026
  7.137768842226215E-026
  7.098481380231860E-026
  7.059368561200204E-026
  7.020429991054874E-026
  6.981665273181793E-026
  6.943074008458996E-026
  6.904655795286528E-026
  6.866410229616390E-026
  6.828336904982705E-026
  6.790435412531817E-026
  6.752705341052538E-026
  6.715146277006486E-026
  6.677757804558490E-026
  6.640539505606970E-026
  6.603490959814535E-026
  6.566611744638442E-026
  6.529901435361232E-026
  6.493359605121391E-026
  6.456985824943944E-026
  6.420779663771279E-026
  6.384740688493709E-026
  6.348868463980335E-026
  6.313162553109761E-026
  6.277622516800844E-026
  6.242247914043442E-026
  6.207038301929251E-026
  6.171993235682445E-026
  6.137112268690533E-026
  6.102394952534994E-026
  6.067840837022043E-026
  6.033449470213306E-026
  5.999220398456426E-026
  5.965153166415726E-026
  5.931247317102767E-026
  5.897502391906883E-026
  5.863917930625681E-026
  5.830493471495448E-026
  5.797228551221553E-026
  5.764122705008754E-026
  5.731175466591466E-026
  5.698386368263931E-026
  5.665754940910365E-026
  5.633280714034964E-026
  5.600963215791873E-026
  5.568801973015079E-026
  5.536796511248197E-026
  5.504946354774182E-026
  5.473251026644913E-026
  5.441710048710729E-026
  5.410322941649825E-026
  5.379089224997583E-026
  5.348008417175760E-026
  5.317080035521580E-026
  5.286303596316720E-026
  5.255678614816182E-026
  5.225204605277019E-026
  5.194881080986968E-026
  5.164707554292996E-026
  5.134683536629591E-026
  5.104808538547059E-026
  5.075082069739649E-026
  5.045503639073472E-026
  5.016072754614410E-026
  4.986788923655773E-026
  4.957651652745867E-026
  4.928660447715407E-026
  4.899814813704781E-026
  4.871114255191179E-026
  4.842558276015563E-026
  4.814146379409468E-026
  4.785878068021653E-026
  4.757752843944630E-026
  4.729770208740985E-026
  4.701929663469586E-026
  4.674230708711565E-026
  4.646672844596212E-026
  4.619255570826632E-026
  4.591978386705302E-026
  4.564840791159367E-026
  4.537842282765925E-026
  4.510982359776912E-026
  4.484260520144031E-026
