  6.650006864397229E-025
  6.650006864397227E-025
  6.650006864397221E-025
  6.650006864397219E-025
  6.650006864397217E-025
  6.650006864397212E-025
  6.650006864397211E-025
  6.650006864397206E-025
  6.650006864397203E-025
  6.650006864397201E-025
  6.650006864397196E-025
  6.650006864397193E-025
  6.650006864397190E-025
  6.650006864397187E-025
  6.650006864397184E-025
  6.650006864397182E-025
  6.650006864397176E-025
  6.650006864397174E-025
  6.650006864397172E-025
  6.650006864397167E-025
  6.650006864397163E-025
  6.650006864397161E-025
  6.650006864397157E-025
  6.650006864397152E-025
  6.650006864397149E-025
  6.650006864397144E-025
  6.650006864397139E-025
  6.650006864397135E-025
  6.650006864397131E-025
  6.650006864397127E-025
  6.650006864397119E-025
  6.650006864397116E-025
  6.650006864397111E-025
  6.650006864397106E-025
  6.650006864397103E-025
  6.650006864397096E-025
  6.650006864397091E-025
  6.650006864397087E-025
  6.650006864397081E-025
  6.650006864397074E-025
  6.650006864397069E-025
  6.650006864397065E-025
  6.650006864397058E-025
  6.650006864397053E-025
  6.650006864397049E-025
  6.650006864397038E-025
  6.650006864397034E-025
  6.650006864397027E-025
  6.650006864397020E-025
  6.650006864397015E-025
  6.650006864397008E-025
  6.650006864397000E-025
  6.650006864396994E-025
  6.650006864396986E-025
  6.650006864396978E-025
  6.650006864396972E-025
  6.650006864396966E-025
  6.650006864396955E-025
  6.650006864396951E-025
  6.650006864396940E-025
  6.650006864396934E-025
  6.650006864396925E-025
  6.650006864396916E-025
  6.650006864396908E-025
  6.650006864396899E-025
  6.650006864396890E-025
  6.650006864396878E-025
  6.650006864396868E-025
  6.650006864396860E-025
  6.650006864396848E-025
  6.650006864396839E-025
  6.650006864396832E-025
  6.650006864396819E-025
  6.650006864396808E-025
  6.650006864396797E-025
  6.650006864396789E-025
  6.650006864396778E-025
  6.650006864396767E-025
  6.650006864396752E-025
  6.650006864396741E-025
  6.650006864396729E-025
  6.650006864396717E-025
  6.650006864396704E-025
  6.650006864396692E-025
  6.650006864396677E-025
  6.650006864396664E-025
  6.650006864396650E-025
  6.650006864396637E-025
  6.650006864396621E-025
  6.650006864396608E-025
  6.650006864396595E-025
  6.650006864396578E-025
  6.650006864396563E-025
  6.650006864396546E-025
  6.650006864396528E-025
  6.650006864396514E-025
  6.650006864396496E-025
  6.650006864396478E-025
  6.650006864396461E-025
  6.650006864396443E-025
  6.650006864396426E-025
  6.650006864396404E-025
  6.650006864396385E-025
  6.650006864396368E-025
  6.650006864396347E-025
  6.650006864396329E-025
  6.650006864396306E-025
  6.650006864396286E-025
  6.650006864396266E-025
  6.650006864396243E-025
  6.650006864396222E-025
  6.650006864396201E-025
  6.650006864396179E-025
  6.650006864396154E-025
  6.650006864396131E-025
  6.650006864396108E-025
  6.650006864396081E-025
  6.650006864396056E-025
  6.650006864396032E-025
  6.650006864396008E-025
  6.650006864395980E-025
  6.650006864395951E-025
  6.650006864395924E-025
  6.650006864395894E-025
  6.650006864395867E-025
  6.650006864395837E-025
  6.650006864395807E-025
  6.650006864395776E-025
  6.650006864395745E-025
  6.650006864395713E-025
  6.650006864395680E-025
  6.650006864395652E-025
  6.650006864395618E-025
  6.650006864395581E-025
  6.650006864395546E-025
  6.650006864395509E-025
  6.650006864395472E-025
  6.650006864395436E-025
  6.650006864395399E-025
  6.650006864395362E-025
  6.650006864395320E-025
  6.650006864395281E-025
  6.650006864395239E-025
  6.650006864395196E-025
  6.650006864395155E-025
  6.650006864395109E-025
  6.650006864395067E-025
  6.650006864395019E-025
  6.650006864394973E-025
  6.650006864394926E-025
  6.650006864394880E-025
  6.650006864394829E-025
  6.650006864394780E-025
  6.650006864394731E-025
  6.650006864394679E-025
  6.650006864394624E-025
  6.650006864394569E-025
  6.650006864394516E-025
  6.650006864394461E-025
  6.650006864394405E-025
  6.650006864394346E-025
  6.650006864394286E-025
  6.650006864394223E-025
  6.650006864394164E-025
  6.650006864394102E-025
  6.650006864394037E-025
  6.650006864393968E-025
  6.650006864393906E-025
  6.650006864393837E-025
  6.650006864393766E-025
  6.650006864393695E-025
  6.650006864393622E-025
  6.650006864393549E-025
  6.650006864393474E-025
  6.650006864393394E-025
  6.650006864393319E-025
  6.650006864393236E-025
  6.650006864393157E-025
  6.650006864393076E-025
  6.650006864392988E-025
  6.650006864392904E-025
  6.650006864392818E-025
  6.650006864392726E-025
  6.650006864392636E-025
  6.650006864392544E-025
  6.650006864392447E-025
  6.650006864392351E-025
  6.650006864392252E-025
  6.650006864392153E-025
  6.650006864392046E-025
  6.650006864391941E-025
  6.650006864391835E-025
  6.650006864391726E-025
  6.650006864391619E-025
  6.650006864391500E-025
  6.650006864391386E-025
  6.650006864391269E-025
  6.650006864391150E-025
  6.650006864391026E-025
  6.650006864390904E-025
  6.650006864390775E-025
  6.650006864390641E-025
  6.650006864390511E-025
  6.650006864390375E-025
  6.650006864390235E-025
  6.650006864390096E-025
  6.650006864389953E-025
  6.650006864389806E-025
  6.650006864389658E-025
  6.650006864389507E-025
  6.650006864389349E-025
  6.650006864389189E-025
  6.650006864389030E-025
  6.650006864388865E-025
  6.650006864388701E-025
  6.650006864388527E-025
  6.650006864388354E-025
  6.650006864388174E-025
  6.650006864387990E-025
  6.650006864387803E-025
  6.650006864387620E-025
  6.650006864387425E-025
  6.650006864387230E-025
  6.650006864387030E-025
  6.650006864386829E-025
  6.650006864386620E-025
  6.650006864386411E-025
  6.650006864386195E-025
  6.650006864385974E-025
  6.650006864385744E-025
  6.650006864385516E-025
  6.650006864385283E-025
  6.650006864385043E-025
  6.650006864384801E-025
  6.650006864384553E-025
  6.650006864384299E-025
  6.650006864384045E-025
  6.650006864383780E-025
  6.650006864383516E-025
  6.650006864383243E-025
  6.650006864382963E-025
  6.650006864382677E-025
  6.650006864382387E-025
  6.650006864382089E-025
  6.650006864381792E-025
  6.650006864381482E-025
  6.650006864381170E-025
  6.650006864380850E-025
  6.650006864380524E-025
  6.650006864380194E-025
  6.650006864379855E-025
  6.650006864379505E-025
  6.650006864379153E-025
  6.650006864378795E-025
  6.650006864378427E-025
  6.650006864378055E-025
  6.650006864377672E-025
  6.650006864377286E-025
  6.650006864376887E-025
  6.650006864376486E-025
  6.650006864376075E-025
  6.650006864375654E-025
  6.650006864375226E-025
  6.650006864374788E-025
  6.650006864374341E-025
  6.650006864373886E-025
  6.650006864373424E-025
  6.650006864372954E-025
  6.650006864372471E-025
  6.650006864371980E-025
  6.650006864371477E-025
  6.650006864370969E-025
  6.650006864370444E-025
  6.650006864369909E-025
  6.650006864369368E-025
  6.650006864368819E-025
  6.650006864368256E-025
  6.650006864367680E-025
  6.650006864367096E-025
  6.650006864366498E-025
  6.650006864365886E-025
  6.650006864365266E-025
  6.650006864364632E-025
  6.650006864363990E-025
  6.650006864363329E-025
  6.650006864362654E-025
  6.650006864361970E-025
  6.650006864361275E-025
  6.650006864360563E-025
  6.650006864359839E-025
  6.650006864359097E-025
  6.650006864358340E-025
  6.650006864357569E-025
  6.650006864356781E-025
  6.650006864355982E-025
  6.650006864355164E-025
  6.650006864354331E-025
  6.650006864353482E-025
  6.650006864352619E-025
  6.650006864351732E-025
  6.650006864350831E-025
  6.650006864349913E-025
  6.650006864348979E-025
  6.650006864348020E-025
  6.650006864347047E-025
  6.650006864346055E-025
  6.650006864345042E-025
  6.650006864344010E-025
  6.650006864342959E-025
  6.650006864341881E-025
  6.650006864340787E-025
  6.650006864339671E-025
  6.650006864338529E-025
  6.650006864337370E-025
  6.650006864336185E-025
  6.650006864334978E-025
  6.650006864333746E-025
  6.650006864332494E-025
  6.650006864331214E-025
  6.650006864329906E-025
  6.650006864328573E-025
  6.650006864327218E-025
  6.650006864325834E-025
  6.650006864324421E-025
  6.650006864322980E-025
  6.650006864321514E-025
  6.650006864320014E-025
  6.650006864318484E-025
  6.650006864316931E-025
  6.650006864315341E-025
  6.650006864313725E-025
  6.650006864312070E-025
  6.650006864310387E-025
  6.650006864308670E-025
  6.650006864306924E-025
  6.650006864305141E-025
  6.650006864303318E-025
  6.650006864301458E-025
  6.650006864299568E-025
  6.650006864297637E-025
  6.650006864295668E-025
  6.650006864293663E-025
  6.650006864291615E-025
  6.650006864289528E-025
  6.650006864287395E-025
  6.650006864285230E-025
  6.650006864283015E-025
  6.650006864280754E-025
  6.650006864278449E-025
  6.650006864276106E-025
  6.650006864273712E-025
  6.650006864271266E-025
  6.650006864268780E-025
  6.650006864266242E-025
  6.650006864263657E-025
  6.650006864261017E-025
  6.650006864258327E-025
  6.650006864255582E-025
  6.650006864252783E-025
  6.650006864249929E-025
  6.650006864247015E-025
  6.650006864244052E-025
  6.650006864241023E-025
  6.650006864237939E-025
  6.650006864234789E-025
  6.650006864231582E-025
  6.650006864228310E-025
  6.650006864224973E-025
  6.650006864221571E-025
  6.650006864218101E-025
  6.650006864214560E-025
  6.650006864210951E-025
  6.650006864207274E-025
  6.650006864203521E-025
  6.650006864199688E-025
  6.650006864195789E-025
  6.650006864191813E-025
  6.650006864187754E-025
  6.650006864183617E-025
  6.650006864179397E-025
  6.650006864175093E-025
  6.650006864170707E-025
  6.650006864166235E-025
  6.650006864161673E-025
  6.650006864157017E-025
  6.650006864152271E-025
  6.650006864147434E-025
  6.650006864142503E-025
  6.650006864137470E-025
  6.650006864132347E-025
  6.650006864127111E-025
  6.650006864121779E-025
  6.650006864116334E-025
  6.650006864110789E-025
  6.650006864105133E-025
  6.650006864099366E-025
  6.650006864093481E-025
  6.650006864087480E-025
  6.650006864081361E-025
  6.650006864075126E-025
  6.650006864068763E-025
  6.650006864062280E-025
  6.650006864055663E-025
  6.650006864048920E-025
  6.650006864042042E-025
  6.650006864035027E-025
  6.650006864027873E-025
  6.650006864020579E-025
  6.650006864013142E-025
  6.650006864005557E-025
  6.650006863997822E-025
  6.650006863989939E-025
  6.650006863981894E-025
  6.650006863973690E-025
  6.650006863965323E-025
  6.650006863956800E-025
  6.650006863948102E-025
  6.650006863939236E-025
  6.650006863930193E-025
  6.650006863920968E-025
  6.650006863911562E-025
  6.650006863901976E-025
  6.650006863892195E-025
  6.650006863882221E-025
  6.650006863872059E-025
  6.650006863861683E-025
  6.650006863851110E-025
  6.650006863840328E-025
  6.650006863829331E-025
  6.650006863818121E-025
  6.650006863806684E-025
  6.650006863795023E-025
  6.650006863783136E-025
  6.650006863771005E-025
  6.650006863758644E-025
  6.650006863746034E-025
  6.650006863733178E-025
  6.650006863720069E-025
  6.650006863706694E-025
  6.650006863693064E-025
  6.650006863679161E-025
  6.650006863664980E-025
  6.650006863650527E-025
  6.650006863635789E-025
  6.650006863620753E-025
  6.650006863605424E-025
  6.650006863589786E-025
  6.650006863573847E-025
  6.650006863557592E-025
  6.650006863541011E-025
  6.650006863524104E-025
  6.650006863506869E-025
  6.650006863489289E-025
  6.650006863471365E-025
  6.650006863453086E-025
  6.650006863434447E-025
  6.650006863415440E-025
  6.650006863396056E-025
  6.650006863376291E-025
  6.650006863356135E-025
  6.650006863335582E-025
  6.650006863314621E-025
  6.650006863293246E-025
  6.650006863271451E-025
  6.650006863249229E-025
  6.650006863226562E-025
  6.650006863203449E-025
  6.650006863179883E-025
  6.650006863155847E-025
  6.650006863131335E-025
  6.650006863106351E-025
  6.650006863080864E-025
  6.650006863054876E-025
  6.650006863028375E-025
  6.650006863001353E-025
  6.650006862973793E-025
  6.650006862945693E-025
  6.650006862917041E-025
  6.650006862887817E-025
  6.650006862858017E-025
  6.650006862827632E-025
  6.650006862796642E-025
  6.650006862765042E-025
  6.650006862732821E-025
  6.650006862699961E-025
  6.650006862666459E-025
  6.650006862632292E-025
  6.650006862597446E-025
  6.650006862561914E-025
  6.650006862525684E-025
  6.650006862488736E-025
  6.650006862451068E-025
  6.650006862412641E-025
  6.650006862373462E-025
  6.650006862333507E-025
  6.650006862292767E-025
  6.650006862251225E-025
  6.650006862208854E-025
  6.650006862165657E-025
  6.650006862121605E-025
  6.650006862076680E-025
  6.650006862030866E-025
  6.650006861984154E-025
  6.650006861936513E-025
  6.650006861887938E-025
  6.650006861838402E-025
  6.650006861787891E-025
  6.650006861736372E-025
  6.650006861683848E-025
  6.650006861630281E-025
  6.650006861575658E-025
  6.650006861519954E-025
  6.650006861463161E-025
  6.650006861405235E-025
  6.650006861346170E-025
  6.650006861285940E-025
  6.650006861224525E-025
  6.650006861161890E-025
  6.650006861098020E-025
  6.650006861032892E-025
  6.650006860966478E-025
  6.650006860898751E-025
  6.650006860829690E-025
  6.650006860759255E-025
  6.650006860687445E-025
  6.650006860614209E-025
  6.650006860539530E-025
  6.650006860463371E-025
  6.650006860385717E-025
  6.650006860306532E-025
  6.650006860225773E-025
  6.650006860143428E-025
  6.650006860059450E-025
  6.650006859973819E-025
  6.650006859886502E-025
  6.650006859797454E-025
  6.650006859706651E-025
  6.650006859614057E-025
  6.650006859519634E-025
  6.650006859423342E-025
  6.650006859325156E-025
  6.650006859225029E-025
  6.650006859122926E-025
  6.650006859018810E-025
  6.650006858912640E-025
  6.650006858804369E-025
  6.650006858693961E-025
  6.650006858581379E-025
  6.650006858466567E-025
  6.650006858349490E-025
  6.650006858230107E-025
  6.650006858108364E-025
  6.650006857984219E-025
  6.650006857857620E-025
  6.650006857728527E-025
  6.650006857596883E-025
  6.650006857462642E-025
  6.650006857325747E-025
  6.650006857186154E-025
  6.650006857043802E-025
  6.650006856898641E-025
  6.650006856750618E-025
  6.650006856599668E-025
  6.650006856445744E-025
  6.650006856288780E-025
  6.650006856128709E-025
  6.650006855965487E-025
  6.650006855799041E-025
  6.650006855629314E-025
  6.650006855456231E-025
  6.650006855279729E-025
  6.650006855099744E-025
  6.650006854916208E-025
  6.650006854729054E-025
  6.650006854538195E-025
  6.650006854343574E-025
  6.650006854145112E-025
  6.650006853942733E-025
  6.650006853736361E-025
  6.650006853525905E-025
  6.650006853311297E-025
  6.650006853092462E-025
  6.650006852869306E-025
  6.650006852641738E-025
  6.650006852409678E-025
  6.650006852173042E-025
  6.650006851931734E-025
  6.650006851685660E-025
  6.650006851434725E-025
  6.650006851178845E-025
  6.650006850917903E-025
  6.650006850651820E-025
  6.650006850380480E-025
  6.650006850103789E-025
  6.650006849821631E-025
  6.650006849533901E-025
  6.650006849240496E-025
  6.650006848941297E-025
  6.650006848636193E-025
  6.650006848325069E-025
  6.650006848007789E-025
  6.650006847684262E-025
  6.650006847354344E-025
  6.650006847017911E-025
  6.650006846674838E-025
  6.650006846324993E-025
  6.650006845968242E-025
  6.650006845604450E-025
  6.650006845233474E-025
  6.650006844855178E-025
  6.650006844469407E-025
  6.650006844076033E-025
  6.650006843674885E-025
  6.650006843265818E-025
  6.650006842848685E-025
  6.650006842423308E-025
  6.650006841989533E-025
  6.650006841547204E-025
  6.650006841096136E-025
  6.650006840636166E-025
  6.650006840167119E-025
  6.650006839688809E-025
  6.650006839201062E-025
  6.650006838703681E-025
  6.650006838196487E-025
  6.650006837679276E-025
  6.650006837151859E-025
  6.650006836614027E-025
  6.650006836065578E-025
  6.650006835506304E-025
  6.650006834935993E-025
  6.650006834354421E-025
  6.650006833761371E-025
  6.650006833156606E-025
  6.650006832539915E-025
  6.650006831911045E-025
  6.650006831269757E-025
  6.650006830615815E-025
  6.650006829948963E-025
  6.650006829268950E-025
  6.650006828575507E-025
  6.650006827868377E-025
  6.650006827147290E-025
  6.650006826411968E-025
  6.650006825662130E-025
  6.650006824897493E-025
  6.650006824117763E-025
  6.650006823322635E-025
  6.650006822511818E-025
  6.650006821684985E-025
  6.650006820841840E-025
  6.650006819982047E-025
  6.650006819105281E-025
  6.650006818211213E-025
  6.650006817299493E-025
  6.650006816369776E-025
  6.650006815421701E-025
  6.650006814454919E-025
  6.650006813469044E-025
  6.650006812463708E-025
  6.650006811438534E-025
  6.650006810393120E-025
  6.650006809327069E-025
  6.650006808239979E-025
  6.650006807131421E-025
  6.650006806000984E-025
  6.650006804848222E-025
  6.650006803672720E-025
  6.650006802474004E-025
  6.650006801251635E-025
  6.650006800005129E-025
  6.650006798734017E-025
  6.650006797437812E-025
  6.650006796116021E-025
  6.650006794768138E-025
  6.650006793393645E-025
  6.650006791992025E-025
  6.650006790562730E-025
  6.650006789105227E-025
  6.650006787618949E-025
  6.650006786103335E-025
  6.650006784557801E-025
  6.650006782981753E-025
  6.650006781374596E-025
  6.650006779735717E-025
  6.650006778064488E-025
  6.650006776360262E-025
  6.650006774622399E-025
  6.650006772850230E-025
  6.650006771043077E-025
  6.650006769200248E-025
  6.650006767321046E-025
  6.650006765404743E-025
  6.650006763450617E-025
  6.650006761457914E-025
  6.650006759425875E-025
  6.650006757353718E-025
  6.650006755240672E-025
  6.650006753085899E-025
  6.650006750888597E-025
  6.650006748647918E-025
  6.650006746363002E-025
  6.650006744032986E-025
  6.650006741656978E-025
  6.650006739234071E-025
  6.650006736763326E-025
  6.650006734243812E-025
  6.650006731674561E-025
  6.650006729054600E-025
  6.650006726382915E-025
  6.650006723658489E-025
  6.650006720880287E-025
  6.650006718047235E-025
  6.650006715158269E-025
  6.650006712212266E-025
  6.650006709208109E-025
  6.650006706144657E-025
  6.650006703020725E-025
  6.650006699835130E-025
  6.650006696586647E-025
  6.650006693274041E-025
  6.650006689896042E-025
  6.650006686451364E-025
  6.650006682938680E-025
  6.650006679356664E-025
  6.650006675703935E-025
  6.650006671979102E-025
  6.650006668180734E-025
  6.650006664307396E-025
  6.650006660357589E-025
  6.650006656329816E-025
  6.650006652222532E-025
  6.650006648034177E-025
  6.650006643763134E-025
  6.650006639407785E-025
  6.650006634966459E-025
  6.650006630437460E-025
  6.650006625819059E-025
  6.650006621109493E-025
  6.650006616306955E-025
  6.650006611409618E-025
  6.650006606415604E-025
  6.650006601323013E-025
  6.650006596129885E-025
  6.650006590834254E-025
  6.650006585434076E-025
  6.650006579927298E-025
  6.650006574311825E-025
  6.650006568585492E-025
  6.650006562746128E-025
  6.650006556791488E-025
  6.650006550719307E-025
  6.650006544527261E-025
  6.650006538212982E-025
  6.650006531774053E-025
  6.650006525208023E-025
  6.650006518512381E-025
  6.650006511684559E-025
  6.650006504721963E-025
  6.650006497621921E-025
  6.650006490381720E-025
  6.650006482998599E-025
  6.650006475469743E-025
  6.650006467792256E-025
  6.650006459963214E-025
  6.650006451979631E-025
  6.650006443838446E-025
  6.650006435536552E-025
  6.650006427070782E-025
  6.650006418437903E-025
  6.650006409634595E-025
  6.650006400657518E-025
  6.650006391503225E-025
  6.650006382168231E-025
  6.650006372648960E-025
  6.650006362941781E-025
  6.650006353042975E-025
  6.650006342948769E-025
  6.650006332655307E-025
  6.650006322158639E-025
  6.650006311454774E-025
  6.650006300539613E-025
  6.650006289408979E-025
  6.650006278058631E-025
  6.650006266484222E-025
  6.650006254681338E-025
  6.650006242645460E-025
  6.650006230371989E-025
  6.650006217856241E-025
  6.650006205093431E-025
  6.650006192078678E-025
  6.650006178807015E-025
  6.650006165273368E-025
  6.650006151472562E-025
  6.650006137399331E-025
  6.650006123048288E-025
  6.650006108413956E-025
  6.650006093490737E-025
  6.650006078272940E-025
  6.650006062754730E-025
  6.650006046930194E-025
  6.650006030793277E-025
  6.650006014337820E-025
  6.650005997557523E-025
  6.650005980445985E-025
  6.650005962996667E-025
  6.650005945202894E-025
  6.650005927057859E-025
  6.650005908554648E-025
  6.650005889686190E-025
  6.650005870445255E-025
  6.650005850824503E-025
  6.650005830816432E-025
  6.650005810413405E-025
  6.650005789607615E-025
  6.650005768391120E-025
  6.650005746755800E-025
  6.650005724693399E-025
  6.650005702195489E-025
  6.650005679253466E-025
  6.650005655858562E-025
  6.650005632001838E-025
  6.650005607674182E-025
  6.650005582866289E-025
  6.650005557568689E-025
  6.650005531771710E-025
  6.650005505465493E-025
  6.650005478639991E-025
  6.650005451284952E-025
  6.650005423389921E-025
  6.650005394944233E-025
  6.650005365937026E-025
  6.650005336357210E-025
  6.650005306193488E-025
  6.650005275434330E-025
  6.650005244067978E-025
  6.650005212082448E-025
  6.650005179465523E-025
  6.650005146204739E-025
  6.650005112287377E-025
  6.650005077700487E-025
  6.650005042430844E-025
  6.650005006464973E-025
  6.650004969789132E-025
  6.650004932389305E-025
  6.650004894251197E-025
  6.650004855360243E-025
  6.650004815701570E-025
  6.650004775260033E-025
  6.650004734020172E-025
  6.650004691966234E-025
  6.650004649082144E-025
  6.650004605351514E-025
  6.650004560757637E-025
  6.650004515283470E-025
  6.650004468911632E-025
  6.650004421624416E-025
  6.650004373403741E-025
  6.650004324231187E-025
  6.650004274087952E-025
  6.650004222954889E-025
  6.650004170812452E-025
  6.650004117640716E-025
  6.650004063419358E-025
  6.650004008127666E-025
  6.650003951744505E-025
  6.650003894248339E-025
  6.650003835617187E-025
  6.650003775828644E-025
  6.650003714859872E-025
  6.650003652687569E-025
  6.650003589287977E-025
  6.650003524636865E-025
  6.650003458709525E-025
  6.650003391480781E-025
  6.650003322924927E-025
  6.650003253015773E-025
  6.650003181726604E-025
  6.650003109030174E-025
  6.650003034898710E-025
  6.650002959303873E-025
  6.650002882216787E-025
  6.650002803607992E-025
  6.650002723447446E-025
  6.650002641704527E-025
  6.650002558347987E-025
  6.650002473345975E-025
  6.650002386666018E-025
  6.650002298274980E-025
  6.650002208139096E-025
  6.650002116223913E-025
  6.650002022494315E-025
  6.650001926914478E-025
  6.650001829447887E-025
  6.650001730057287E-025
  6.650001628704708E-025
  6.650001525351413E-025
  6.650001419957904E-025
  6.650001312483924E-025
  6.650001202888379E-025
  6.650001091129413E-025
  6.650000977164308E-025
  6.650000860949516E-025
  6.650000742440621E-025
  6.650000621592348E-025
  6.650000498358515E-025
  6.650000372692027E-025
  6.650000244544874E-025
  6.650000113868068E-025
  6.649999980611688E-025
  6.649999844724811E-025
  6.649999706155505E-025
  6.649999564850824E-025
  6.649999420756767E-025
  6.649999273818276E-025
  6.649999123979192E-025
  6.649998971182267E-025
  6.649998815369115E-025
  6.649998656480181E-025
  6.649998494454768E-025
  6.649998329230947E-025
  6.649998160745581E-025
  6.649997988934290E-025
  6.649997813731419E-025
  6.649997635070026E-025
  6.649997452881828E-025
  6.649997267097215E-025
  6.649997077645188E-025
  6.649996884453350E-025
  6.649996687447871E-025
  6.649996486553487E-025
  6.649996281693413E-025
  6.649996072789377E-025
  6.649995859761542E-025
  6.649995642528510E-025
  6.649995421007274E-025
  6.649995195113172E-025
  6.649994964759891E-025
  6.649994729859404E-025
  6.649994490321951E-025
  6.649994246055989E-025
  6.649993996968189E-025
  6.649993742963361E-025
  6.649993483944444E-025
  6.649993219812459E-025
  6.649992950466465E-025
  6.649992675803547E-025
  6.649992395718742E-025
  6.649992110105033E-025
  6.649991818853262E-025
  6.649991521852146E-025
  6.649991218988185E-025
  6.649990910145645E-025
  6.649990595206514E-025
  6.649990274050442E-025
  6.649989946554702E-025
  6.649989612594157E-025
  6.649989272041179E-025
  6.649988924765635E-025
  6.649988570634826E-025
  6.649988209513430E-025
  6.649987841263443E-025
  6.649987465744151E-025
  6.649987082812054E-025
  6.649986692320831E-025
  6.649986294121261E-025
  6.649985888061166E-025
  6.649985473985395E-025
  6.649985051735706E-025
  6.649984621150756E-025
  6.649984182065994E-025
  6.649983734313641E-025
  6.649983277722593E-025
  6.649982812118376E-025
  6.649982337323068E-025
  6.649981853155236E-025
  6.649981359429860E-025
  6.649980855958282E-025
  6.649980342548101E-025
  6.649979819003135E-025
  6.649979285123316E-025
  6.649978740704646E-025
  6.649978185539063E-025
  6.649977619414445E-025
  6.649977042114436E-025
  6.649976453418455E-025
  6.649975853101536E-025
  6.649975240934272E-025
  6.649974616682741E-025
  6.649973980108410E-025
  6.649973330967996E-025
  6.649972669013467E-025
  6.649971993991872E-025
  6.649971305645247E-025
  6.649970603710576E-025
  6.649969887919611E-025
  6.649969157998829E-025
  6.649968413669319E-025
  6.649967654646635E-025
  6.649966880640746E-025
  6.649966091355866E-025
  6.649965286490396E-025
  6.649964465736777E-025
  6.649963628781354E-025
  6.649962775304330E-025
  6.649961904979543E-025
  6.649961017474425E-025
  6.649960112449835E-025
  6.649959189559934E-025
  6.649958248452061E-025
  6.649957288766577E-025
  6.649956310136788E-025
  6.649955312188723E-025
  6.649954294540953E-025
  6.649953256804796E-025
  6.649952198583559E-025
  6.649951119472748E-025
  6.649950019060173E-025
  6.649948896925370E-025
  6.649947752640110E-025
  6.649946585764975E-025
  6.649945395856845E-025
  6.649944182461017E-025
  6.649942945106943E-025
  6.649941683333056E-025
  6.649940396652555E-025
  6.649939084568550E-025
  6.649937746584993E-025
  6.649936382193060E-025
  6.649934990826480E-025
  6.649933572097427E-025
  6.649932125266639E-025
  6.649930649948278E-025
  6.649929145353966E-025
  6.649927611339125E-025
  6.649926046909809E-025
  6.649924451455223E-025
  6.649922824565628E-025
  6.649921165814013E-025
  6.649919473605330E-025
  6.649917748638062E-025
  6.649915989589553E-025
  6.649914194849853E-025
  6.649912364688188E-025
  6.649910502429653E-025
  6.649908601332608E-025
  6.649906661185568E-025
  6.649904683458807E-025
  6.649902662758311E-025
  6.649900606112681E-025
  6.649898516928806E-025
  6.649896375236174E-025
  6.649894186448893E-025
  6.649891966661801E-025
  6.649889699183348E-025
  6.649887376158581E-025
  6.649885036733537E-025
  6.649882622885991E-025
  6.649880173641069E-025
  6.649877610911522E-025
  6.649875129102706E-025
  6.649872523522384E-025
  6.649869806999182E-025
  6.649867149558468E-025
  6.649864417352861E-025
  6.649861579772344E-025
  6.649858619755396E-025
  6.649855890940277E-025
  6.649852745571878E-025
  6.649849795274223E-025
  6.649846502630686E-025
  6.649843397138964E-025
  6.649839978459335E-025
  6.649836822839548E-025
  6.649833880153352E-025
  6.649830297563238E-025
  6.649826800014742E-025
  6.649822864119855E-025
  6.649819860045616E-025
  6.649815373915847E-025
  6.649812739824482E-025
  6.649808914916458E-025
  6.649803964958407E-025
  6.649800911034655E-025
  6.649797313974732E-025
  6.649792656863234E-025
  6.649787340079100E-025
  6.649781916739892E-025
  6.649779275973122E-025
  6.649776041274323E-025
  6.649770207273453E-025
  6.649764658525391E-025
  6.649763729199972E-025
  6.649754971515311E-025
  6.649748649525644E-025
  6.649746619536336E-025
  6.649740672450375E-025
  6.649735950548790E-025
  6.649728810390298E-025
  6.649722394310863E-025
  6.649716386238483E-025
  6.649715059385074E-025
  6.649709020169093E-025
  6.649702744600219E-025
  6.649695365701703E-025
  6.649688825258781E-025
  6.649682917266782E-025
  6.649677600434707E-025
  6.649666885656560E-025
  6.649662423719407E-025
  6.649655110436087E-025
  6.649647255584924E-025
  6.649642898946636E-025
  6.649641545117465E-025
  6.649629858254313E-025
  6.649620131656696E-025
  6.649616583502301E-025
  6.649604712192595E-025
  6.649592935172175E-025
  6.649587854489623E-025
  6.649578457636513E-025
  6.649579224215303E-025
  6.649556678193412E-025
  6.649552886669502E-025
  6.649544410552006E-025
  6.649526280006380E-025
  6.649520607392386E-025
  6.649521407935803E-025
  6.649511651409450E-025
  6.649495292526816E-025
  6.649495973675276E-025
  6.649481981758977E-025
  6.649466215113478E-025
  6.649460830109776E-025
  6.649434881694351E-025
  6.649439731470827E-025
  6.649427733930611E-025
  6.649411039690627E-025
  6.649415534764028E-025
  6.649384355924066E-025
  6.649383190653341E-025
  6.649361905223393E-025
  6.649368694811954E-025
  6.649348250358511E-025
  6.649324533183363E-025
  6.649321241602886E-025
  6.649310420420387E-025
  6.649276223369608E-025
  6.649264222199321E-025
  6.649247342973046E-025
  6.649238691087089E-025
  6.649229901934437E-025
  6.649206679583714E-025
  6.649207914843919E-025
  6.649181649225480E-025
  6.649159530460402E-025
  6.649144074485210E-025
  6.649137314605830E-025
  6.649120748349699E-025
  6.649100667218162E-025
  6.649085075952014E-025
  6.649064077584480E-025
  6.649034678887660E-025
  6.649024832192299E-025
  6.649002762093443E-025
  6.648986342855349E-025
  6.648962256386468E-025
  6.648943260347766E-025
  6.648920340163130E-025
  6.648898268349698E-025
  6.648878257114504E-025
  6.648851651685268E-025
  6.648840108486778E-025
  6.648806478473141E-025
  6.648779999606607E-025
  6.648759322105004E-025
  6.648724140809135E-025
  6.648699578731961E-025
  6.648685538287820E-025
  6.648668597859271E-025
  6.648649345817274E-025
  6.648604135836772E-025
  6.648578801678820E-025
  6.648548291366718E-025
  6.648517532018072E-025
  6.648482629335445E-025
  6.648456805302547E-025
  6.648420508756175E-025
  6.648388773509149E-025
  6.648364654417192E-025
  6.648342217396737E-025
  6.648303656309387E-025
  6.648277198462245E-025
  6.648231908342874E-025
  6.648202295083041E-025
  6.648171091732149E-025
  6.648125802913704E-025
  6.648092860983888E-025
  6.648058484107295E-025
  6.648015141554319E-025
  6.647974432244031E-025
  6.647928174088759E-025
  6.647892827485872E-025
  6.647846276337865E-025
  6.647812552309763E-025
  6.647766426452378E-025
  6.647721675303836E-025
  6.647672977430838E-025
  6.647631605156388E-025
  6.647586499105049E-025
  6.647536163978601E-025
  6.647480925283981E-025
  6.647439463168655E-025
  6.647387023615662E-025
  6.647336307884459E-025
  6.647284392690061E-025
  6.647234153412309E-025
  6.647172344261814E-025
  6.647120482173041E-025
  6.647058708336533E-025
  6.647005058394264E-025
  6.646949990410823E-025
  6.646884631752796E-025
  6.646820417097238E-025
  6.646760279595269E-025
  6.646693960435920E-025
  6.646629275326721E-025
  6.646560116759973E-025
  6.646494273861555E-025
  6.646425813213372E-025
  6.646356083194922E-025
  6.646283823007218E-025
  6.646209395686243E-025
  6.646134638471434E-025
  6.646053099786343E-025
  6.645980062781654E-025
  6.645899704935602E-025
  6.645819796358826E-025
  6.645737564252855E-025
  6.645652591252863E-025
  6.645568435911198E-025
  6.645480564269929E-025
  6.645388737936653E-025
  6.645299921853792E-025
  6.645207274227730E-025
  6.645112706174899E-025
  6.645016697829835E-025
  6.644919095130595E-025
  6.644817569095790E-025
  6.644713934623003E-025
  6.644611488132095E-025
  6.644504384251746E-025
  6.644395289311247E-025
  6.644285025057903E-025
  6.644171123630076E-025
  6.644057771027625E-025
  6.643940486518001E-025
  6.643821661776592E-025
  6.643700311229930E-025
  6.643575188398036E-025
  6.643446981502674E-025
  6.643320171713328E-025
  6.643187025472595E-025
  6.643052601341373E-025
  6.642915954009087E-025
  6.642775605074770E-025
  6.642633805307174E-025
  6.642487799007920E-025
  6.642340476914620E-025
  6.642189789715648E-025
  6.642035932712754E-025
  6.641879673787689E-025
  6.641718525220844E-025
  6.641555324824462E-025
  6.641387803598458E-025
  6.641219454870875E-025
  6.641045565271958E-025
  6.640870362927520E-025
  6.640689654081723E-025
  6.640505778425102E-025
  6.640319932673708E-025
  6.640128476078027E-025
  6.639934668663204E-025
  6.639735507621047E-025
  6.639533773084970E-025
  6.639327362292659E-025
  6.639117790496980E-025
  6.638903449085313E-025
  6.638684781423665E-025
  6.638461881927914E-025
  6.638234915893112E-025
  6.638003070910270E-025
  6.637767848773018E-025
  6.637526551546188E-025
  6.637281091408797E-025
  6.637030621389093E-025
  6.636775873540321E-025
  6.636515718378345E-025
  6.636250540148829E-025
  6.635979970824447E-025
  6.635704421763768E-025
  6.635423467741654E-025
  6.635136664809012E-025
  6.634844625925451E-025
  6.634545752004522E-025
  6.634242648182649E-025
  6.633932872922261E-025
  6.633616862308410E-025
  6.633294695159699E-025
  6.632966786091409E-025
  6.632632158430943E-025
  6.632290781849786E-025
  6.631943045586800E-025
  6.631588270469729E-025
  6.631226588555004E-025
  6.630857857277149E-025
  6.630482170417454E-025
  6.630098954965220E-025
  6.629708369553219E-025
  6.629310142333551E-025
  6.628904068610686E-025
  6.628490102829080E-025
  6.628068175107083E-025
  6.627637772880552E-025
  6.627199225899528E-025
  6.626751971525179E-025
  6.626295957663891E-025
  6.625831370147064E-025
  6.625357435244522E-025
  6.624874621658084E-025
  6.624382177987247E-025
  6.623880082557081E-025
  6.623368332324356E-025
  6.622846607811481E-025
  6.622314703786006E-025
  6.621772706606377E-025
  6.621219903584938E-025
  6.620656572814233E-025
  6.620082247002923E-025
  6.619496694296698E-025
  6.618899739812184E-025
  6.618291465132849E-025
  6.617671194040657E-025
  6.617039078516350E-025
  6.616394599645383E-025
  6.615737618909026E-025
  6.615068008785738E-025
  6.614385483764673E-025
  6.613689682505992E-025
  6.612980439966256E-025
  6.612257565918298E-025
  6.611520698608364E-025
  6.610769572106560E-025
  6.610004064027195E-025
  6.609223678753079E-025
  6.608428391619028E-025
  6.607617693480600E-025
  6.606791378074694E-025
  6.605949128137848E-025
  6.605090804904065E-025
  6.604215904919560E-025
  6.603324206034520E-025
  6.602415369861583E-025
  6.601489123543956E-025
  6.600545042100064E-025
  6.599582922250890E-025
  6.598602287863486E-025
  6.597602967529432E-025
  6.596584475253948E-025
  6.595546491833678E-025
  6.594488720646950E-025
  6.593410629751308E-025
  6.592312069375563E-025
  6.591192518204378E-025
  6.590051585161290E-025
  6.588888969964275E-025
  6.587704206022296E-025
  6.586496859032958E-025
  6.585266612090112E-025
  6.584012945101183E-025
  6.582735495176379E-025
  6.581433805806373E-025
  6.580107434367385E-025
  6.578755913636795E-025
  6.577378868371290E-025
  6.575975748861117E-025
  6.574546133412197E-025
  6.573089500849489E-025
  6.571605407638052E-025
  6.570093326659567E-025
  6.568552792763565E-025
  6.566983264990645E-025
  6.565384254587392E-025
  6.563755196080627E-025
  6.562095593256017E-025
  6.560404878530631E-025
  6.558682506613203E-025
  6.556927941137751E-025
  6.555140571894594E-025
  6.553319853629461E-025
  6.551465184234214E-025
  6.549575957282209E-025
  6.547651604118814E-025
  6.545691501809435E-025
  6.543695009530474E-025
  6.541661502803363E-025
  6.539590346897270E-025
  6.537480892342644E-025
  6.535332475856892E-025
  6.533144432539209E-025
  6.530916073618923E-025
  6.528646716538531E-025
  6.526335670800509E-025
  6.523982216097470E-025
  6.521585644734342E-025
  6.519145223996593E-025
  6.516660214770886E-025
  6.514129871125431E-025
  6.511553437808932E-025
  6.508930145389408E-025
  6.506259214392559E-025
  6.503539862114628E-025
  6.500771282260653E-025
  6.497952672299615E-025
  6.495083215509626E-025
  6.492162076576351E-025
  6.489188418888607E-025
  6.486161389202327E-025
  6.483080136000893E-025
  6.479943784507367E-025
  6.476751451972042E-025
  6.473502250740614E-025
  6.470195279994768E-025
  6.466829624992803E-025
  6.463404370179602E-025
  6.459918578718590E-025
  6.456371310825054E-025
  6.452761617430803E-025
  6.449088530427593E-025
  6.445351086777762E-025
  6.441548297930002E-025
  6.437679175481121E-025
  6.433742720254845E-025
  6.429737919308224E-025
  6.425663753105295E-025
  6.421519194221729E-025
  6.417303203689275E-025
  6.413014731506097E-025
  6.408652725494876E-025
  6.404216119308064E-025
  6.399703837843010E-025
  6.395114799576252E-025
  6.390447915386175E-025
  6.385702086621721E-025
  6.380876206766524E-025
  6.375969162916831E-025
  6.370979834343499E-025
  6.365907091975053E-025
  6.360749802667810E-025
  6.355506824049262E-025
  6.350177008168988E-025
  6.344759202271878E-025
  6.339252247645484E-025
  6.333654978044825E-025
  6.327966225658838E-025
  6.322184815451089E-025
  6.316309569005761E-025
  6.310339304438516E-025
  6.304272835491648E-025
  6.298108973212990E-025
  6.291846526223149E-025
  6.285484300510918E-025
  6.279021100332273E-025
  6.272455728665123E-025
  6.265786987509633E-025
  6.259013678613377E-025
  6.252134603729874E-025
  6.245148565710630E-025
  6.238054367390119E-025
  6.230850814913427E-025
  6.223536715245789E-025
  6.216110879163046E-025
  6.208572120334281E-025
  6.200919257047726E-025
  6.193151111472372E-025
  6.185266511471831E-025
  6.177264291112378E-025
  6.169143290309972E-025
  6.160902356806723E-025
  6.152540346181793E-025
  6.144056122024574E-025
  6.135448558217608E-025
  6.126716537886806E-025
  6.117858955011628E-025
  6.108874715181596E-025
  6.099762736371693E-025
  6.090521949070357E-025
  6.081151297848059E-025
  6.071649741647762E-025
  6.062016254597931E-025
  6.052249827094674E-025
  6.042349466109793E-025
  6.032314196487878E-025
  6.022143061427774E-025
  6.011835123328055E-025
  6.001389464717123E-025
  5.990805189007430E-025
  5.980081421205466E-025
  5.969217308996125E-025
  5.958212023216119E-025
  5.947064758928691E-025
  5.935774736156494E-025
  5.924341200673264E-025
  5.912763424850218E-025
  5.901040708422606E-025
  5.889172379375986E-025
  5.877157794655614E-025
  5.864996340982355E-025
  5.852687435650407E-025
  5.840230527258011E-025
  5.827625096558807E-025
  5.814870657120692E-025
  5.801966756126390E-025
  5.788912975028335E-025
  5.775708930391697E-025
  5.762354274420074E-025
  5.748848695797590E-025
  5.735191920263534E-025
  5.721383711282175E-025
  5.707423870650739E-025
  5.693312239139134E-025
  5.679048697055738E-025
  5.664633164807930E-025
  5.650065603441969E-025
  5.635346015166032E-025
  5.620474443843108E-025
  5.605450975428424E-025
  5.590275738440903E-025
  5.574948904315833E-025
  5.559470687858715E-025
  5.543841347536929E-025
  5.528061185809801E-025
  5.512130549435862E-025
  5.496049829695932E-025
  5.479819462642737E-025
  5.463439929268216E-025
  5.446911755679156E-025
  5.430235513188954E-025
  5.413411818437625E-025
  5.396441333405742E-025
  5.379324765452083E-025
  5.362062867280194E-025
  5.344656436881419E-025
  5.327106317436234E-025
  5.309413397183671E-025
  5.291578609255523E-025
  5.273602931450618E-025
  5.255487386012015E-025
  5.237233039327214E-025
  5.218841001624298E-025
  5.200312426597868E-025
  5.181648511033889E-025
  5.162850494367638E-025
  5.143919658225691E-025
  5.124857325918095E-025
  5.105664861908146E-025
  5.086343671243000E-025
  5.066895198937535E-025
  5.047320929349176E-025
  5.027622385498685E-025
  5.007801128368742E-025
  4.987858756172166E-025
  4.967796903581343E-025
  4.947617240940503E-025
  4.927321473441227E-025
  4.906911340268449E-025
  4.886388613729673E-025
  4.865755098351592E-025
  4.845012629950119E-025
  4.824163074688394E-025
  4.803208328102271E-025
  4.782150314107968E-025
  4.760990983995330E-025
  4.739732315397143E-025
  4.718376311245838E-025
  4.696924998711285E-025
  4.675380428129157E-025
  4.653744671913876E-025
  4.632019823460574E-025
  4.610207996037841E-025
  4.588311321674532E-025
  4.566331950034835E-025
  4.544272047294047E-025
  4.522133795004440E-025
  4.499919388963622E-025
  4.477631038078911E-025
  4.455270963233967E-025
  4.432841396154469E-025
  4.410344578280829E-025
  4.387782759641885E-025
  4.365158197736967E-025
  4.342473156423086E-025
  4.319729904813490E-025
  4.296930716182249E-025
  4.274077866883150E-025
  4.251173635279179E-025
  4.228220300685826E-025
  4.205220142328542E-025
  4.182175438316320E-025
  4.159088464631762E-025
  4.135961494138492E-025
  4.112796795607635E-025
  4.089596632763736E-025
  4.066363263350255E-025
  4.043098938218202E-025
  4.019805900434350E-025
  3.996486384413990E-025
  3.973142615076270E-025
  3.949776807023526E-025
  3.926391163745131E-025
  3.902987876846647E-025
  3.879569125304138E-025
  3.856137074744496E-025
  3.832693876752036E-025
  3.809241668201285E-025
  3.785782570617138E-025
  3.762318689561226E-025
  3.738852114045807E-025
  3.715384915974643E-025
  3.691919149611312E-025
  3.668456851074067E-025
  3.645000037858438E-025
  3.621550708386453E-025
  3.598110841582792E-025
  3.574682396477566E-025
  3.551267311835377E-025
  3.527867505810628E-025
  3.504484875628319E-025
  3.481121297290558E-025
  3.457778625307805E-025
  3.434458692454754E-025
  3.411163309550286E-025
  3.387894265260945E-025
  3.364653325927610E-025
  3.341442235414445E-025
  3.318262714979811E-025
  3.295116463168574E-025
  3.272005155724927E-025
  3.248930445525284E-025
  3.225893962530497E-025
  3.202897313756793E-025
  3.179942083264563E-025
  3.157029832164495E-025
  3.134162098640199E-025
  3.111340397986664E-025
  3.088566222663781E-025
  3.065841042364213E-025
  3.043166304094869E-025
  3.020543432271262E-025
  2.997973828823941E-025
  2.975458873316405E-025
  2.952999923073581E-025
  2.930598313320337E-025
  2.908255357329117E-025
  2.885972346576174E-025
  2.863750550905558E-025
  2.841591218700254E-025
  2.819495577059778E-025
  2.797464831983535E-025
  2.775500168559357E-025
  2.753602751156516E-025
  2.731773723622650E-025
  2.710014209484048E-025
  2.688325312148549E-025
  2.666708115110716E-025
  2.645163682158592E-025
  2.623693057581549E-025
  2.602297266378823E-025
  2.580977314468104E-025
  2.559734188893880E-025
  2.538568858034976E-025
  2.517482271810995E-025
  2.496475361887184E-025
  2.475549041877372E-025
  2.454704207544713E-025
  2.433941736999811E-025
  2.413262490895998E-025
  2.392667312621468E-025
  2.372157028488025E-025
  2.351732447916180E-025
  2.331394363616460E-025
  2.311143551766654E-025
  2.290980772184893E-025
  2.270906768498401E-025
  2.250922268307795E-025
  2.231027983346776E-025
  2.211224609637250E-025
  2.191512827639663E-025
  2.171893302398624E-025
  2.152366683683672E-025
  2.132933606125297E-025
  2.113594689346095E-025
  2.094350538087169E-025
  2.075201742329746E-025
  2.056148877412088E-025
  2.037192504141766E-025
  2.018333168903286E-025
  1.999571403761336E-025
  1.980907726559520E-025
  1.962342641014867E-025
  1.943876636808150E-025
  1.925510189670157E-025
  1.907243761464054E-025
  1.889077800263994E-025
  1.871012740430091E-025
  1.853049002679964E-025
  1.835186994156969E-025
  1.817427108495320E-025
  1.799769725882255E-025
  1.782215213117444E-025
  1.764763923669801E-025
  1.747416197731883E-025
  1.730172362272087E-025
  1.713032731084803E-025
  1.695997604838739E-025
  1.679067271123579E-025
  1.662242004495195E-025
  1.645522066519571E-025
  1.628907705815645E-025
  1.612399158097272E-025
  1.595996646214416E-025
  1.579700380193899E-025
  1.563510557279706E-025
  1.547427361973170E-025
  1.531450966073136E-025
  1.515581528716294E-025
  1.499819196417829E-025
  1.484164103112593E-025
  1.468616370196892E-025
  1.453176106571090E-025
  1.437843408683163E-025
  1.422618360573311E-025
  1.407501033919835E-025
  1.392491488086336E-025
  1.377589770170381E-025
  1.362795915053795E-025
  1.348109945454635E-025
  1.333531871980973E-025
  1.319061693186611E-025
  1.304699395628781E-025
  1.290444953927942E-025
  1.276298330829758E-025
  1.262259477269313E-025
  1.248328332437637E-025
  1.234504823850638E-025
  1.220788867420429E-025
  1.207180367529170E-025
  1.193679217105413E-025
  1.180285297703029E-025
  1.166998479582714E-025
  1.153818621796134E-025
  1.140745572272692E-025
  1.127779167908957E-025
  1.114919234660768E-025
  1.102165587637970E-025
  1.089518031201858E-025
  1.076976359065239E-025
  1.064540354395158E-025
  1.052209789918243E-025
  1.039984428028653E-025
  1.027864020898603E-025
  1.015848310591438E-025
  1.003937029177218E-025
  9.921298988507658E-026
  9.804266320521511E-026
  9.688269315895567E-026
  9.573304907644569E-026
  9.459369934991039E-026
  9.346461144661999E-026
  9.234575192207540E-026
  9.123708643340185E-026
  9.013857975294637E-026
  8.905019578207114E-026
  8.797189756513667E-026
  8.690364730366606E-026
  8.584540637068402E-026
  8.479713532522347E-026
  8.375879392699010E-026
  8.273034115117863E-026
  8.171173520343249E-026
  8.070293353493733E-026
  7.970389285764246E-026
  7.871456915959924E-026
  7.773491772041024E-026
  7.676489312677885E-026
  7.580444928815255E-026
  7.485353945244948E-026
  7.391211622186120E-026
  7.298013156872257E-026
  7.205753685143927E-026
  7.114428283046673E-026
  7.024031968432866E-026
  6.934559702567038E-026
  6.846006391733516E-026
  6.758366888845767E-026
  6.671635995056525E-026
  6.585808461367857E-026
  6.500878990240451E-026
  6.416842237201213E-026
  6.333692812448545E-026
  6.251425282454303E-026
  6.170034171561843E-026
  6.089513963579483E-026
  6.009859103368369E-026
  5.931063998424209E-026
  5.853123020452227E-026
  5.776030506934454E-026
  5.699780762688850E-026
  5.624368061419517E-026
  5.549786647257383E-026
  5.476030736290711E-026
  5.403094518084865E-026
  5.330972157190752E-026
  5.259657794641194E-026
  5.189145549435072E-026
  5.119429520008211E-026
  5.050503785690901E-026
  4.982362408151291E-026
  4.914999432824352E-026
  4.848408890325809E-026
  4.782584797850727E-026
  4.717521160556225E-026
  4.653211972927979E-026
  4.589651220130102E-026
  4.526832879338004E-026
  4.464750921054026E-026
  4.403399310405285E-026
  4.342772008423633E-026
  4.282862973307329E-026
  4.223666161664159E-026
  4.165175529735785E-026
  4.107385034603056E-026
  4.050288635372048E-026
  3.993880294340685E-026
  3.938153978145656E-026
  3.883103658889590E-026
  3.828723315248170E-026
  3.775006933557247E-026
  3.721948508879643E-026
  3.669542046051653E-026
  3.617781560709105E-026
  3.566661080292939E-026
  3.516174645034211E-026
  3.466316308918478E-026
  3.417080140629563E-026
  3.368460224472623E-026
  3.320450661276592E-026
  3.273045569275893E-026
  3.226239084971605E-026
  3.180025363971945E-026
  3.134398581812186E-026
  3.089352934754082E-026
  3.044882640564859E-026
  3.000981939275815E-026
  2.957645093920620E-026
  2.914866391253484E-026
  2.872640142447192E-026
  2.830960683771228E-026
  2.789822377250018E-026
  2.749219611301497E-026
  2.709146801356126E-026
  2.669598390456488E-026
  2.630568849837632E-026
  2.592052679488333E-026
  2.554044408693471E-026
  2.516538596557628E-026
  2.479529832510192E-026
  2.443012736792062E-026
  2.406981960924228E-026
  2.371432188158385E-026
  2.336358133909801E-026
  2.301754546172629E-026
  2.267616205917967E-026
  2.233937927474747E-026
  2.200714558893793E-026
  2.167940982295233E-026
  2.135612114199515E-026
  2.103722905842186E-026
  2.072268343472808E-026
  2.041243448638187E-026
  2.010643278450021E-026
  1.980462925837521E-026
  1.950697519784901E-026
  1.921342225554309E-026
  1.892392244894130E-026
  1.863842816233246E-026
  1.835689214861180E-026
  1.807926753094670E-026
  1.780550780430662E-026
  1.753556683686187E-026
  1.726939887125294E-026
  1.700695852573191E-026
  1.674820079518090E-026
  1.649308105200722E-026
  1.624155504692049E-026
  1.599357890959164E-026
  1.574910914919900E-026
  1.550810265486108E-026
  1.527051669596173E-026
  1.503630892236668E-026
  1.480543736453711E-026
  1.457786043354108E-026
  1.435353692096449E-026
  1.413242599872668E-026
  1.391448721879959E-026
  1.369968051283642E-026
  1.348796619170875E-026
  1.327930494495765E-026
  1.307365784015821E-026
  1.287098632220237E-026
  1.267125221249995E-026
  1.247441770810255E-026
  1.228044538075005E-026
  1.208929817584397E-026
  1.190093941134911E-026
  1.171533277662480E-026
  1.153244233118976E-026
  1.135223250342034E-026
  1.117466808918679E-026
  1.099971425042695E-026
  1.082733651366178E-026
  1.065750076845269E-026
  1.049017326580455E-026
  1.032532061651422E-026
  1.016290978946843E-026
  1.000290810989193E-026
  9.845283257547243E-027
  9.690003264889440E-027
  9.537036515175698E-027
  9.386351740533373E-027
  9.237918019986508E-027
  9.091704777444089E-027
  8.947681779650176E-027
  8.805819134099073E-027
  8.666087286915562E-027
  8.528457020703158E-027
  8.392899452361235E-027
  8.259386030872166E-027
  8.127888535061171E-027
  7.998379071328686E-027
  7.870830071358495E-027
  7.745214289801071E-027
  7.621504801935448E-027
  7.499675001309095E-027
  7.379698597358771E-027
  7.261549613012197E-027
  7.145202382272806E-027
  7.030631547788525E-027
  6.917812058405071E-027
  6.806719166706381E-027
  6.697328426541569E-027
  6.589615690541155E-027
  6.483557107622231E-027
  6.379129120484893E-027
  6.276308463099639E-027
  6.175072158188216E-027
  6.075397514697248E-027
  5.977262125267297E-027
  5.880643863696708E-027
  5.785520882402245E-027
  5.691871609877075E-027
  5.599674748146421E-027
  5.508909270222777E-027
  5.419554417560249E-027
  5.331589697510009E-027
  5.244994880776471E-027
  5.159749998876060E-027
  5.075835341598096E-027
  4.993231454469728E-027
  4.911919136224351E-027
  4.831879436275178E-027
  4.753093652194110E-027
  4.675543327196266E-027
  4.599210247631539E-027
  4.524076440482765E-027
  4.450124170872071E-027
  4.377335939574880E-027
  4.305694480543162E-027
  4.235182758437338E-027
  4.165783966168373E-027
  4.097481522449536E-027
  4.030259069358997E-027
  3.964100469913437E-027
  3.898989805652746E-027
  3.834911374236939E-027
  3.771849687054746E-027
  3.709789466845192E-027
  3.648715645331606E-027
  3.588613360869194E-027
  3.529467956105728E-027
  3.471264975656451E-027
