  6.649744330759610E-025
  6.649739582087465E-025
  6.649735336852027E-025
  6.649729745631043E-025
  6.649725708049257E-025
  6.649721149689749E-025
  6.649716139086963E-025
  6.649709990638570E-025
  6.649706326039207E-025
  6.649700545276976E-025
  6.649696002646015E-025
  6.649689238890754E-025
  6.649684236093067E-025
  6.649680440976815E-025
  6.649676027096900E-025
  6.649668477285591E-025
  6.649661348031675E-025
  6.649657228007821E-025
  6.649651612466452E-025
  6.649649102042816E-025
  6.649639771431149E-025
  6.649630253063688E-025
  6.649630575173570E-025
  6.649622614286787E-025
  6.649615645924484E-025
  6.649607961355050E-025
  6.649609626996062E-025
  6.649593852323328E-025
  6.649586592522865E-025
  6.649570254972709E-025
  6.649577671636527E-025
  6.649566349004709E-025
  6.649551011312263E-025
  6.649546342446580E-025
  6.649548797834190E-025
  6.649532232982380E-025
  6.649518082880686E-025
  6.649530683780414E-025
  6.649520783805934E-025
  6.649502825043514E-025
  6.649509829676954E-025
  6.649489921587609E-025
  6.649472400570283E-025
  6.649474969268022E-025
  6.649465021137672E-025
  6.649450101190402E-025
  6.649448417858849E-025
  6.649463430992274E-025
  6.649419928625227E-025
  6.649429714524569E-025
  6.649412346878978E-025
  6.649398183848681E-025
  6.649402609662665E-025
  6.649413242346262E-025
  6.649367280484090E-025
  6.649385987176321E-025
  6.649358425094092E-025
  6.649350394316650E-025
  6.649337123470515E-025
  6.649347671177954E-025
  6.649348406921890E-025
  6.649311232128740E-025
  6.649296786925840E-025
  6.649299389326309E-025
  6.649263200655857E-025
  6.649284364000217E-025
  6.649265712672140E-025
  6.649214286666490E-025
  6.649242046564214E-025
  6.649215691393171E-025
  6.649251234700466E-025
  6.649193408416574E-025
  6.649184547433817E-025
  6.649186169204029E-025
  6.649166028541565E-025
  6.649112835533476E-025
  6.649126878953268E-025
  6.649115483822113E-025
  6.649116905479103E-025
  6.649090282271494E-025
  6.649097153223698E-025
  6.649056434754228E-025
  6.649064318810779E-025
  6.649035036089377E-025
  6.649062738133874E-025
  6.649012644733012E-025
  6.648994024422072E-025
  6.648984205026801E-025
  6.648972385854323E-025
  6.648953761991505E-025
  6.648933315371649E-025
  6.648940006589907E-025
  6.648908313951347E-025
  6.648884268330880E-025
  6.648879022478235E-025
  6.648845656198190E-025
  6.648821257369660E-025
  6.648821838149668E-025
  6.648802968308537E-025
  6.648785540113047E-025
  6.648758739733149E-025
  6.648748932720848E-025
  6.648724093699058E-025
  6.648715443497873E-025
  6.648697909340150E-025
  6.648670946461548E-025
  6.648658177073667E-025
  6.648628048595612E-025
  6.648620475977982E-025
  6.648592525782891E-025
  6.648567236690701E-025
  6.648558130094147E-025
  6.648530625203358E-025
  6.648517150124098E-025
  6.648492062223094E-025
  6.648460871617513E-025
  6.648439949525720E-025
  6.648419819429435E-025
  6.648399561335927E-025
  6.648373350024600E-025
  6.648358583003273E-025
  6.648319729399395E-025
  6.648297688224227E-025
  6.648279033256614E-025
  6.648259639458079E-025
  6.648235433268774E-025
  6.648205146997039E-025
  6.648176959277596E-025
  6.648146146480889E-025
  6.648118905455646E-025
  6.648096824584128E-025
  6.648067060995912E-025
  6.648045815260771E-025
  6.648013109234508E-025
  6.647982878239328E-025
  6.647954879831014E-025
  6.647923588613585E-025
  6.647895828448191E-025
  6.647865413210039E-025
  6.647840003945022E-025
  6.647804311149576E-025
  6.647772204225434E-025
  6.647739668608651E-025
  6.647707781560295E-025
  6.647675094525324E-025
  6.647643609010292E-025
  6.647608497719479E-025
  6.647570787635147E-025
  6.647538933098846E-025
  6.647503243297284E-025
  6.647466928936237E-025
  6.647430851416687E-025
  6.647394987590546E-025
  6.647357340690161E-025
  6.647320256794430E-025
  6.647281257992526E-025
  6.647243236632346E-025
  6.647202035003904E-025
  6.647164072246713E-025
  6.647122971748251E-025
  6.647083043861575E-025
  6.647039759591700E-025
  6.646997450835763E-025
  6.646954391834416E-025
  6.646911882093221E-025
  6.646868040653291E-025
  6.646822669469916E-025
  6.646779321775470E-025
  6.646732763121933E-025
  6.646685524386747E-025
  6.646638775788971E-025
  6.646590782634050E-025
  6.646543089303681E-025
  6.646493138172269E-025
  6.646443890113242E-025
  6.646394006523010E-025
  6.646341858948682E-025
  6.646290128263643E-025
  6.646237619347859E-025
  6.646183509692680E-025
  6.646129815786971E-025
  6.646075603968041E-025
  6.646019413822410E-025
  6.645963749792202E-025
  6.645906555988231E-025
  6.645848454782136E-025
  6.645789720173753E-025
  6.645730613249862E-025
  6.645670313006604E-025
  6.645608059180665E-025
  6.645546422583278E-025
  6.645483760570176E-025
  6.645419588023050E-025
  6.645355423666891E-025
  6.645289834028421E-025
  6.645223321541287E-025
  6.645155720433523E-025
  6.645087509267127E-025
  6.645018373562891E-025
  6.644948071909567E-025
  6.644876746967690E-025
  6.644804719194790E-025
  6.644731575108705E-025
  6.644657207634706E-025
  6.644582026705063E-025
  6.644505914882482E-025
  6.644428324844566E-025
  6.644349895620288E-025
  6.644270183726542E-025
  6.644189727232083E-025
  6.644107938199699E-025
  6.644025156034378E-025
  6.643941145803183E-025
  6.643855783882147E-025
  6.643769640818585E-025
  6.643682042971239E-025
  6.643593167781399E-025
  6.643503201265401E-025
  6.643411983802526E-025
  6.643319464518433E-025
  6.643225538332488E-025
  6.643130533473399E-025
  6.643034179160539E-025
  6.642936264045736E-025
  6.642837225001123E-025
  6.642736805995112E-025
  6.642634910174188E-025
  6.642531572735587E-025
  6.642426846916729E-025
  6.642320614946041E-025
  6.642212974898266E-025
  6.642103866014993E-025
  6.641993158738453E-025
  6.641881059098045E-025
  6.641767200182100E-025
  6.641651838318930E-025
  6.641534958617166E-025
  6.641416379156097E-025
  6.641296234415630E-025
  6.641174358748977E-025
  6.641050829017783E-025
  6.640925618568423E-025
  6.640798629719182E-025
  6.640669858069335E-025
  6.640539320907820E-025
  6.640406947443896E-025
  6.640272788458135E-025
  6.640136741712425E-025
  6.639998814133886E-025
  6.639858974693373E-025
  6.639717230412836E-025
  6.639573493427741E-025
  6.639427773216834E-025
  6.639280039653904E-025
  6.639130254164030E-025
  6.638978390195720E-025
  6.638824453339818E-025
  6.638668341353147E-025
  6.638510111477070E-025
  6.638349643401617E-025
  6.638187003332602E-025
  6.638022080186461E-025
  6.637854901829519E-025
  6.637685359943333E-025
  6.637513530950943E-025
  6.637339301775193E-025
  6.637162645240549E-025
  6.636983549472218E-025
  6.636801995151784E-025
  6.636617919835431E-025
  6.636431283363654E-025
  6.636242096451880E-025
  6.636050274515898E-025
  6.635855791219682E-025
  6.635658623806372E-025
  6.635458753352056E-025
  6.635256089106916E-025
  6.635050637813246E-025
  6.634842352147776E-025
  6.634631180285085E-025
  6.634417079237149E-025
  6.634200035827434E-025
  6.633979991673225E-025
  6.633756901704341E-025
  6.633530745711500E-025
  6.633301442563933E-025
  6.633068984340054E-025
  6.632833312956977E-025
  6.632594391680794E-025
  6.632352166319480E-025
  6.632106600701753E-025
  6.631857643737393E-025
  6.631605254240880E-025
  6.631349375968525E-025
  6.631089973614543E-025
  6.630826995853690E-025
  6.630560375257545E-025
  6.630290084772251E-025
  6.630016064593824E-025
  6.629738264315810E-025
  6.629456634630584E-025
  6.629171121946489E-025
  6.628881674522764E-025
  6.628588233155630E-025
  6.628290753100808E-025
  6.627989168045076E-025
  6.627683429819744E-025
  6.627373481984932E-025
  6.627059262347569E-025
  6.626740714196037E-025
  6.626417775278870E-025
  6.626090394917985E-025
  6.625758509140241E-025
  6.625422048682483E-025
  6.625080960121115E-025
  6.624735175635963E-025
  6.624384634280061E-025
  6.624029274130518E-025
  6.623669023816078E-025
  6.623303817122587E-025
  6.622933587786686E-025
  6.622558269489489E-025
  6.622177792326126E-025
  6.621792086720348E-025
  6.621401080016420E-025
  6.621004698736477E-025
  6.620602875006132E-025
  6.620195529992299E-025
  6.619782595516870E-025
  6.619363987343059E-025
  6.618939633659029E-025
  6.618509455744370E-025
  6.618073374820431E-025
  6.617631310179567E-025
  6.617183181049392E-025
  6.616728909287146E-025
  6.616268407123539E-025
  6.615801590522483E-025
  6.615328376884172E-025
  6.614848678575550E-025
  6.614362407065936E-025
  6.613869476277486E-025
  6.613369794470103E-025
  6.612863270814038E-025
  6.612349813744103E-025
  6.611829329599452E-025
  6.611301724271923E-025
  6.610766901110384E-025
  6.610224764957821E-025
  6.609675215136085E-025
  6.609118152187711E-025
  6.608553477663841E-025
  6.607981088246393E-025
  6.607400878960999E-025
  6.606812747101890E-025
  6.606216585344332E-025
  6.605612287378476E-025
  6.604999742508291E-025
  6.604378842453246E-025
  6.603749473222228E-025
  6.603111524361910E-025
  6.602464878646357E-025
  6.601809421739948E-025
  6.601145036417845E-025
  6.600471602813604E-025
  6.599789000433603E-025
  6.599097106668874E-025
  6.598395799472684E-025
  6.597684952288162E-025
  6.596964439059207E-025
  6.596234130662135E-025
  6.595493899511317E-025
  6.594743610629139E-025
  6.593983132138394E-025
  6.593212331388907E-025
  6.592431067419955E-025
  6.591639205012178E-025
  6.590836604136785E-025
  6.590023120378655E-025
  6.589198613557096E-025
  6.588362936235719E-025
  6.587515940657329E-025
  6.586657480078264E-025
  6.585787401886300E-025
  6.584905553735568E-025
  6.584011781312857E-025
  6.583105928993175E-025
  6.582187835038845E-025
  6.581257344514922E-025
  6.580314289950031E-025
  6.579358510063215E-025
  6.578389836182032E-025
  6.577408104629719E-025
  6.576413138305222E-025
  6.575404770410928E-025
  6.574382823780629E-025
  6.573347123085048E-025
  6.572297487188128E-025
  6.571233737911075E-025
  6.570155692343844E-025
  6.569063161537521E-025
  6.567955962629211E-025
  6.566833902253409E-025
  6.565696791635630E-025
  6.564544433698979E-025
  6.563376632262038E-025
  6.562193191704330E-025
  6.560993907210644E-025
  6.559778576436378E-025
  6.558546993512790E-025
  6.557298949690532E-025
  6.556034236905386E-025
  6.554752637784231E-025
  6.553453938065585E-025
  6.552137922118242E-025
  6.550804365856163E-025
  6.549453048154831E-025
  6.548083743365461E-025
  6.546696221665089E-025
  6.545290252322707E-025
  6.543865603816088E-025
  6.542422038195615E-025
  6.540959316433366E-025
  6.539477198516599E-025
  6.537975439325262E-025
  6.536453791814800E-025
  6.534912006326166E-025
  6.533349830722941E-025
  6.531767009269990E-025
  6.530163285159401E-025
  6.528538397069690E-025
  6.526892081381230E-025
  6.525224070707006E-025
  6.523534096148743E-025
  6.521821885757153E-025
  6.520087164069501E-025
  6.518329652307322E-025
  6.516549070538793E-025
  6.514745133885827E-025
  6.512917555179250E-025
  6.511059678181102E-025
  6.509183944567213E-025
  6.507283689376184E-025
  6.505358613894190E-025
  6.503408416174108E-025
  6.501432789974922E-025
  6.499431427170206E-025
  6.497404016755093E-025
  6.495350243123930E-025
  6.493269788627103E-025
  6.491162331856903E-025
  6.489027549866813E-025
  6.486865114203758E-025
  6.484674693384269E-025
  6.482455955187484E-025
  6.480208561959010E-025
  6.477932172993736E-025
  6.475626445242560E-025
  6.473291030966002E-025
  6.470925581375559E-025
  6.468529742948213E-025
  6.466103157519156E-025
  6.463645466781617E-025
  6.461156307594390E-025
  6.458635312154551E-025
  6.456082111877619E-025
  6.453496333227747E-025
  6.450877599103839E-025
  6.448225530801917E-025
  6.445539745903825E-025
  6.442819856642268E-025
  6.440065473021836E-025
  6.437276204040761E-025
  6.434451652753963E-025
  6.431591418994474E-025
  6.428695100495724E-025
  6.425762291340565E-025
  6.422792581893305E-025
  6.419785559360590E-025
  6.416740808489344E-025
  6.413657909869422E-025
  6.410536441076820E-025
  6.407375976568477E-025
  6.404176087709008E-025
  6.400936342642076E-025
  6.397656306457504E-025
  6.394332265705542E-025
  6.390970330481043E-025
  6.387566780121728E-025
  6.384121166729686E-025
  6.380633040348535E-025
  6.377101947002775E-025
  6.373527430755228E-025
  6.369909031447483E-025
  6.366246286629387E-025
  6.362538731260066E-025
  6.358785897105694E-025
  6.354987313297301E-025
  6.351142506194396E-025
  6.347250998978627E-025
  6.343312312859875E-025
  6.339325965407564E-025
  6.335291472756440E-025
  6.331208347823697E-025
  6.327076100720297E-025
  6.322894240832799E-025
  6.318662272584627E-025
  6.314379700077703E-025
  6.310046024692778E-025
  6.305660744909369E-025
  6.301223357397654E-025
  6.296733357647872E-025
  6.292190238104077E-025
  6.287593489665491E-025
  6.282942601624728E-025
  6.278237061238937E-025
  6.273476353904154E-025
  6.268659963923384E-025
  6.263787374013108E-025
  6.258858064572448E-025
  6.253871515843920E-025
  6.248827206657424E-025
  6.243724613875825E-025
  6.238563214234404E-025
  6.233342483342106E-025
  6.228061895654520E-025
  6.222720924888046E-025
  6.217319044481731E-025
  6.211855727659233E-025
  6.206330446497044E-025
  6.200742672772115E-025
  6.195091879322887E-025
  6.189377537460981E-025
  6.183599120625987E-025
  6.177756099804725E-025
  6.171847948560154E-025
  6.165874140232822E-025
  6.159834148946446E-025
  6.153727449261265E-025
  6.147553517346178E-025
  6.141311829902327E-025
  6.135001865306765E-025
  6.128623103167151E-025
  6.122175024648769E-025
  6.115657112580793E-025
  6.109068852613381E-025
  6.102409731069712E-025
  6.095679237610559E-025
  6.088876863592293E-025
  6.082002103564781E-025
  6.075054454291919E-025
  6.068033416155833E-025
  6.060938493147881E-025
  6.053769190687997E-025
  6.046525019412532E-025
  6.039205493362850E-025
  6.031810130649438E-025
  6.024338452975999E-025
  6.016789986742516E-025
  6.009164262968738E-025
  6.001460817799644E-025
  5.993679190796092E-025
  5.985818929077763E-025
  5.977879583465400E-025
  5.969860711559905E-025
  5.961761875330184E-025
  5.953582643773070E-025
  5.945320214655046E-025
  5.936978928207230E-025
  5.928555992254413E-025
  5.920051002297224E-025
  5.911463561210766E-025
  5.902793279088664E-025
  5.894039774115116E-025
  5.885202671733370E-025
  5.876281606501850E-025
  5.867276221142487E-025
  5.858186165902797E-025
  5.849011101654417E-025
  5.839750697390071E-025
  5.830404631667555E-025
  5.820972592834272E-025
  5.811454278993851E-025
  5.801849398804866E-025
  5.792157670568413E-025
  5.782378823663746E-025
  5.772512598277055E-025
  5.762558745534599E-025
  5.752517028494853E-025
  5.742387221460893E-025
  5.732169109891667E-025
  5.721862492178282E-025
  5.711467179166433E-025
  5.700982993486891E-025
  5.690409771571860E-025
  5.679747361576276E-025
  5.668995626399385E-025
  5.658154440921578E-025
  5.647223695057083E-025
  5.636203291908819E-025
  5.625093149005702E-025
  5.613893198409925E-025
  5.602603386026431E-025
  5.591223673719592E-025
  5.579754037421761E-025
  5.568194468649345E-025
  5.556544974393637E-025
  5.544805577408012E-025
  5.532967418780351E-025
  5.521048364415489E-025
  5.509039570296487E-025
  5.496941123427909E-025
  5.484753127157207E-025
  5.472475701174842E-025
  5.460108982799981E-025
  5.447653125587559E-025
  5.435108300334045E-025
  5.422474695066706E-025
  5.409752516020459E-025
  5.396941985504561E-025
  5.384043344646266E-025
  5.371056851464917E-025
  5.357982782670118E-025
  5.344821431629186E-025
  5.331573111239114E-025
  5.318238151152085E-025
  5.304816899984712E-025
  5.291309723948989E-025
  5.277717007770977E-025
  5.264039154905908E-025
  5.250276586046155E-025
  5.236429741055924E-025
  5.222499078038572E-025
  5.208485072826249E-025
  5.194388220395377E-025
  5.180209033308257E-025
  5.165948042548776E-025
  5.151605798036634E-025
  5.137176505716079E-025
  5.122673489125410E-025
  5.108090974881039E-025
  5.093429584977693E-025
  5.078689958188612E-025
  5.063872752165173E-025
  5.048978641359841E-025
  5.034008318063136E-025
  5.018962491964889E-025
  5.003841889299966E-025
  4.988647253947406E-025
  4.973379347020090E-025
  4.958038945259597E-025
  4.942626842590718E-025
  4.927143849466471E-025
  4.911590791348516E-025
  4.895956039590738E-025
  4.880265438101548E-025
  4.864507343923338E-025
  4.848682645550175E-025
  4.832792245387409E-025
  4.816837060571047E-025
  4.800818022893674E-025
  4.784736077606570E-025
  4.768592183670716E-025
  4.752382752007811E-025
  4.736117904386864E-025
  4.719794064350368E-025
  4.703412241417245E-025
  4.686973457810456E-025
  4.670478746770502E-025
  4.653929153979645E-025
  4.637325734869727E-025
  4.620669555054026E-025
  4.603961691250857E-025
  4.587203229032383E-025
  4.570395263246760E-025
  4.553538897675564E-025
  4.536635244955625E-025
  4.519676522654587E-025
  4.502681694118690E-025
  4.485642960663895E-025
  4.468561463756035E-025
  4.451438350194013E-025
  4.434274774099269E-025
  4.417071893216455E-025
  4.399830871171799E-025
  4.382552876741900E-025
  4.365239080071070E-025
  4.347890657177178E-025
  4.330508786030361E-025
  4.313094646710637E-025
  4.295649422453927E-025
  4.278174297314461E-025
  4.260670456992919E-025
  4.243139086736569E-025
  4.225581374291478E-025
  4.207998504339434E-025
  4.190391662476838E-025
  4.172762033394056E-025
  4.155110798763759E-025
  4.137439139661919E-025
  4.119748233855747E-025
  4.102039255731263E-025
  4.084313377531035E-025
  4.066570472694538E-025
  4.048814298047534E-025
  4.031044714123776E-025
  4.013262873121285E-025
  3.995463566555602E-025
  3.977660678440240E-025
  3.959848960790251E-025
  3.942029543326197E-025
  3.924203548026500E-025
  3.906372089900157E-025
  3.888536276487866E-025
  3.870697207186261E-025
  3.852855971956132E-025
  3.835013652872737E-025
  3.817171323758914E-025
  3.799330046666277E-025
  3.781490876002802E-025
  3.763654856069140E-025
  3.745823018935467E-025
  3.727996387993742E-025
  3.710175976593998E-025
  3.692362784028159E-025
  3.674548891918374E-025
  3.656753138736472E-025
  3.638967538762174E-025
  3.621193048246101E-025
  3.603430609628771E-025
  3.585681151669770E-025
  3.567945594260409E-025
  3.550224841551630E-025
  3.532519786502161E-025
  3.514831308239983E-025
  3.497160274635103E-025
  3.479507538718389E-025
  3.461873940872672E-025
  3.444260308895540E-025
  3.426667456485542E-025
  3.409096184605069E-025
  3.391547280346710E-025
  3.374021517315018E-025
  3.356519657185185E-025
  3.339042445263410E-025
  3.321590615765540E-025
  3.304164889636929E-025
  3.286765972113556E-025
  3.269394557470430E-025
  3.252038840402860E-025
  3.234724525212539E-025
  3.217439712135271E-025
  3.200185041867596E-025
  3.182961141425555E-025
  3.165768625339361E-025
  3.148608094806774E-025
  3.131480138478689E-025
  3.114385331785373E-025
  3.097324238921744E-025
  3.080297410568154E-025
  3.063305385160628E-025
  3.046348690624149E-025
  3.029427839914989E-025
  3.012543337456537E-025
  2.995689309885943E-025
  2.978878999385092E-025
  2.962106475542491E-025
  2.945363311264738E-025
  2.928667772058769E-025
  2.912011359865342E-025
  2.895394499910325E-025
  2.878817606478588E-025
  2.862281085436363E-025
  2.845780754474379E-025
  2.829326176791336E-025
  2.812913126527945E-025
  2.796541969715099E-025
  2.780213063368507E-025
  2.763926756382255E-025
  2.747680064845895E-025
  2.731479985093185E-025
  2.715323497447121E-025
  2.699210918259748E-025
  2.683142552557196E-025
  2.667118701914732E-025
  2.651139656812407E-025
  2.635205703393277E-025
  2.619317118304877E-025
  2.603474174500884E-025
  2.587677134669448E-025
  2.571926259290126E-025
  2.556221798567078E-025
  2.540564000407758E-025
  2.524953104042131E-025
  2.509389345593679E-025
  2.493872953654198E-025
  2.478404154049476E-025
  2.462983165410632E-025
  2.447610202599434E-025
  2.432285475931118E-025
  2.417009191235659E-025
  2.401781549850062E-025
  2.386602748991947E-025
  2.371472982473142E-025
  2.356392439638372E-025
  2.341361307049472E-025
  2.326370878396716E-025
  2.311439165063787E-025
  2.296557399126300E-025
  2.281725753698083E-025
  2.266944399026390E-025
  2.252213501802354E-025
  2.237533227793657E-025
  2.222903737196931E-025
  2.208325191553489E-025
  2.193797746346575E-025
  2.179309142479547E-025
  2.164884444864416E-025
  2.150511306749370E-025
  2.136189876040396E-025
  2.121920301049446E-025
  2.107702725174340E-025
  2.093530913751139E-025
  2.079417807117289E-025
  2.065357124297588E-025
  2.051349004195311E-025
  2.037393583260158E-025
  2.023490996857869E-025
  2.009641378650862E-025
  1.995844861046426E-025
  1.982101575334202E-025
  1.968411650718158E-025
  1.954773406320547E-025
  1.941190600398080E-025
  1.927661537468102E-025
  1.914186340613566E-025
  1.900765135117106E-025
  1.887398040926233E-025
  1.874085179978527E-025
  1.860826671419635E-025
  1.847622633317789E-025
  1.834473182626632E-025
  1.821378435067565E-025
  1.808338504943443E-025
  1.795344586408976E-025
  1.782414690510775E-025
  1.769539947318923E-025
  1.756720464660373E-025
  1.743956350721940E-025
  1.731247711123924E-025
  1.718594651195185E-025
  1.705997273333215E-025
  1.693455678611239E-025
  1.680969968619236E-025
  1.668540239933423E-025
  1.656166590995074E-025
  1.643849115162755E-025
  1.631587906845680E-025
  1.619383057009602E-025
  1.607234654744623E-025
  1.595142788963628E-025
  1.583107544329467E-025
  1.571129006198179E-025
  1.559207254643490E-025
  1.547342371130798E-025
  1.535534432035749E-025
  1.523783513569396E-025
  1.512089688887557E-025
  1.500453028705689E-025
  1.488861168104291E-025
  1.477339137064606E-025
  1.465874469324154E-025
  1.454467226380546E-025
  1.443117467619098E-025
  1.431825249130031E-025
  1.420590624522687E-025
  1.409413645626520E-025
  1.398294360949435E-025
  1.387232815769970E-025
  1.376229053468070E-025
  1.365283114008336E-025
  1.354395035292251E-025
  1.343564850976068E-025
  1.332792593279764E-025
  1.322069408361154E-025
  1.311413155396187E-025
  1.300814904398066E-025
  1.290263636727107E-025
  1.279781532841504E-025
  1.269357480119306E-025
  1.258991487135008E-025
  1.248683562147523E-025
  1.238433706922505E-025
  1.228241923001404E-025
  1.218108205713908E-025
  1.208032549967098E-025
  1.198014945482613E-025
  1.188055378775126E-025
  1.178153833205758E-025
  1.168310289148673E-025
  1.158524723064056E-025
  1.148797107800537E-025
  1.139127412655922E-025
  1.129515605157059E-025
  1.119961647083223E-025
  1.110465497841153E-025
  1.101027113238356E-025
  1.091646445751799E-025
  1.082323443167746E-025
  1.073058051855516E-025
  1.063850213421912E-025
  1.054699865328890E-025
  1.045606942931786E-025
  1.036571378151912E-025
  1.027593096843106E-025
  1.018659546261092E-025
  1.009795711888804E-025
  1.000988922794997E-025
  9.922390950592943E-026
  9.835461366708342E-026
  9.749099565804164E-026
  9.663304573436730E-026
  9.578075394371986E-026
  9.493385657971905E-026
  9.409285186610495E-026
  9.325747339102156E-026
  9.242681591474121E-026
  9.160266311942146E-026
  9.078410148699084E-026
  8.997111862282053E-026
  8.916370194501445E-026
  8.836183844978274E-026
  8.756551488529507E-026
  8.677471766248099E-026
  8.598943292724200E-026
  8.520964637257760E-026
  8.443534373580364E-026
  8.366650991783841E-026
  8.290312990746854E-026
  8.214518835340883E-026
  8.139266939196487E-026
  8.064555736242232E-026
  7.990383566737376E-026
  7.916748796522281E-026
  7.843649728390970E-026
  7.771084658562235E-026
  7.699051859276756E-026
  7.627549547499588E-026
  7.556575957259591E-026
  7.486129256277169E-026
  7.416207611738267E-026
  7.346809159318181E-026
  7.277932002869252E-026
  7.209574239706958E-026
  7.141733924095367E-026
  7.074409107244706E-026
  7.007597794248224E-026
  6.941297993134295E-026
  6.875507661752468E-026
  6.810100475981879E-026
  6.745324105712359E-026
  6.681051011423736E-026
  6.617279063345958E-026
  6.554006147614535E-026
  6.491230110861139E-026
  6.428948789332144E-026
  6.367159991380698E-026
  6.305861531779697E-026
  6.245051174564412E-026
  6.184726694224989E-026
  6.124885836797024E-026
  6.065461229069592E-026
  6.006581427140802E-026
  5.948178387529465E-026
  5.890249805756260E-026
  5.832793355234679E-026
  5.775806695345511E-026
  5.719198249874784E-026
  5.663144962379733E-026
  5.607554377332774E-026
  5.552424078217328E-026
  5.497751693000644E-026
  5.443534793142371E-026
  5.389770961589004E-026
  5.336457768675515E-026
  5.283592772682466E-026
  5.231173521941284E-026
  5.179197559406406E-026
  5.127662416178694E-026
  5.076565617289388E-026
  5.025904688147969E-026
  4.975677136966947E-026
  4.925880467528618E-026
  4.876512175046722E-026
  4.827569757965066E-026
  4.779050707005488E-026
  4.730952487174664E-026
  4.683272602285771E-026
  4.635973121278586E-026
  4.589122655971712E-026
  4.542682913852157E-026
