       1.561699E+03     -2.519634E+01      4.563795E+00      0.000000E+00
       1.640721E+03     -1.924345E+01     -8.224735E-01      0.000000E+00
       1.713394E+03     -2.524099E+01      8.129613E-01      0.000000E+00
       1.784511E+03     -1.547278E+01     -6.350331E+00      0.000000E+00
       1.890749E+03     -3.630647E+01      4.387706E+00      0.000000E+00
       1.974381E+03     -3.153628E+01     -6.684841E+00      0.000000E+00
       2.073441E+03     -3.037242E+01     -2.994500E+00      0.000000E+00
       2.139807E+03     -2.454150E+01     -1.810661E+00      0.000000E+00
       2.225394E+03     -1.838943E+01     -3.178083E+00      0.000000E+00
       2.364136E+03     -3.725287E+01      2.574027E+00      0.000000E+00
       2.445932E+03     -2.560071E+01     -1.087840E+00      0.000000E+00
       2.547885E+03     -1.840519E+01      1.324882E+00      0.000000E+00
       2.678699E+03     -1.592566E+01     -2.985333E+00      0.000000E+00
       2.808439E+03     -3.976005E+01      6.557240E+00      0.000000E+00
       2.929337E+03     -3.206575E+01     -3.524092E-01      0.000000E+00
       3.071561E+03     -5.651454E+01      7.671627E+00      0.000000E+00
       3.187801E+03     -3.308627E+01      4.137987E+00      0.000000E+00
       3.356715E+03     -4.273151E+01      1.185110E-01      0.000000E+00
       3.516261E+03     -5.380527E+01      6.945037E+00      0.000000E+00
       3.682514E+03     -4.382747E+01     -1.271448E+01      0.000000E+00
       3.821988E+03     -4.953743E+01     -3.802013E+00      0.000000E+00
       4.017548E+03     -5.651385E+00     -2.851252E+01      0.000000E+00
       4.166771E+03     -5.866099E+01     -3.378211E+01      0.000000E+00
       4.394920E+03     -6.205216E+01      3.518601E+00      0.000000E+00
       4.585067E+03     -6.029632E+01     -1.246611E+01      0.000000E+00
       4.757274E+03     -7.090565E+01      2.330880E+01      0.000000E+00
       5.005870E+03     -6.589835E+01      3.042088E+00      0.000000E+00
       5.261724E+03     -6.347177E+01      2.341643E+01      0.000000E+00
       5.509016E+03     -8.087335E+01     -5.215469E+01      0.000000E+00
       5.703673E+03     -9.432867E+01     -2.886266E+01      0.000000E+00
       6.032218E+03     -1.379751E+02     -2.440569E+01      0.000000E+00
       6.261676E+03     -1.145619E+02     -5.153638E+01      0.000000E+00
       6.467992E+03     -3.849346E+01     -6.425040E-01      0.000000E+00
       6.787192E+03     -1.297929E+02     -2.319625E+01      0.000000E+00
       7.124423E+03     -1.681610E+02      8.094569E+01      0.000000E+00
       7.432810E+03     -1.941670E+02     -1.592680E+01      0.000000E+00
       7.809447E+03     -1.867685E+02      2.819354E+01      0.000000E+00
       8.192948E+03     -2.499905E+02      8.021417E+01      0.000000E+00
       8.431507E+03     -1.354162E+02     -1.238575E+01      0.000000E+00
       8.886568E+03     -1.885556E+02      3.185221E+01      0.000000E+00
       9.254055E+03     -2.253227E+02      3.239772E+01      0.000000E+00
       9.551114E+03     -2.591006E+02     -3.696871E+01      0.000000E+00
       9.974375E+03     -1.385397E+02     -3.229989E+01      0.000000E+00
       1.041432E+04     -1.960524E+02      6.116751E+01      0.000000E+00
       1.093733E+04     -2.733887E+02     -4.118061E+01      0.000000E+00
       1.144708E+04     -3.101634E+02      3.003729E+01      0.000000E+00
       1.177597E+04     -2.375214E+02      7.413166E+01      0.000000E+00
       1.240572E+04     -2.403315E+02     -7.184714E+01      0.000000E+00
       1.309177E+04     -3.674946E+02      1.480609E+02      0.000000E+00
       1.337200E+04     -3.335536E+02      1.880037E+02      0.000000E+00
       1.413452E+04     -3.144821E+02      1.605173E+01      0.000000E+00
       1.478682E+04     -3.160247E+02      2.145432E+01      0.000000E+00
       1.574427E+04     -3.901169E+02      1.498348E+01      0.000000E+00
       1.605876E+04     -3.847149E+02     -1.485704E+01      0.000000E+00
       1.679506E+04     -4.818839E+02      1.347253E+02      0.000000E+00
       1.744353E+04     -5.182905E+02     -1.724134E+01      0.000000E+00
       1.820844E+04     -4.668980E+02     -8.690685E+01      0.000000E+00
       1.926372E+04     -6.556441E+02     -1.004239E+02      0.000000E+00
       1.995565E+04     -5.080036E+02      1.427746E+01      0.000000E+00
       2.033643E+04     -7.002552E+02     -1.734107E+02      0.000000E+00
       2.191128E+04     -1.008711E+03      1.462764E+02      0.000000E+00
       2.242094E+04     -6.080369E+02     -1.348156E+02      0.000000E+00
       2.364294E+04     -8.121156E+02      1.317958E+02      0.000000E+00
       2.443324E+04     -7.234109E+02     -2.051318E+02      0.000000E+00
       2.557215E+04     -1.037310E+03     -1.540642E+01      0.000000E+00
       2.658180E+04     -1.172030E+03      2.010581E+02      0.000000E+00
       2.847506E+04     -1.675541E+03     -1.495822E+02      0.000000E+00
       2.895467E+04     -6.581023E+02      2.191662E+02      0.000000E+00
       3.046136E+04     -1.249909E+03      2.187317E+02      0.000000E+00
       3.147574E+04     -1.269521E+03      1.387447E+02      0.000000E+00
       3.297778E+04     -1.635880E+03      2.350164E+02      0.000000E+00
       3.432411E+04     -1.308407E+03      1.815576E+02      0.000000E+00
       3.624623E+04     -1.853569E+03     -8.716724E+01      0.000000E+00
       3.715089E+04     -1.681693E+03     -1.125375E+02      0.000000E+00
       3.868399E+04     -1.480852E+03      1.690003E+02      0.000000E+00
       4.105420E+04     -2.842495E+03     -4.523174E+02      0.000000E+00
       4.149883E+04     -2.213568E+03      2.587190E+02      0.000000E+00
       4.499615E+04     -2.500718E+03     -3.394861E+01      0.000000E+00
       4.614477E+04     -2.339325E+03     -8.610063E+01      0.000000E+00
       4.691031E+04     -1.994746E+03      2.642354E+02      0.000000E+00
       4.994634E+04     -3.223120E+03      6.872033E+02      0.000000E+00
       5.236812E+04     -2.641137E+03      9.574338E+01      0.000000E+00
       5.393754E+04     -2.802983E+03      1.439416E+02      0.000000E+00
       5.704603E+04     -4.145017E+03     -7.708748E+01      0.000000E+00
       5.805372E+04     -3.661109E+03     -5.280583E+02      0.000000E+00
       5.994801E+04     -3.166359E+03     -7.683503E+02      0.000000E+00
       6.339183E+04     -4.099622E+03      1.189204E+02      0.000000E+00
       6.605253E+04     -4.084512E+03      3.660952E+02      0.000000E+00
       6.758757E+04     -4.242765E+03     -6.783039E+01      0.000000E+00
       7.139671E+04     -3.529480E+03     -2.953425E+02      0.000000E+00
       7.268516E+04     -4.549095E+03     -2.823878E+02      0.000000E+00
       7.597307E+04     -4.361530E+03     -1.306267E+03      0.000000E+00
       8.003052E+04     -5.958832E+03      9.823966E+01      0.000000E+00
       8.413194E+04     -6.315918E+03      3.020270E+01      0.000000E+00
       8.416662E+04     -6.223788E+03      1.409153E+03      0.000000E+00
       8.983784E+04     -7.874767E+03     -1.538965E+03      0.000000E+00
       9.065023E+04     -7.119382E+03      2.025359E+02      0.000000E+00
       9.656110E+04     -8.447807E+03     -8.663846E+02      0.000000E+00
       1.007211E+05     -7.048980E+03      4.997447E+02      0.000000E+00
       1.001699E+05     -7.077617E+03     -2.902060E+02      0.000000E+00
       1.094207E+05     -1.092332E+04     -4.459329E+02      0.000000E+00
       1.131903E+05     -1.161807E+04      1.888990E+02      0.000000E+00
       1.157988E+05     -9.157591E+03      3.114802E+02      0.000000E+00
       1.240109E+05     -1.179821E+04     -8.966422E+02      0.000000E+00
       1.264409E+05     -1.127090E+04      3.306621E+02      0.000000E+00
       1.316287E+05     -1.507573E+04     -5.922925E+02      0.000000E+00
       1.314045E+05     -1.404195E+04     -2.066475E+03      0.000000E+00
       1.420075E+05     -1.568128E+04      9.013184E+02      0.000000E+00
       1.464568E+05     -1.712913E+04     -2.026072E+03      0.000000E+00
       1.480410E+05     -1.506325E+04     -3.278773E+02      0.000000E+00
       1.546170E+05     -1.712754E+04      1.084389E+03      0.000000E+00
       1.655396E+05     -1.780163E+04      1.036185E+03      0.000000E+00
       1.646630E+05     -1.592695E+04     -9.813035E+02      0.000000E+00
       1.794704E+05     -2.383504E+04      1.237900E+03      0.000000E+00
       1.782365E+05     -1.851390E+04     -1.975957E+03      0.000000E+00
       1.839090E+05     -2.313614E+04     -1.643384E+03      0.000000E+00
       1.945467E+05     -2.052295E+04     -1.201152E+03      0.000000E+00
       1.959794E+05     -2.495748E+04      7.302390E+02      0.000000E+00
       2.088440E+05     -2.674651E+04     -6.328692E+02      0.000000E+00
       2.129411E+05     -2.749155E+04     -4.485882E+03      0.000000E+00
       2.248005E+05     -3.236167E+04     -3.260037E+03      0.000000E+00
       2.222010E+05     -3.080602E+04     -2.956521E+03      0.000000E+00
       2.356078E+05     -3.422646E+04      1.731184E+03      0.000000E+00
       2.431194E+05     -3.540534E+04      1.472897E+03      0.000000E+00
       2.544035E+05     -4.233271E+04     -1.763266E+03      0.000000E+00
       2.505822E+05     -3.260731E+04     -1.217880E+03      0.000000E+00
       2.710609E+05     -3.777530E+04     -3.483956E+03      0.000000E+00
       2.775851E+05     -3.847753E+04      3.375245E+03      0.000000E+00
       2.949015E+05     -5.485532E+04      7.998382E+03      0.000000E+00
       3.151445E+05     -5.815069E+04     -6.068542E+03      0.000000E+00
       3.032555E+05     -4.860586E+04      4.990894E+03      0.000000E+00
       3.130979E+05     -5.441729E+04      3.278331E+02      0.000000E+00
       3.387384E+05     -6.840304E+04      7.193212E+02      0.000000E+00
       3.292679E+05     -5.703631E+04     -1.690833E+03      0.000000E+00
       3.516405E+05     -7.212213E+04     -6.119583E+03      0.000000E+00
       3.500598E+05     -6.122166E+04     -5.689940E+03      0.000000E+00
       3.585532E+05     -7.401740E+04     -2.492955E+03      0.000000E+00
       3.895317E+05     -8.529926E+04      3.571732E+02      0.000000E+00
       3.833537E+05     -7.202666E+04      2.477327E+03      0.000000E+00
       4.096320E+05     -9.016535E+04     -4.342988E+03      0.000000E+00
       4.171086E+05     -9.817904E+04     -5.383983E+02      0.000000E+00
       4.383714E+05     -9.535833E+04     -3.444517E+03      0.000000E+00
       4.238205E+05     -9.633923E+04     -1.612633E+03      0.000000E+00
       4.521570E+05     -1.111798E+05      9.635020E+03      0.000000E+00
       4.743398E+05     -1.217381E+05      9.053300E+01      0.000000E+00
       4.764205E+05     -1.187382E+05      4.820531E+03      0.000000E+00
       4.867454E+05     -1.228542E+05      3.256370E+02      0.000000E+00
       5.459636E+05     -1.659213E+05     -1.560347E+04      0.000000E+00
       5.193376E+05     -1.383000E+05     -4.295914E+03      0.000000E+00
       5.346663E+05     -1.686467E+05      3.229550E+03      0.000000E+00
       5.614510E+05     -1.657348E+05      4.319633E+02      0.000000E+00
       5.599902E+05     -1.552332E+05      5.146028E+03      0.000000E+00
       5.563653E+05     -1.490885E+05      1.896430E+03      0.000000E+00
       5.625623E+05     -1.436378E+05     -9.173696E+03      0.000000E+00
       5.771377E+05     -1.653908E+05      1.106526E+04      0.000000E+00
       6.284010E+05     -2.070455E+05      1.182997E+04      0.000000E+00
       5.618439E+05     -1.449563E+05     -2.470185E+04      0.000000E+00
       6.053707E+05     -1.886964E+05     -1.719208E+03      0.000000E+00
       6.201065E+05     -1.836236E+05     -7.565433E+03      0.000000E+00
       6.726352E+05     -2.035700E+05     -1.330606E+04      0.000000E+00
       6.378763E+05     -1.713690E+05      1.276145E+04      0.000000E+00
       7.388258E+05     -2.649071E+05     -1.692760E+04      0.000000E+00
       7.025378E+05     -2.465696E+05      6.205294E+03      0.000000E+00
       7.351566E+05     -2.422334E+05     -1.591754E+04      0.000000E+00
       7.476425E+05     -2.543260E+05      6.754602E+03      0.000000E+00
       7.659628E+05     -2.978119E+05      5.844018E+03      0.000000E+00
       7.598209E+05     -2.790981E+05     -1.303306E+04      0.000000E+00
       8.034331E+05     -3.290398E+05      1.395382E+04      0.000000E+00
       8.252557E+05     -3.292610E+05     -1.106694E+04      0.000000E+00
       8.720021E+05     -3.464898E+05      1.158196E+04      0.000000E+00
       8.277412E+05     -2.572656E+05      5.950478E+04      0.000000E+00
       7.356304E+05     -2.537381E+05      8.337686E+03      0.000000E+00
       9.327145E+05     -4.441008E+05      4.465680E+04      0.000000E+00
       8.873354E+05     -3.889092E+05     -2.437576E+03      0.000000E+00
       9.440985E+05     -4.498361E+05      2.325461E+04      0.000000E+00
       9.502517E+05     -4.575178E+05      9.748339E+02      0.000000E+00
       8.590292E+05     -3.210844E+05     -2.521933E+04      0.000000E+00
       9.806828E+05     -4.344280E+05      2.215448E+03      0.000000E+00
       9.157789E+05     -4.121920E+05      1.276690E+04      0.000000E+00
       9.815111E+05     -4.698007E+05     -2.511338E+03      0.000000E+00
       9.321940E+05     -4.600709E+05     -3.371497E+03      0.000000E+00
       9.821328E+05     -4.357765E+05      2.497613E+04      0.000000E+00
       9.307555E+05     -4.765008E+05      2.915144E+04      0.000000E+00
       1.120223E+06     -5.672843E+05     -2.982729E+04      0.000000E+00
       9.336482E+05     -4.954465E+05     -1.988432E+04      0.000000E+00
       1.016801E+06     -5.280526E+05      3.246812E+04      0.000000E+00
       9.486236E+05     -4.719417E+05      9.316935E+03      0.000000E+00
       1.044114E+06     -5.952252E+05      3.781132E+04      0.000000E+00
       9.668081E+05     -5.310703E+05     -7.818604E+04      0.000000E+00
       8.907035E+05     -4.484037E+05      6.544844E+04      0.000000E+00
       1.034468E+06     -5.298561E+05      3.592508E+03      0.000000E+00
       8.649508E+05     -4.955143E+05      1.288210E+03      0.000000E+00
       1.131491E+06     -6.331473E+05      2.895955E+04      0.000000E+00
       8.882702E+05     -4.861914E+05     -4.999531E+04      0.000000E+00
       1.156409E+06     -7.010440E+05     -4.941522E+03      0.000000E+00
       9.897933E+05     -6.174809E+05     -1.045454E+05      0.000000E+00
       1.167106E+06     -6.968904E+05     -4.181584E+04      0.000000E+00
       9.050213E+05     -6.013847E+05      7.842397E+04      0.000000E+00
       1.017888E+06     -6.832198E+05     -3.031476E+04      0.000000E+00
       9.824402E+05     -5.790950E+05     -7.909803E+04      0.000000E+00
       9.894466E+05     -6.544243E+05     -2.714879E+04      0.000000E+00
       1.067359E+06     -7.085323E+05     -2.878676E+04      0.000000E+00
       9.359893E+05     -6.244516E+05      5.332954E+03      0.000000E+00
       9.521662E+05     -5.823309E+05      1.668679E+04      0.000000E+00
       1.141327E+06     -7.874131E+05      7.608558E+04      0.000000E+00
       8.673353E+05     -6.570549E+05      7.491482E+03      0.000000E+00
       9.011096E+05     -6.026218E+05     -2.575767E+04      0.000000E+00
       1.081114E+06     -7.894296E+05     -3.949471E+04      0.000000E+00
       1.064014E+06     -7.779465E+05      4.360073E+04      0.000000E+00
       1.101802E+06     -8.569120E+05     -6.812878E+04      0.000000E+00
       7.267425E+05     -4.780743E+05      8.990417E+04      0.000000E+00
       7.656214E+05     -5.495314E+05      1.995917E+04      0.000000E+00
       7.332898E+05     -4.645144E+05     -1.063259E+05      0.000000E+00
       5.906203E+05     -3.298826E+05      5.207285E+04      0.000000E+00
       7.835157E+05     -5.933683E+05     -1.907949E+04      0.000000E+00
       7.186810E+05     -4.808358E+05      1.667724E+05      0.000000E+00
       8.071024E+05     -6.001376E+05     -1.130004E+04      0.000000E+00
       9.253815E+05     -7.141875E+05      1.381395E+05      0.000000E+00
       6.267956E+05     -4.523477E+05      5.136891E+04      0.000000E+00
       8.535831E+05     -6.414537E+05      1.391099E+05      0.000000E+00
       4.376111E+05     -3.586691E+05     -2.603225E+04      0.000000E+00
       4.540404E+05     -3.186479E+05      8.101697E+04      0.000000E+00
       6.176187E+05     -4.811975E+05      5.940561E+03      0.000000E+00
       4.896006E+05     -4.363408E+05     -4.847429E+04      0.000000E+00
       5.589259E+05     -4.461325E+05     -9.170513E+04      0.000000E+00
       4.625406E+05     -3.939660E+05      5.805445E+04      0.000000E+00
       4.372691E+05     -4.181492E+05      1.586982E+04      0.000000E+00
       4.350404E+05     -2.834072E+05      3.393064E+03      0.000000E+00
       7.832424E+05     -6.809919E+05     -3.276644E+04      0.000000E+00
       5.679358E+05     -4.640055E+05     -8.578029E+04      0.000000E+00
       3.414930E+05     -2.626707E+05      6.831816E+03      0.000000E+00
       6.753220E+05     -5.558897E+05      2.841378E+04      0.000000E+00
       2.927218E+05     -2.815722E+05      1.984668E+04      0.000000E+00
       2.596014E+05     -2.396962E+05     -5.907430E+04      0.000000E+00
       2.792818E+05     -2.500834E+05     -2.526957E+04      0.000000E+00
       3.251451E+05     -2.596421E+05     -1.100606E+04      0.000000E+00
       2.921406E+05     -2.216588E+05      9.405743E+04      0.000000E+00
       2.396251E+05     -2.220993E+05     -1.848943E+04      0.000000E+00
       1.501592E+05     -1.481000E+05      1.418528E+03      0.000000E+00
       1.557613E+05     -1.354759E+05      3.474227E+04      0.000000E+00
       7.305485E+04     -3.401349E+04      6.461695E+04      0.000000E+00
       3.282809E+05     -2.829924E+05      4.576272E+04      0.000000E+00
       1.038811E+05     -1.008835E+05     -2.477499E+04      0.000000E+00
       6.249645E+04     -5.689154E+04      2.586811E+04      0.000000E+00
       0.000000E+00      0.000000E+00      0.000000E+00      0.000000E+00
       6.640359E+04     -4.819342E+04      4.568185E+04      0.000000E+00
       3.478143E+05     -2.721424E+05      1.732342E+05      0.000000E+00
       2.250847E+05     -2.250807E+05     -1.342104E+03      0.000000E+00
       9.133247E+04     -4.693348E+04      7.835093E+04      0.000000E+00
       7.744977E+04     -5.662621E+04      5.283881E+04      0.000000E+00
       9.344955E+04     -9.211373E+04      1.574416E+04      0.000000E+00
       0.000000E+00      0.000000E+00      0.000000E+00      0.000000E+00
       0.000000E+00      0.000000E+00      0.000000E+00      0.000000E+00
       0.000000E+00      0.000000E+00      0.000000E+00      0.000000E+00
       0.000000E+00      0.000000E+00      0.000000E+00      0.000000E+00
       0.000000E+00      0.000000E+00      0.000000E+00      0.000000E+00
       0.000000E+00      0.000000E+00      0.000000E+00      0.000000E+00
       0.000000E+00      0.000000E+00      0.000000E+00      0.000000E+00
       0.000000E+00      0.000000E+00      0.000000E+00      0.000000E+00
       0.000000E+00      0.000000E+00      0.000000E+00      0.000000E+00
       0.000000E+00      0.000000E+00      0.000000E+00      0.000000E+00
       0.000000E+00      0.000000E+00      0.000000E+00      0.000000E+00
       0.000000E+00      0.000000E+00      0.000000E+00      0.000000E+00
       0.000000E+00      0.000000E+00      0.000000E+00      0.000000E+00
       0.000000E+00      0.000000E+00      0.000000E+00      0.000000E+00
       0.000000E+00      0.000000E+00      0.000000E+00      0.000000E+00
       0.000000E+00      0.000000E+00      0.000000E+00      0.000000E+00
       0.000000E+00      0.000000E+00      0.000000E+00      0.000000E+00
       0.000000E+00      0.000000E+00      0.000000E+00      0.000000E+00
       0.000000E+00      0.000000E+00      0.000000E+00      0.000000E+00
       0.000000E+00      0.000000E+00      0.000000E+00      0.000000E+00
       0.000000E+00      0.000000E+00      0.000000E+00      0.000000E+00
       0.000000E+00      0.000000E+00      0.000000E+00      0.000000E+00
       0.000000E+00      0.000000E+00      0.000000E+00      0.000000E+00
       0.000000E+00      0.000000E+00      0.000000E+00      0.000000E+00
       0.000000E+00      0.000000E+00      0.000000E+00      0.000000E+00
       0.000000E+00      0.000000E+00      0.000000E+00      0.000000E+00
       0.000000E+00      0.000000E+00      0.000000E+00      0.000000E+00
       0.000000E+00      0.000000E+00      0.000000E+00      0.000000E+00
       0.000000E+00      0.000000E+00      0.000000E+00      0.000000E+00
       0.000000E+00      0.000000E+00      0.000000E+00      0.000000E+00
       0.000000E+00      0.000000E+00      0.000000E+00      0.000000E+00
       0.000000E+00      0.000000E+00      0.000000E+00      0.000000E+00
       0.000000E+00      0.000000E+00      0.000000E+00      0.000000E+00
       0.000000E+00      0.000000E+00      0.000000E+00      0.000000E+00
       0.000000E+00      0.000000E+00      0.000000E+00      0.000000E+00
       0.000000E+00      0.000000E+00      0.000000E+00      0.000000E+00
       0.000000E+00      0.000000E+00      0.000000E+00      0.000000E+00
       0.000000E+00      0.000000E+00      0.000000E+00      0.000000E+00
       0.000000E+00      0.000000E+00      0.000000E+00      0.000000E+00
       0.000000E+00      0.000000E+00      0.000000E+00      0.000000E+00
       0.000000E+00      0.000000E+00      0.000000E+00      0.000000E+00
       0.000000E+00      0.000000E+00      0.000000E+00      0.000000E+00
       0.000000E+00      0.000000E+00      0.000000E+00      0.000000E+00
       0.000000E+00      0.000000E+00      0.000000E+00      0.000000E+00
       0.000000E+00      0.000000E+00      0.000000E+00      0.000000E+00
       0.000000E+00      0.000000E+00      0.000000E+00      0.000000E+00
       0.000000E+00      0.000000E+00      0.000000E+00      0.000000E+00
       0.000000E+00      0.000000E+00      0.000000E+00      0.000000E+00
       0.000000E+00      0.000000E+00      0.000000E+00      0.000000E+00
       0.000000E+00      0.000000E+00      0.000000E+00      0.000000E+00
