       1.573670E+03      1.614405E+00      3.371408E+00      1.554181E+03
       1.641593E+03     -1.008840E+00     -4.144166E-01      1.614573E+03
       1.722893E+03     -1.421461E+00     -2.787655E+00      1.697900E+03
       1.802738E+03      1.580516E+00     -5.596610E+00      1.768231E+03
       1.877410E+03      2.170610E+00     -2.339211E+00      1.834500E+03
       1.961581E+03     -3.249749E+00      8.268491E-01      1.940750E+03
       2.053469E+03     -4.992746E+00     -1.944464E+00      2.023627E+03
       2.146898E+03     -7.650245E-01      1.975848E+00      2.112245E+03
       2.244776E+03     -1.211287E+00     -5.616376E+00      2.208104E+03
       2.350133E+03      7.160993E+00     -3.254335E+00      2.299946E+03
       2.430952E+03      3.665556E+00      2.727108E+00      2.394553E+03
       2.546389E+03      3.467725E+00      2.625803E+00      2.504492E+03
       2.695010E+03      2.960311E+00      4.804523E+00      2.657122E+03
       2.839134E+03     -3.810094E+00      3.773331E+00      2.760303E+03
       2.906114E+03      2.120452E+00     -4.042708E+00      2.854005E+03
       3.086191E+03      5.951900E-01     -4.843386E+00      3.019666E+03
       3.208336E+03     -2.861963E+00     -1.015102E+00      3.150399E+03
       3.345949E+03     -6.372873E+00      2.044170E+00      3.267509E+03
       3.495160E+03      7.855697E+00      1.464737E+01      3.419336E+03
       3.691418E+03      9.697411E+00      2.474496E+00      3.592432E+03
       3.828901E+03      8.348942E+00     -8.414323E+00      3.731322E+03
       4.037380E+03      2.465449E+00     -5.139829E+00      3.945920E+03
       4.198408E+03     -7.047268E+00      8.054598E+00      4.069337E+03
       4.388501E+03     -6.673870E+00     -2.492872E+00      4.268562E+03
       4.633308E+03     -4.415825E+00      3.616562E+00      4.471883E+03
       4.786831E+03     -7.634954E+00      6.989645E+00      4.659022E+03
       4.936698E+03     -6.270547E+00     -1.488532E+01      4.820083E+03
       5.211509E+03      4.121092E+00     -1.722199E+01      5.044580E+03
       5.423804E+03     -2.637512E+01      1.688079E+00      5.235609E+03
       5.713174E+03      3.294178E+00     -2.615746E-01      5.547588E+03
       5.929925E+03     -3.427527E+01      9.418328E+00      5.751273E+03
       6.235830E+03     -2.184308E+00     -6.727879E+00      6.013960E+03
       6.531529E+03      1.028739E+01      4.484124E+00      6.236237E+03
       6.782223E+03     -2.018876E+01     -3.128254E+00      6.561025E+03
       7.087394E+03     -8.256601E+00      1.404946E+01      6.877461E+03
       7.474524E+03     -1.374391E+01     -8.830128E+00      7.160763E+03
       7.730304E+03     -2.825317E+01     -1.717277E+00      7.466993E+03
       8.172213E+03     -3.968098E+01      2.261462E+00      7.879425E+03
       8.419576E+03     -1.665647E+01     -1.988421E+01      8.065361E+03
       8.929262E+03      1.508061E+01      1.254748E+00      8.478447E+03
       9.246212E+03     -1.249059E+01      2.198303E+01      8.793531E+03
       9.753796E+03      4.595535E+01     -1.918984E+01      9.265521E+03
       9.995437E+03     -4.127536E+01     -1.580258E+01      9.686564E+03
       1.035093E+04     -1.630984E+01      4.290921E+00      1.001545E+04
       1.081404E+04      3.492470E+01      3.493608E+01      1.043622E+04
       1.131146E+04      3.101801E+00      4.670254E+00      1.083774E+04
       1.183625E+04      3.107966E+00      4.626246E+01      1.134729E+04
       1.247071E+04      6.655713E+01      5.000323E+00      1.196791E+04
       1.295164E+04     -7.359396E+01     -3.491851E+01      1.230496E+04
       1.353347E+04     -2.601493E+01     -2.249098E+01      1.295429E+04
       1.418312E+04      5.046736E+01     -4.181020E+01      1.354118E+04
       1.473648E+04      2.276950E+01     -1.350616E+02      1.399617E+04
       1.539868E+04     -8.570805E+00      3.501064E+01      1.466899E+04
       1.600486E+04      2.472823E+00     -2.000408E+00      1.523951E+04
       1.694000E+04     -3.480455E+01     -2.832521E+01      1.603279E+04
       1.747810E+04     -8.367264E+01     -1.101667E+01      1.645951E+04
       1.822366E+04      5.438767E+01     -3.771031E+01      1.726370E+04
       1.916903E+04      5.182530E+01      3.129306E+01      1.808341E+04
       2.011994E+04     -6.938413E+01      3.025553E+01      1.855140E+04
       2.083288E+04      7.018950E+01     -7.316391E-01      1.906373E+04
       2.171844E+04     -3.965461E+01      1.757810E+02      2.041623E+04
       2.278907E+04     -2.898862E+01      6.484977E+01      2.089487E+04
       2.342828E+04     -6.551832E+01     -1.840154E+01      2.193529E+04
       2.450577E+04     -1.063195E+02     -5.858223E+01      2.267497E+04
       2.480764E+04      1.503164E+01     -5.597929E+01      2.329130E+04
       2.668979E+04     -8.739574E+01     -9.695679E+01      2.527856E+04
       2.809071E+04     -4.272492E+01     -6.185660E+01      2.597827E+04
       2.888233E+04      6.432645E-01      1.912961E+02      2.639940E+04
       3.021395E+04      5.012638E+01     -1.535421E+02      2.749434E+04
       3.128772E+04      3.106017E+01      1.603592E+01      2.880571E+04
       3.361334E+04     -2.892991E+01     -1.600577E+02      3.000894E+04
       3.474210E+04     -1.649325E+02     -4.074846E+01      3.136612E+04
       3.545670E+04     -1.042015E+02     -4.855747E+01      3.218392E+04
       3.724203E+04     -2.121738E+02      1.106762E+02      3.421706E+04
       3.908930E+04      9.368380E+01      1.231195E+02      3.510260E+04
       3.986399E+04     -1.642776E+02     -2.069037E+02      3.669261E+04
       4.169291E+04     -1.228309E+02      3.224882E+02      3.777002E+04
       4.370782E+04     -3.006078E+02     -1.920536E+02      3.989502E+04
       4.531062E+04     -7.405962E+01     -1.106801E+02      4.152681E+04
       4.746757E+04      1.081245E+02      6.995337E+01      4.263587E+04
       5.024363E+04     -2.078932E+02      2.281403E+02      4.371371E+04
       5.226008E+04     -2.956649E+02     -4.127025E+01      4.530292E+04
       5.425287E+04      9.985015E+01      2.241242E+02      4.767633E+04
       5.643609E+04     -9.417995E+01      3.683850E+01      4.973595E+04
       5.797616E+04      8.180763E+01      6.022241E+02      5.187744E+04
       6.187438E+04      2.006242E+02      4.132952E+01      5.440182E+04
       6.186644E+04     -4.784019E+02     -1.117990E+00      5.467541E+04
       6.587224E+04      2.340806E+02     -3.810611E+02      5.701407E+04
       6.833523E+04      1.662617E+02      1.144729E+02      5.874731E+04
       6.959089E+04     -7.423696E+02      7.532598E+01      6.057299E+04
       7.417514E+04      1.368904E+02     -1.303580E+02      6.227865E+04
       7.709579E+04     -6.566454E+02     -5.843848E+01      6.593592E+04
       8.031754E+04     -1.624183E+02     -6.660059E+02      6.838223E+04
       8.393287E+04      3.616884E-01     -3.218019E+02      6.908444E+04
       8.579477E+04      3.925373E+02     -2.916473E+02      7.448763E+04
       8.910746E+04     -6.416465E+02     -7.170362E+02      7.717725E+04
       9.263142E+04     -3.443807E+02     -2.773981E+02      7.731445E+04
       9.443221E+04     -7.907257E+01      5.125551E+02      8.140543E+04
       9.688607E+04     -2.152707E+02      2.725777E+02      8.437530E+04
       1.064007E+05     -1.104408E+03      2.789075E+02      8.636455E+04
       1.067394E+05      4.683402E+02      2.135970E+02      8.919530E+04
       1.110261E+05     -4.923173E+02      5.217638E+02      9.138090E+04
       1.154414E+05      6.560109E+02      3.943128E+02      9.221945E+04
       1.197461E+05      1.062034E+03     -4.435276E+02      9.961297E+04
       1.248415E+05      1.633038E+03      6.556423E+01      9.653086E+04
       1.292056E+05      1.073075E+03     -8.479371E+01      1.034235E+05
       1.333218E+05     -1.483873E+03     -4.098680E+02      1.069243E+05
       1.408706E+05     -6.814821E+02     -9.694817E+02      1.099583E+05
       1.421955E+05     -1.469853E+03     -1.303021E+03      1.165341E+05
       1.499637E+05      2.035441E+02     -1.503715E+02      1.156896E+05
       1.591708E+05      1.794075E+03      5.460643E+02      1.228360E+05
       1.622206E+05      9.148658E+02      6.442699E+02      1.214179E+05
       1.656497E+05     -4.249178E+02     -1.147829E+03      1.233242E+05
       1.780323E+05      1.000251E+03     -3.882123E+02      1.343407E+05
       1.757521E+05     -5.426123E+02      2.857115E+02      1.386640E+05
       1.877251E+05     -1.680926E+03      3.961718E+02      1.364256E+05
       1.900610E+05      4.018798E+02      9.196321E+02      1.430105E+05
       2.099539E+05     -1.235966E+03      1.253838E+03      1.512440E+05
       2.058397E+05     -8.147090E+02     -1.611199E+03      1.503774E+05
       2.071303E+05      1.493592E+03      5.636183E+02      1.583812E+05
       2.243148E+05     -2.427732E+03     -1.611607E+03      1.624862E+05
       2.277387E+05      2.559965E+03      6.810118E+01      1.637502E+05
       2.303069E+05     -8.557819E+02      3.027956E+03      1.744451E+05
       2.420478E+05     -4.161391E+03      5.741706E+02      1.680231E+05
       2.557727E+05     -4.183958E+02     -1.939925E+03      1.802626E+05
       2.698538E+05      1.915086E+03     -7.919036E+02      1.805776E+05
       2.570574E+05     -2.859244E+03     -2.454984E+03      1.848138E+05
       2.849791E+05      2.181737E+03      8.879857E+02      1.860362E+05
       2.903080E+05      4.786760E+02     -3.270040E+03      1.930317E+05
       2.945546E+05     -2.310223E+03     -6.191923E+03      1.982061E+05
       3.000741E+05      8.372169E+02     -2.608981E+02      1.967123E+05
       3.220878E+05      5.164067E+02     -3.069735E+02      2.115795E+05
       3.385353E+05     -1.847503E+03      3.052201E+03      2.172955E+05
       3.399051E+05     -5.770570E+03     -7.544991E+01      2.227270E+05
       3.275181E+05      3.323324E+03      4.619547E+02      2.193478E+05
       3.551029E+05     -5.248767E+03     -2.206574E+03      2.037640E+05
       3.681939E+05      7.945782E+02      6.401660E+03      1.994197E+05
       3.736644E+05     -1.341786E+03     -2.263885E+02      2.238003E+05
       3.811200E+05      5.427253E+02     -2.882826E+03      2.247422E+05
       4.049186E+05      3.836271E+02      7.448951E+03      2.313644E+05
       3.985068E+05      5.298022E+02      1.365703E+04      2.353900E+05
       4.108264E+05     -2.526538E+03     -2.739629E+03      2.370440E+05
       4.485858E+05      8.550917E+03     -6.530377E+03      2.519901E+05
       4.416641E+05      3.609748E+03      2.695789E+03      2.405405E+05
       4.350928E+05      1.012260E+04     -2.132922E+03      2.386485E+05
       4.649394E+05      6.063964E+03      6.996434E+03      2.346826E+05
       4.959344E+05     -8.550782E+03      3.400317E+03      2.385076E+05
       4.952940E+05      6.593117E+02     -2.765139E+03      2.583649E+05
       5.067016E+05      1.164984E+02      3.514190E+03      2.741373E+05
       5.196143E+05     -5.992808E+03      8.259624E+03      2.479915E+05
       5.437589E+05     -7.324953E+02      3.853292E+03      2.753663E+05
       5.490912E+05      3.994525E+02     -4.720364E+03      2.329308E+05
       5.462778E+05      3.285368E+03     -1.588693E+03      2.436524E+05
       5.523275E+05     -6.857260E+03      1.891060E+03      2.295800E+05
       6.143962E+05     -9.125255E+03     -1.341953E+04      2.369022E+05
       5.764733E+05      1.378415E+04      1.257726E+03      2.710932E+05
       6.023371E+05      8.508155E+03      7.245269E+02      2.503039E+05
       6.526671E+05     -5.144887E+03     -2.773184E+03      2.225505E+05
       6.660616E+05     -9.928704E+03      1.463853E+04      2.403884E+05
       6.428825E+05     -1.911661E+04     -2.549926E+01      2.182341E+05
       7.290129E+05     -4.699885E+03      1.645189E+04      2.122249E+05
       7.094631E+05     -3.098690E+04      2.056746E+04      2.119485E+05
       7.488405E+05      1.669007E+04     -6.927444E+03      2.589700E+05
       6.829269E+05     -1.055119E+04      1.132152E+03      2.510502E+05
       7.529057E+05      1.225418E+04     -1.947300E+04      1.909582E+05
       7.511688E+05     -1.666443E+04      1.149006E+04      2.068482E+05
       8.021429E+05      8.757269E+03      1.221402E+04      1.818542E+05
       7.810103E+05      1.575777E+04      8.603045E+03      1.650091E+05
       7.899676E+05      2.926340E+04     -1.874589E+04      1.324485E+05
       8.154796E+05      3.025275E+03     -1.727244E+04      1.552783E+05
       7.661929E+05     -9.393646E+03      2.836853E+03      1.491149E+05
       8.906285E+05     -2.487410E+04     -2.000784E+04      1.270401E+05
       9.002913E+05     -4.350954E+04      6.117949E+02      1.060653E+05
       8.843760E+05     -2.932792E+04     -3.869801E+03      1.334170E+05
       8.434820E+05     -1.099632E+04     -6.009799E+03      1.323172E+05
       8.293517E+05     -1.803358E+03      1.448665E+04      1.874515E+05
       9.432855E+05      2.244889E+04     -3.240378E+04     -9.480977E+03
       9.787502E+05     -4.401194E+04      2.601517E+03      8.677563E+04
       9.061336E+05     -1.025720E+03     -5.999582E+03      1.452623E+05
       1.061829E+06     -2.750215E+04     -2.784281E+04     -7.498792E+04
       1.080123E+06      1.733526E+02      7.762944E+03     -5.035662E+04
       9.580357E+05      1.281449E+03      2.542417E+03      2.070656E+04
       1.003144E+06     -1.974394E+04      1.479123E+04     -7.074121E+03
       1.036515E+06      2.436536E+04     -6.863590E+03     -7.208159E+04
       9.258653E+05     -2.033133E+04     -2.479785E+04     -5.372898E+04
       9.453423E+05      2.824547E+04      2.644156E+04      3.980157E+04
       9.461791E+05      1.620384E+04     -3.586792E+04      1.253864E+04
       1.071284E+06     -1.806507E+04      3.003330E+04     -6.498758E+04
       1.086667E+06     -1.247944E+04      6.950038E+04     -1.910981E+05
       8.938778E+05      2.218646E+04      3.443100E+04     -9.744131E+04
       1.127142E+06      3.965076E+04      4.418993E+04     -1.046722E+05
       1.060534E+06      3.559623E+04      5.532723E+04     -2.006763E+05
       1.099101E+06      1.347969E+04     -4.791000E+04     -1.629515E+05
       1.073419E+06      2.464693E+03     -2.342637E+04     -1.664702E+05
       9.881064E+05      1.774405E+04      1.169303E+03     -2.005575E+05
       9.575092E+05      3.800888E+04     -2.435225E+04     -1.947159E+05
       1.040968E+06     -6.477173E+04      2.795285E+04     -2.202409E+05
       1.061258E+06     -6.696361E+04      4.004515E+04     -2.065670E+05
       1.074322E+06      7.712713E+03      5.358738E+04     -3.123779E+05
       1.134524E+06      5.741829E+04      2.526421E+04     -2.292385E+05
       1.045731E+06     -2.159796E+03     -1.706223E+04     -2.225044E+05
       8.499880E+05      4.060643E+04      6.924478E+04     -1.663686E+05
       8.900268E+05     -1.759575E+04     -1.248642E+04     -2.104701E+05
       1.006957E+06     -1.041979E+03     -8.258621E+03     -3.702014E+05
       9.998337E+05     -2.617531E+03      6.498393E+04     -2.957160E+05
       1.165589E+06      4.424382E+03      6.752603E+04     -6.114957E+05
       1.037567E+06     -1.604533E+04      1.473194E+04     -4.695808E+05
       1.109124E+06     -5.779434E+04     -4.022686E+04     -5.542669E+05
       1.130224E+06      2.064190E+04      2.491159E+04     -5.142785E+05
       1.026415E+06     -2.438829E+04     -3.395485E+04     -3.439353E+05
       8.559196E+05     -2.294484E+04      7.041012E+04     -3.321119E+05
       9.426888E+05     -5.134806E+04      3.832816E+04     -5.533099E+05
       8.812787E+05      4.350078E+03     -2.226185E+04     -3.451128E+05
       9.736462E+05     -2.011339E+04      6.830391E+03     -3.820243E+05
       8.812576E+05      4.424799E+04      2.685115E+04     -3.522767E+05
       8.546506E+05     -1.701812E+04     -4.329969E+03     -4.851222E+05
       6.621333E+05      1.101520E+05     -5.806381E+04     -2.906496E+05
       5.469472E+05      1.261758E+04     -5.411360E+04     -2.189086E+05
       8.142728E+05     -1.693532E+04      5.414472E+04     -5.255656E+05
       6.305637E+05     -3.996075E+04      5.600385E+04     -3.582888E+05
       6.298357E+05      2.473723E+04      5.682016E+04     -4.282616E+05
       2.271253E+05     -4.899953E+04      2.523844E+04     -8.182312E+04
       6.183280E+05     -7.454142E+04     -3.203281E+04     -2.460828E+05
       3.976140E+05      6.323875E+04     -5.020148E+04     -2.362236E+05
       6.043509E+05     -4.383905E+04     -3.103507E+04     -4.665443E+05
       5.409372E+05      1.309017E+04      5.061849E+04     -2.708879E+05
       6.658311E+05     -8.256136E+04      3.864711E+04     -4.258322E+05
       6.780607E+05      1.320377E+04     -7.677353E+03     -4.600785E+05
       2.560127E+05     -1.330833E+04      6.599678E+03     -1.723677E+05
       4.475468E+05      2.153232E+03     -4.911445E+04     -3.346469E+05
       5.065884E+05     -2.169104E+04      1.623760E+04     -2.876339E+05
       4.314640E+05     -8.505691E+04     -2.359532E+04     -1.609187E+05
       3.044029E+05     -4.959111E+04      4.576011E+04     -2.194992E+05
       1.920669E+05      1.048696E+05     -3.858900E+04     -7.940484E+04
       4.271980E+05     -9.729226E+04     -1.738383E+03     -2.774927E+05
       2.395788E+05     -2.403550E+04      1.749712E+04     -2.109919E+05
       2.974639E+05     -3.813925E+04      6.792876E+03     -1.934168E+05
       2.674310E+05     -2.810678E+04     -4.561442E+04     -1.867885E+05
       1.242071E+05      1.419063E+04      4.087792E+03     -1.233261E+05
       1.802573E+05     -2.151171E+04     -4.765399E+04     -1.619003E+05
       2.380712E+05     -2.546638E+04      9.807627E+04     -1.828043E+05
       6.973953E+04      4.183277E+04     -3.000019E+04     -4.704902E+04
       8.043483E+04     -5.211074E+04     -7.576323E+03     -6.080157E+04
       1.568265E+05      1.080004E+04     -1.535159E+04     -2.773289E+04
       5.046507E+05      3.120643E+04     -1.539192E+05     -3.844752E+05
       0.000000E+00      0.000000E+00      0.000000E+00      0.000000E+00
       5.970886E+04      4.863616E+04     -3.259428E+04     -1.171688E+04
       1.240319E+05     -5.534616E+04      1.672354E+04     -1.097316E+05
       0.000000E+00      0.000000E+00      0.000000E+00      0.000000E+00
       0.000000E+00      0.000000E+00      0.000000E+00      0.000000E+00
       0.000000E+00      0.000000E+00      0.000000E+00      0.000000E+00
       0.000000E+00      0.000000E+00      0.000000E+00      0.000000E+00
       0.000000E+00      0.000000E+00      0.000000E+00      0.000000E+00
       1.296594E+05      2.333577E+04      8.524631E+04     -9.486873E+04
       0.000000E+00      0.000000E+00      0.000000E+00      0.000000E+00
       0.000000E+00      0.000000E+00      0.000000E+00      0.000000E+00
       0.000000E+00      0.000000E+00      0.000000E+00      0.000000E+00
       2.763168E+05      5.184771E+04     -1.715573E+04     -2.708662E+05
       0.000000E+00      0.000000E+00      0.000000E+00      0.000000E+00
       0.000000E+00      0.000000E+00      0.000000E+00      0.000000E+00
       0.000000E+00      0.000000E+00      0.000000E+00      0.000000E+00
       0.000000E+00      0.000000E+00      0.000000E+00      0.000000E+00
       0.000000E+00      0.000000E+00      0.000000E+00      0.000000E+00
       0.000000E+00      0.000000E+00      0.000000E+00      0.000000E+00
       0.000000E+00      0.000000E+00      0.000000E+00      0.000000E+00
       0.000000E+00      0.000000E+00      0.000000E+00      0.000000E+00
       0.000000E+00      0.000000E+00      0.000000E+00      0.000000E+00
       0.000000E+00      0.000000E+00      0.000000E+00      0.000000E+00
       0.000000E+00      0.000000E+00      0.000000E+00      0.000000E+00
       0.000000E+00      0.000000E+00      0.000000E+00      0.000000E+00
       0.000000E+00      0.000000E+00      0.000000E+00      0.000000E+00
       0.000000E+00      0.000000E+00      0.000000E+00      0.000000E+00
       0.000000E+00      0.000000E+00      0.000000E+00      0.000000E+00
       0.000000E+00      0.000000E+00      0.000000E+00      0.000000E+00
       0.000000E+00      0.000000E+00      0.000000E+00      0.000000E+00
       0.000000E+00      0.000000E+00      0.000000E+00      0.000000E+00
       0.000000E+00      0.000000E+00      0.000000E+00      0.000000E+00
       0.000000E+00      0.000000E+00      0.000000E+00      0.000000E+00
       0.000000E+00      0.000000E+00      0.000000E+00      0.000000E+00
       0.000000E+00      0.000000E+00      0.000000E+00      0.000000E+00
       0.000000E+00      0.000000E+00      0.000000E+00      0.000000E+00
       0.000000E+00      0.000000E+00      0.000000E+00      0.000000E+00
       0.000000E+00      0.000000E+00      0.000000E+00      0.000000E+00
       0.000000E+00      0.000000E+00      0.000000E+00      0.000000E+00
       0.000000E+00      0.000000E+00      0.000000E+00      0.000000E+00
       0.000000E+00      0.000000E+00      0.000000E+00      0.000000E+00
       0.000000E+00      0.000000E+00      0.000000E+00      0.000000E+00
       0.000000E+00      0.000000E+00      0.000000E+00      0.000000E+00
       0.000000E+00      0.000000E+00      0.000000E+00      0.000000E+00
       0.000000E+00      0.000000E+00      0.000000E+00      0.000000E+00
       0.000000E+00      0.000000E+00      0.000000E+00      0.000000E+00
       0.000000E+00      0.000000E+00      0.000000E+00      0.000000E+00
       0.000000E+00      0.000000E+00      0.000000E+00      0.000000E+00
       0.000000E+00      0.000000E+00      0.000000E+00      0.000000E+00
       0.000000E+00      0.000000E+00      0.000000E+00      0.000000E+00
       0.000000E+00      0.000000E+00      0.000000E+00      0.000000E+00
       0.000000E+00      0.000000E+00      0.000000E+00      0.000000E+00
       0.000000E+00      0.000000E+00      0.000000E+00      0.000000E+00
       0.000000E+00      0.000000E+00      0.000000E+00      0.000000E+00
       0.000000E+00      0.000000E+00      0.000000E+00      0.000000E+00
       0.000000E+00      0.000000E+00      0.000000E+00      0.000000E+00
