  6.548945458106799E-025
  6.547581115799360E-025
  6.546198910138056E-025
  6.544798622897507E-025
  6.543380032008530E-025
  6.541942914041384E-025
  6.540487042600268E-025
  6.539012189689449E-025
  6.537518124667932E-025
  6.536004615128169E-025
  6.534471425084590E-025
  6.532918316394383E-025
  6.531345049689843E-025
  6.529751381919629E-025
  6.528137068032013E-025
  6.526501861382445E-025
  6.524845511508712E-025
  6.523167766743364E-025
  6.521468372001148E-025
  6.519747069451218E-025
  6.518003599806141E-025
  6.516237701037128E-025
  6.514449108572200E-025
