   1306903.14116198     
   1325253.33180999     
   1362747.92790072     
   1398563.74823663     
   1432644.36062032     
   1465445.72054748     
   1497307.01639761     
   1528449.73430694     
   1559022.16837831     
   1589128.61699188     
   1618845.94951134     
   1648233.14788562     
   1677337.15026027     
   1706196.71252222     
   1734845.12804539     
   1763312.19229379     
   1791625.57826139     
   1819811.70381495     
   1847896.15610272     
   1875903.75132801     
   1903858.32212442     
   1931782.33049412     
   1959696.39720894     
   1987618.82383448     
   2015565.16448449     
   2043547.88410764     
   2071576.12293637     
   2099655.57255586     
   2127788.45839210     
   2155973.61717461     
   2184206.65398918     
   2212480.16175597     
   2240783.98704322     
   2269105.52605494     
   2297430.03815804     
   2325740.96462558     
   2354020.24403686     
   2382248.61693587     
   2410405.91408759     
   2438471.32528428     
   2466423.64552167     
   2494241.49805216     
   2521903.53326667     
   2549388.60403428     
   2576675.91834333     
   2603745.17001000     
   2630576.64921710     
   2657151.33426972     
   2683450.96604151     
   2709458.10709557     
   2735156.18651292     
   2760529.53250111     
   2785563.39406128     
   2810243.95284083     
   2834558.32675246     
   2858494.56649900     
   2882041.64576031     
   2905189.44641030     
   2927928.73927843     
   2950251.16146905     
   2972149.19079204     
   2993616.11786988     
   3014646.01663524     
   3035233.71348806     
   3055374.75558203     
   3075065.37866953     
   3094302.47455629     
   3113083.55883065     
   3131406.73865786     
   3149270.68100558     
   3166674.58160228     
   3183618.13435399     
   3200101.50178945     
   3216125.28620034     
   3231690.50179012     
   3246798.54783584     
   3261451.18277420     
   3275650.49932022     
   3289398.90073002     
   3302699.07792335     
   3315553.98778535     
   3327966.83239767     
   3339941.03934073     
   3351480.24290954     
   3362588.26629194     
   3373269.10472109     
   3383526.90952076     
   3393365.97297524     
   3402790.71406609     
   3411805.66504889     
   3420415.45879320     
   3428624.81678727     
   3436438.53804453     
   3443861.48841592     
   3450898.59085713     
   3457554.81611532     
   3463835.17404500     
   3469744.70553138     
   3475288.47492553     
   3480471.56299333     
   3485299.06028885     
