   4649062.77790694     
   4722548.93427773     
   4857604.45845070     
   4982607.97331819     
   5101862.36405944     
   5217160.26212598     
   5329513.14428495     
   5439568.75609558     
   5547770.05453386     
   5654435.28513349     
   5759802.96499184     
   5864058.66007294     
   5967351.74834219     
   6069806.43937144     
   6171529.29801486     
   6272614.43647808     
   6373146.98273233     
   6473205.18604414     
   6572861.43511496     
   6672182.44905064     
   6771228.89665874     
   6870054.68429280     
   6968706.11855128     
   7067221.10587034     
   7165628.50277955     
   7263947.68429905     
   7362188.36020102     
   7460350.63905756     
   7558425.31972819     
   7656394.37719920     
   7754231.60416154     
   7851903.36759014     
   7949369.44264215     
   8046583.88821136     
   8143495.93592568     
   8240050.86740581     
   8336190.86091541     
   8431855.79337415     
   8526983.98713106     
   8621512.89534688     
   8715379.72241249     
   8808521.97776752     
   8900877.96443110     
   8992387.20361789     
   9082990.79915163     
   9172631.74483571     
   9261255.17921174     
   9348808.59229013     
   9435241.98803777     
   9520508.00800137     
   9604562.01937126     
   9687362.17209187     
   9768869.42872684     
   9849047.57051067     
   9927863.18295899     
   10005285.6238567     
   10081286.9767271     
   10155841.9916217     
   10228928.0157833     
   10300524.9162998     
   10370614.9960507     
   10439182.9045124     
   10506215.5452061     
   10571701.9803737     
   10635633.3342740     
   10698002.6958775     
   10758805.0211620     
   10818037.0370476     
   10875697.1456263     
   10931785.3304934     
   10986303.0653335     
   11039253.2242940     
   11090639.9954489     
   11140468.7966541     
   11188746.1943582     
   11235479.8256187     
   11280678.3227747     
   11324351.2414970     
   11366508.9918851     
   11407162.7722803     
   11446324.5066785     
   11484006.7847303     
   11520222.8047366     
   11554986.3196502     
   11588311.5857630     
   11620213.3140191     
   11650706.6242491     
   11679807.0015989     
   11707530.2555174     
   11733892.4812943     
   11758910.0235828     
   11782599.4422025     
   11804977.4800072     
   11826061.0327233     
   11845867.1206932     
   11864412.8625336     
   11881715.4501356     
   11897792.1258344     
   11912660.1606245     
   11926336.8342401     
   11938839.4163690     
