  -93683.2185048198     
  -90586.5115882832     
  -86217.3133516827     
  -82240.6506563728     
  -78437.1080872739     
  -74784.4786017300     
  -71269.0011607806     
  -67875.1919824384     
  -64586.8692167091     
  -61388.6975763141     
  -58266.9956775455     
  -55209.9294803545     
  -52207.3730944658     
  -49250.6392471248     
  -46332.1938442409     
  -43445.4110725111     
  -40584.3916806472     
  -37743.8476505732     
  -34919.0454265689     
  -32105.7942552920     
  -29300.4643902562     
  -26500.0207330063     
  -23702.0598735998     
  -20904.8415796186     
  -18107.3089173470     
  -15309.0939631933     
  -12510.5082767449     
  -9712.51891027155     
  -6916.71176884041     
  -4125.24470462833     
  -1340.79293838036     
   1433.51064485767     
   4194.13798930368     
   6937.22911925274     
   9658.65445986576     
   12354.0748891638     
   15018.9985107103     
   17648.8334307983     
   20238.9360775938     
   22784.6548112691     
   25281.3687450411     
   27724.5218307416     
   30109.6523637456     
   32432.4181350977     
   34688.6175085834     
   36874.2067314220     
   38985.3138031007     
   41018.2492310019     
   42969.5139968723     
   44835.8050469446     
   46614.0186029198     
   48301.2515723125     
   49894.8013162212     
   51392.1640114090     
   52791.0318221497     
   54089.2890764581     
   55285.0076211721     
   56376.4415112566     
   57362.0211709635     
   58240.3471478825     
   59010.1835656866     
   59670.4513677073     
   60220.2214307308     
   60658.7076172390     
   60985.2598242005     
   61199.3570773737     
   61300.6007123030     
   61288.7076758433     
   61163.5039761519     
   60924.9183032770     
   60572.9758381261     
   60107.7922630922     
   59529.5679843327     
   58838.5825725267     
   58035.1894262970     
   57119.8106603267     
   56092.9322181934     
   54955.0992086122     
   53706.9114621265     
   52349.0193045340     
   50882.1195422719     
   49306.9516542859     
   47624.2941845185     
   45834.9613285401     
   43939.7997076742     
   41939.6853237291     
   39835.5206873034     
   37628.2321125850     
   35318.7671716104     
   32908.0923009486     
   30397.1905538781     
   27787.0594912575     
   25078.7092044653     
   22273.1604639002     
   19371.4429867902     
   16374.5938181791     
   13283.6558192369     
   10099.6762572636     
   6823.70549187652     
   3456.79575218808     
  0.000000000000000E+000
