   1854407.95433111     
   1899204.31977237     
   1988620.54653501     
   2139615.75572818     
   2425849.89865550     
   2819102.47509010     
   3249336.01992094     
   3662570.60317759     
   4030003.79781647     
   4340842.73818578     
   4594487.20123052     
   4795282.94042527     
   4949519.69304479     
   5063864.08344105     
   5144612.02532503     
   5197381.52327486     
   5227030.61681072     
   5237683.31010858     
   5232801.65030668     
   5215272.38483097     
   5187492.86898488     
   5151449.44651751     
   5108785.91652335     
   5060861.86295919     
   5008801.60735297     
   4953534.92053673     
   4895830.69852857     
   4836324.73571594     
   4775542.59969801     
   4713918.46641949     
   4651810.63716634     
   4589514.33511200     
   4527272.27304395     
   4465283.39439611     
   4403710.11619940     
   4342684.34181076     
   4282312.46122390     
   4222679.51798316     
   4163852.68719883     
   4105884.18399817     
   4048813.69987426     
   3992670.44667082     
   3937474.87399811     
   3883240.11429916     
   3829973.20025807     
   3777676.09144393     
   3726346.54111773     
   3675978.82859484     
   3626564.37834487     
   3578092.28369596     
   3530549.74988800     
   3483922.46894805     
   3438194.93685477     
   3393350.72159727     
   3349372.68976819     
   3306243.19772371     
   3263944.25275396     
   3222457.64858043     
   3181765.07908131     
   3141848.23341554     
   3102688.87522634     
   3064268.90849884     
   3026570.43159627     
   2989575.78171175     
   2953267.57080151     
   2917628.71430091     
   2882642.45390056     
   2848292.37502875     
   2814562.41991009     
   2781436.89690001     
   2748900.48675049     
   2716938.24599455     
   2685535.60824782     
   2654678.38357663     
   2624352.75623954     
   2594545.28108565     
   2565242.87908547     
   2536432.83158771     
   2508102.77433028     
   2480240.69040268     
   2452834.90319263     
   2425874.06860462     
   2399347.16737175     
   2373243.49688589     
   2347552.66315041     
   2322264.57255726     
   2297369.42370241     
   2272857.69913022     
   2248720.15735635     
   2224947.82476017     
   2201531.98768854     
   2178464.18471652     
   2155736.19901111     
   2133340.05083118     
   2111267.99027466     
   2089512.49014650     
   2068066.23895915     
   2046922.13424761     
   2026073.27593580     
   2005512.95997124     
   1985234.67210012     
