   1451914.25304596     
   1507974.05160450     
   2282463.25202875     
   4097748.35897514     
   5903888.16470496     
   7255572.71746260     
   8149028.09747614     
   8688453.58854732     
   8976521.44648646     
   9091999.05053994     
   9090899.73018508     
   9012022.39722676     
   8882032.74621952     
   8719248.31210444     
   8536276.60461948     
   8341811.99530863     
   8141852.93029527     
   7940528.49442425     
   7740663.14505066     
   7544165.53883833     
   7352298.44374446     
   7165867.61900641     
   6985354.99499140     
   6811013.22599569     
   6642933.22436480     
   6481092.64056948     
   6325390.80283661     
   6175673.96699799     
   6031753.58834196     
   5893419.53938740     
   5760449.65001000     
   5632616.56004835     
   5509692.60201369     
   5391453.23664508     
   5277679.42380837     
   5168159.21063490     
   5062688.74445064     
   4961072.86499245     
   4863125.38999361     
   4768669.17932871     
   4677536.04165714     
   4589566.53016430     
   4504609.66328302     
   4422522.59595699     
   4343170.26137318     
   4266424.99701323     
   4192166.16545544     
   4120279.77777504     
   4050658.12439187     
   3983199.41732039     
   3917807.44623287     
   3854391.24982180     
   3792864.80322431     
   3733146.72209815     
   3675159.98307878     
   3618831.66041877     
   3564092.67836433     
   3510877.57871974     
   3459124.30274283     
   3408773.98697972     
   3359770.77187858     
   3312061.62285821     
   3265596.16282214     
   3220326.51548951     
   3176207.15894399     
   3133194.78856732     
   3091248.18892337     
   3050328.11381067     
   3010397.17416120     
   2971419.73304895     
   2933361.80738422     
   2896190.97593387     
   2859876.29309528     
   2824388.20815026     
   2789698.48950644     
   2755780.15370505     
   2722607.39880117     
   2690155.54179332     
   2658400.95995710     
   2627321.03562264     
   2596894.10432128     
   2567099.40609980     
   2537917.03956544     
   2509327.91876223     
   2481313.73255135     
   2453856.90625004     
   2426940.56558846     
   2400548.50269748     
   2374665.14393831     
   2349275.51968742     
   2324365.23568169     
   2299920.44597620     
   2275927.82746694     
   2252374.55569478     
   2229248.28204282     
   2206537.11207446     
   2184229.58510565     
   2162314.65482249     
   2140781.67090736     
   2119620.36160125     
   2098820.81727240     
