  -140152.395550716     
  -138024.883977475     
  -134986.331555991     
  -132164.952808049     
  -129481.006525615     
  -126934.273080114     
  -124510.011915515     
  -122191.827874274     
  -119965.861435634     
  -117820.897465245     
  -115747.748954897     
  -113738.723375753     
  -111787.259001578     
  -109887.684739620     
  -108035.055780749     
  -106225.034466666     
  -104453.798948983     
  -102717.970008813     
  -101014.550632316     
  -99340.8751647041     
  -97694.5660377239     
  -96073.4967008172     
  -94475.7597417010     
  -92899.6394013235     
  -91343.5878333744     
  -89806.2045657315     
  -88286.2187063612     
  -86782.4735075289     
  -85293.9129630165     
  -83819.5701654042     
  -82358.5571952863     
  -80910.0563515807     
  -79473.3125635435     
  -78047.6268498155     
  -76632.3507099798     
  -75226.8813494909     
  -73830.6576507553     
  -72443.1568118429     
  -71063.8915813975     
  -69692.4080231573     
  -68328.2837478732     
  -66971.1265537963     
  -65620.5734200438     
  -64276.2898003017     
  -62937.9691673826     
  -61605.3327624162     
  -60278.1295056962     
  -58956.1360300181     
  -57639.1568006459     
  -56327.0242899425     
  -55019.5991784201     
  -53716.7705574722     
  -52418.4561127808     
  -51124.6022706994     
  -49835.1842931748     
  -48550.2063098009     
  -47269.7012783104     
  -45993.7308674148     
  -44722.3852580478     
  -43455.7828611718     
  -42194.0699519626     
  -40937.4202217481     
  -39686.0342501974     
  -38440.1389015270     
  -37199.9866490678     
  -35965.8548333296     
  -34738.0448591933     
  -33516.8813381218     
  -32302.7111814982     
  -31095.9026513757     
  -29896.8443747792     
  -28705.9443277723     
  -27523.6287951550     
  -26350.3413116724     
  -25186.5415901487     
  -24032.7044418455     
  -22889.3186938634     
  -21756.8861082510     
  -20635.9203070155     
  -19526.9457069104     
  -18430.4964675878     
  -17347.1154562960     
  -16277.3532319809     
  -15221.7670513733     
  -14180.9198992823     
  -13155.3795450305     
  -12145.7176267161     
  -11152.5087646758     
  -10176.3297053098     
  -9217.75849618873     
  -8277.37369314930     
  -7355.75359986764     
  -6453.47554025808     
  -5571.11516384282     
  -4709.24578410926     
  -3868.43774973290     
  -3049.25784840613     
  -2252.26874292309     
  -1478.02843907105     
  -727.089784792964     
  0.000000000000000E+000
