   1386941.59627207     
   1411305.03318663     
   1454548.26246426     
   1494717.98287229     
   1533171.91429355     
   1570404.93300493     
   1606732.35420313     
   1642400.29177881     
   1677632.04181239     
   1712661.97176949     
   1747748.86265059     
   1783165.10951435     
   1819170.94015343     
   1855986.66735817     
   1893772.09800670     
   1932616.47682326     
   1972538.19664862     
   2013491.59586539     
   2055377.85381172     
   2098057.49233299     
   2141362.73392882     
   2185108.66293737     
   2229102.67373225     
   2273152.05723359     
   2317069.80080933     
   2360678.79652579     
   2403814.70220266     
   2446327.70612962     
   2488083.42931247     
   2528963.17017242     
   2568863.66399509     
   2607696.49840348     
   2645387.29635813     
   2681874.75405264     
   2717109.60009579     
   2751053.52546355     
   2783678.11972453     
   2814963.83933156     
   2844899.02469129     
   2873478.97684784     
   2900705.09978641     
   2926584.11117831     
   2951127.32152421     
   2974349.98003638     
   2996270.68450675     
   3016910.85165436     
   3036294.24372822     
   3054446.54737849     
   3071395.00029110     
   3087168.06154612     
   3101795.12179658     
   3115306.24898988     
   3127731.96667707     
   3139103.06102764     
   3149450.41393486     
   3158804.85910479     
   3167197.05875200     
   3174657.39851694     
   3181215.89853425     
   3186902.13886828     
   3191745.19736890     
   3195773.59876141     
   3199015.27338039     
   3201497.52442002     
   3203247.00264766     
   3204289.68752378     
   3204650.87409527     
   3204355.16457907     
   3203426.46434661     
   3201887.98132575     
   3199762.22863090     
   3197071.02981453     
   3193835.52631888     
   3190076.18671114     
   3185812.81772611     
   3181064.57626321     
   3175849.98271297     
   3170186.93493766     
   3164092.72295721     
   3157584.04415788     
   3150677.01881959     
   3143387.20580821     
   3135729.61854476     
   3127718.74086484     
   3119368.54295770     
   3110692.49712321     
   3101703.59336919     
   3092414.35492902     
   3082836.85329966     
   3072982.72337167     
   3062863.17775163     
   3052489.02134941     
   3041870.66510834     
   3031018.13975182     
   3019941.10896233     
   3008648.88230818     
   2997150.42774358     
   2985454.38373671     
   2973569.07112211     
   2961502.50444935     
   2949262.40310118     
