   1547645.12060327     
   1574985.38295254     
   1627049.79399147     
   1677024.45739106     
   1726006.73594308     
   1775773.49811747     
   1829317.78321964     
   1889857.62971280     
   1959425.38837258     
   2038339.55725336     
   2125490.28706108     
   2218917.28625718     
   2316338.21168592     
   2415512.96797194     
   2514448.85098075     
   2611489.41066985     
   2705330.59313563     
   2794997.01342778     
   2879799.89126234     
   2959289.46886347     
   3033208.86926125     
   3101452.72125112     
   3164031.76826356     
   3221043.53473415     
   3272648.56099041     
   3319051.48783883     
   3360486.22393600     
   3397204.47131544     
   3429466.96797243     
   3457536.90069730     
   3481675.03406659     
   3502136.18458404     
   3519166.74090492     
   3533002.99104374     
   3543870.06711685     
   3551981.35811701     
   3557538.27373306     
   3560730.26757079     
   3561735.04912887     
   3560718.92934402     
   3557837.25761272     
   3553234.91826997     
   3547046.86188398     
   3539398.65318563     
   3530407.02195279     
   3520180.40689789     
   3508819.48552807     
   3496417.68500864     
   3483061.67076898     
   3468831.81077918     
   3453802.61467710     
   3438043.14706236     
   3421617.41547633     
   3404584.73342128     
   3387000.05938600     
   3368914.31270163     
   3350374.66758853     
   3331424.82628102     
   3312105.27280933     
   3292453.50820012     
   3272504.26871812     
   3252289.72790563     
   3231839.68383288     
   3211181.73237454     
   3190341.42774932     
   3169342.43087080     
   3148206.64697383     
   3126954.35263283     
   3105604.31359369     
   3084173.89370374     
   3062679.15573874     
   3041134.95483866     
   3019555.02487193     
   2997952.05859812     
   2976337.78182253     
   2954723.02201637     
   2933117.77215068     
   2911531.24959425     
   2889971.95093950     
   2868447.70271339     
   2846965.70851276     
   2825532.59264192     
   2804154.44072927     
   2782836.83734004     
   2761584.90102899     
   2740403.31673548     
   2719296.36601574     
   2698267.95515955     
   2677321.64118237     
   2656460.65615024     
   2635687.92977603     
   2615006.11035627     
   2594417.58441412     
   2573924.49479106     
   2553528.75766132     
   2533232.07835621     
   2513035.96595331     
   2492941.74712206     
   2472950.57880445     
   2453063.46013390     
   2433281.24359537     
