   1274532.24214731     
   1294813.13531882     
   1331302.50851173     
   1365296.74016657     
   1397756.70014139     
   1429097.75574485     
   1459575.34509133     
   1489366.19093082     
   1518598.04420395     
   1547365.80406043     
   1575741.56803176     
   1603781.23934220     
   1631528.99350267     
   1659020.35667816     
   1686284.36242440     
   1713345.08655195     
   1740222.75655825     
   1766934.56611674     
   1793495.28230627     
   1819917.70518402     
   1846213.02061868     
   1872391.07509027     
   1898460.59237241     
   1924429.34661605     
   1950304.30226553     
   1976091.72836175     
   2001797.29289769     
   2027426.14153565     
   2052982.96381807     
   2078472.04922588     
   2103897.33509118     
   2129262.44757163     
   2154570.73695241     
   2179825.30798808     
   2205029.04595896     
   2230184.63907345     
   2255294.59750209     
   2280361.26937604     
   2305386.85429795     
   2330373.41433236     
   2355322.88291757     
   2380237.07196195     
   2405117.67712340     
   2429966.28172591     
   2454784.35952803     
   2479573.27617311     
   2504334.29002770     
   2529068.55223814     
   2553777.10618299     
   2578460.88665189     
   2603120.71875198     
   2627757.31661994     
   2652371.28215778     
   2676963.10384113     
   2701533.15571066     
   2726081.69642310     
   2750608.86877991     
   2775114.69940018     
   2799599.09871342     
   2824061.86144090     
   2848502.66729232     
   2872921.08210137     
   2897316.55929121     
   2921688.44170295     
   2946035.96375519     
   2970358.25391925     
   2994654.33746119     
   3018923.13955294     
   3043163.48851536     
   3067374.11938124     
   3091553.67757710     
   3115700.72284146     
   3139813.73327807     
   3163891.10944666     
   3187931.17877724     
   3211932.19970551     
   3235892.36619243     
   3259809.81207706     
   3283682.61555071     
   3307508.80348963     
   3331286.35588135     
   3355013.21017856     
   3378687.26561203     
   3402306.38730713     
   3425868.41055126     
   3449371.14474226     
   3472812.37737561     
   3496189.87792939     
   3519501.40149483     
   3542744.69246410     
   3565917.48797360     
   3589017.52133435     
   3612042.52514177     
   3634990.23444846     
   3657858.38974309     
   3680644.73972721     
   3703347.04404727     
   3725963.07581786     
   3748490.62407672     
   3770927.49610131     
   3793271.51955672     
