   284130.858112701     
   297738.240991264     
   325227.314968526     
   354488.693299791     
   385892.253107385     
   417111.497693948     
   445675.485072628     
   470122.088168776     
   489935.994842070     
   505201.103162677     
   516308.662094443     
   523771.991884530     
   528123.437530275     
   529863.027630915     
   529436.719023228     
   527230.490663599     
   523572.342183842     
   518737.804703408     
   512956.632297180     
   506419.499425192     
   499284.162402208     
   491680.879325645     
   483717.054508211     
   475481.155117441     
   467045.981287770     
   458471.379672049     
   449806.486960787     
   441091.581170241     
   432359.608072218     
   423637.439798088     
   414946.913213636     
   406305.687428268     
   397727.952808644     
   389225.018024301     
   380805.796825703     
   372477.212292339     
   364244.533051185     
   356111.653326642     
   348081.326534676     
   340155.360385445     
   332334.780035780     
   324619.964672672     
   317010.761963704     
   309506.584037263     
   302106.488023334     
   294809.243667389     
   287613.390104275     
   280517.283529011     
   273519.137212454     
   266617.055071446     
   259809.059805715     
   253093.116449857     
   246467.152052868     
   239929.072084306     
   233476.774071745     
   227108.158895081     
   220821.140097281     
   214613.651515584     
   208483.653490715     
   202429.137872213     
   196448.132005349     
   190538.701856717     
   184698.954412465     
   178927.039462830     
   173221.150869923     
   167579.527401233     
   162000.453199255     
   156482.257947026     
   151023.316780840     
   145622.049993513     
   140276.922565468     
   134986.443555145     
   129749.165375772     
   124563.682981312     
   119428.632981114     
   114342.692699824     
   109304.579196505     
   104313.048254865     
   99366.8933545514     
   94464.9446319903     
   89606.0678377599     
   84789.1632963805     
   80013.1648734755     
   75277.0389542468     
   70579.7834366350     
   65920.4267417865     
   61298.0268439784     
   56711.6703216928     
   52160.4714311157     
   47643.5712030083     
   43160.1365636698     
   38709.3594803729     
   34290.4561315632     
   29902.6661018688     
   25545.2516018475     
   21217.4967122959     
   16918.7066528346     
   12648.2070743927     
   8405.34337517989     
   4189.48003965911     
  0.000000000000000E+000
