   268028.966401252     
   284489.777951438     
   321616.874211103     
   358840.848020810     
   386552.290164247     
   402930.454320555     
   409984.103513372     
   410302.618593552     
   406046.415466213     
   398805.564886382     
   389693.913851833     
   379474.691631722     
   368664.963854201     
   357612.196015945     
   346547.769504988     
   335623.704269272     
   324937.717499727     
   314550.331954818     
   304496.595868445     
   294794.147933451     
   285448.793131100     
   276458.373817822     
   267815.466019148     
   259509.261070383     
   251526.878993842     
   243854.283365005     
   236476.915434124     
   229380.129750036     
   222549.489084701     
   215970.959507270     
   209631.034623544     
   203516.809681104     
   197616.020360675     
   191917.056892838     
   186408.961150580     
   181081.412221883     
   175924.704418935     
   170929.720561250     
   166087.902557803     
   161391.220723067     
   156832.142832636     
   152403.603611526     
   148098.975121370     
   143912.038348094     
   139836.956172898     
   135868.247824245     
   132000.764848058     
   128229.668591048     
   124550.409163045     
   120958.705824934     
   117450.528736583     
   114022.081992065     
   110669.787866130     
   107390.272195074     
   104180.350816232     
   101037.016992576     
   97957.4297520200     
   94938.9030746359     
   91978.8958647903     
   89075.0026492512     
   86224.9449461977     
   83426.5632539772     
   80677.8096121516     
   77976.7406909240     
   75321.5113684021     
   72710.3687582617     
   70141.6466533330     
   67613.7603533624     
   65125.2018476868     
   62674.5353259622     
   60260.3929921727     
   57881.4711591751     
   55536.5266028391     
   53224.3731565349     
   50943.8785282306     
   48693.9613239175     
   46473.5882623330     
   44281.7715671639     
   42117.5665240066     
   39980.0691903355     
   37868.4142476678     
   35781.7729859471     
   33719.3514109292     
   31680.3884660819     
   29664.1543611247     
   27669.9489999687     
   25697.1005013303     
   23744.9638058158     
   21812.9193637264     
   19900.3718982556     
   18006.7492391504     
   16131.5012222535     
   14274.0986506900     
   12434.0323137518     
   10610.8120598233     
   8803.96591994809     
   7013.03927887363     
   5237.59409063410     
   3477.20813593435     
   1731.47431878233     
  0.000000000000000E+000
