   83665.1542981481     
   89155.7642308725     
   98680.6646879186     
   107560.434699018     
   116194.916540056     
   124802.398431579     
   133532.503808782     
   142464.056383288     
   151593.547961152     
   160847.937906664     
   170112.136839781     
   179256.137705077     
   188154.681776770     
   196698.672647387     
   204800.163162965     
   212393.155365564     
   219432.034655275     
   225888.887456504     
   231750.471749469     
   237015.270713812     
   241690.841929100     
   245791.544207511     
   249336.651308684     
   252348.824645424     
   254852.901013339     
   256874.947110984     
   258441.534527974     
   259579.193660514     
   260314.010804962     
   260671.338484146     
   260675.594392778     
   260350.129009258     
   259717.145870958     
   258797.661787889     
   257611.496948710     
   256177.287040308     
   254512.511239289     
   252633.531318375     
   250555.638207385     
   248293.103213928     
   245859.231788808     
   243266.418252743     
   240526.200315810     
   237649.312542771     
   234645.738165910     
   231524.758838229     
   228295.002065473     
   224964.486166295     
   221540.662692448     
   218030.456302466     
   214440.302127213     
   210776.180697260     
   207043.650524287     
   203247.878442868     
   199393.667827927     
   195485.484807205     
   191527.482589208     
   187523.524026078     
   183477.202527439     
   179391.861437526     
   175270.611982742     
   171116.349891408     
   166931.770781860     
   162719.384409163     
   158481.527855110     
   154220.377740450     
   149937.961532915     
   145636.168019421     
   141316.757005896     
   136981.368303440     
   132631.530055288     
   128268.666454789     
   123894.104900843     
   119509.082633755     
   115114.752890951     
   110712.190619127     
   106302.397776492     
   101886.308256048     
   97464.7924585695     
   93038.6615416481     
   88608.6713690179     
   84175.5261826479     
   79739.8820182042     
   75302.3498828951     
   70863.4987132946     
   66423.8581293021     
   61983.9209991746     
   57544.1458294247     
   53104.9589922812     
   48666.7568024707     
   44229.9074541427     
   39794.7528279712     
   35361.6101776890     
   30930.7737045723     
   26502.5160278431     
   22077.0895582585     
   17654.7277816804     
   13235.6464588740     
   8820.04474735770     
   4408.10625066585     
  0.000000000000000E+000
