   127837.454602744     
   134395.844737299     
   148168.130101073     
   161471.747891951     
   174469.184235407     
   187426.922945343     
   200555.122069748     
   213968.334299618     
   227661.767226003     
   241528.316272548     
   255398.559930502     
   269080.716273230     
   282389.756463427     
   295164.376388268     
   307274.464570373     
   318622.356979536     
   329140.568282394     
   338787.850650469     
   347544.723516875     
   355409.115862094     
   362392.439419364     
   368516.217209500     
   373809.283110093     
   378305.512470152     
   382042.019464346     
   385057.750206537     
   387392.403234834     
   389085.615912724     
   390176.363777582     
   390702.528414302     
   390700.597304679     
   390205.465999399     
   389250.318811386     
   387866.569092074     
   386083.844129886     
   383930.002930956     
   381431.177725643     
   378611.832104899     
   375494.830323518     
   372101.513597109     
   368451.780232226     
   364564.167222932     
   360455.931565410     
   356143.130022650     
   351640.696442419     
   346962.516017584     
   342121.496095251     
   337129.633307305     
   331998.076918200     
   326737.188378815     
   321356.597141249     
   315865.252838282     
   310271.473963448     
   304582.993210024     
   298806.999639595     
   292950.177858338     
   287018.744379888     
   281018.481352852     
   274954.767825830     
   268832.608717390     
   262656.661650617     
   256431.261804247     
   250160.444923514     
   243847.968625666     
   237497.332126420     
   231111.794505046     
   224694.391618194     
   218247.951764316     
   211775.110193490     
   205278.322550458     
   198759.877332021     
   192221.907433972     
   185666.400856917     
   179095.210635051     
   172510.064047013     
   165912.571163354     
   159304.232780930     
   152686.447790514     
   146060.520020433     
   139427.664595689     
   132789.013848675     
   126145.622815232     
   119498.474346726     
   112848.483866632     
   106196.503797979     
   99543.3276857121     
   92889.6940364215     
   86236.2898959771     
   79583.7541840937     
   72932.6808034468     
   66283.6215394701     
   59637.0887658682     
   52993.5579696935     
   46353.4701087456     
   39717.2338131546     
   33085.2274420928     
   26457.8010057189     
   19835.2779617692     
   13217.9568954488     
   6606.11309064973     
  0.000000000000000E+000
