   146.416940261923     
   162.553263969233     
   180.269922433207     
   196.098067479009     
   218.139197022142     
   238.855369005956     
   263.100819998924     
   289.468740307243     
   321.483257609138     
   356.193354056445     
   395.077923409811     
   438.252576670721     
   476.079340347837     
   517.357947425292     
   581.830549849023     
   640.137041411725     
   706.457338767039     
   781.526827241574     
   845.667273467904     
   949.686982692612     
   1038.36519150155     
   1138.36099513167     
   1241.13134189593     
   1355.38274584108     
   1522.12697679121     
   1696.94222946673     
   1809.97071467925     
   2017.52803378616     
   2229.14102296639     
   2398.67670523601     
   2639.67133114802     
   2875.74520484338     
   3169.23308904372     
   3426.71174435442     
   3761.53362457672     
   4157.72385583580     
   4499.29210762223     
   4946.10365370404     
   5332.53765156655     
   5825.89508190974     
   6363.50251248181     
   6904.23718974546     
   7472.42135315571     
   8175.06297312661     
   8831.37944824668     
   9613.04348545794     
   10309.3230093530     
   11287.1694699366     
   12039.8356261207     
   12782.5439402456     
   13981.8655601219     
   15012.9869319796     
   16101.5937540532     
   17427.6865205375     
   18454.3239993969     
   19340.5709286606     
   20617.0475216149     
   21772.1277511614     
   22883.6789061226     
   24021.1996468096     
   24990.3032775343     
   26487.9878030742     
   28089.3470838562     
   28768.4969978217     
   29762.1995159018     
   30867.2804990126     
   31417.0622621416     
   32399.5652093098     
   32520.8591974289     
   32786.4808184207     
   32807.4058595082     
   32950.8307807568     
   33249.1900688732     
   32408.7915025211     
   31387.8426320857     
   30767.0912450549     
   29199.4160505784     
   28014.9996331782     
   26157.8276385154     
   24325.9156135837     
   22671.0771851501     
   20945.1165480042     
   18728.2431955496     
   16630.4285926132     
   14511.8311992597     
   12614.6995085509     
   10848.4442035890     
   9206.11700460353     
   7522.62129417636     
   6161.26267530986     
   5041.19817803654     
   3916.11960002675     
   3102.26259011446     
   2385.81893911792     
   1832.89949008534     
   1409.22985351036     
   1090.50492754984     
   847.762892509392     
   694.002643474965     
   574.486366913830     
   514.007597450457     
   454.941736425653     
   438.423260858110     
   441.650606573215     
   431.938201855184     
   449.048076035904     
   444.658826537435     
   469.652891203324     
   470.680140926984     
   496.682643688045     
   509.002181479305     
   510.666487545251     
   532.585536564481     
   534.923837005207     
   564.891919402570     
   573.748307948300     
   588.822465518270     
   611.773484383627     
   635.965285416707     
   649.383911885878     
   661.607809628118     
   666.344504191815     
   687.722592225499     
   697.652099591379     
   706.853765798299     
   720.070178339253     
   737.858806373558     
   768.674123910183     
   785.608054343274     
   810.571716239642     
   821.620288936293     
   837.945087819367     
   849.351867126374     
   853.453037862726     
   888.580248841364     
   908.874791590471     
   911.913961093172     
   925.927103668011     
   950.519177097069     
   969.549596048611     
   994.598320079510     
   1009.89675783816     
   1004.79969136773     
   1034.41467983397     
   1040.95442750354     
   1058.91489770041     
   1062.04494498850     
   1078.30187880154     
   1105.75477667900     
   1100.11556119317     
   1080.74785034186     
   1137.07079768747     
   1142.70479785825     
   1142.62189263669     
   1168.62493367450     
   1165.10975809262     
   1151.88581956450     
   1164.60947488726     
   1180.14523083410     
   1182.98655488660     
   1187.20298849913     
   1185.63555462424     
   1192.76981306677     
   1200.06114543415     
   1197.99991965189     
   1197.01530322257     
   1202.57431522457     
   1175.40596564533     
   1170.98248091517     
   1175.99205025286     
   1156.23743342235     
   1161.96698159564     
   1167.30167558014     
   1147.32618759968     
   1123.49790337903     
   1128.55888418684     
   1129.92925747261     
   1086.27295952751     
   1095.29177431091     
   1083.57528205140     
   1081.78844269052     
   1050.88283211974     
   1026.24779187676     
   1032.96767785544     
   998.248922292396     
   953.948002218589     
   964.715916725318     
   934.570378272229     
   889.391597573143     
   911.642917584700     
   861.307716231876     
   826.827634682425     
   822.893813468248     
   791.488531668233     
   771.557216809272     
   739.187709297771     
   732.227480832563     
   702.743834992860     
   671.675776682905     
   660.431973351784     
   625.800657174306     
   586.685057494126     
   587.448829153655     
   568.395094844554     
   543.808329563814     
   501.262959595272     
   481.204127291302     
   462.577434126060     
   447.479571475905     
   417.104909296348     
   397.783030422342     
   389.033517891611     
   365.026582902717     
   345.305416469948     
   325.334262471454     
   313.074548685760     
   284.673599143905     
   284.282916298581     
   270.263515642647     
   243.935340966167     
   236.686271471702     
   224.741293374262     
   216.342910506702     
   201.271820585764     
   189.941589078832     
   173.679778230106     
   174.083457267354     
   159.494337010034     
   157.004038863444     
   146.988927545352     
   141.258941329172     
   134.062918524350     
   135.893979239628     
   128.521933733900     
   119.859635808027     
   119.041086465770     
   111.949967810529     
   108.627189971067     
   104.206276143476     
   104.708383788627     
   103.616867201353     
   98.8607809673063     
   99.1853583601058     
   99.9971793473597     
   94.7054565684661     
   91.9695715500162     
   95.0054632637453     
   94.2617245216635     
   93.0578591423124     
   89.2425548542071     
   89.1885530949374     
   90.2698868021314     
   89.1609980460728     
   89.5311376720560     
   88.3127763111172     
   89.2129840374921     
   86.7153681353433     
   85.4685903033420     
   87.6769449745560     
   85.8720617511671     
   88.4961204344975     
   87.3645382679466     
   85.6779323568689     
   84.0682476820678     
   85.3958693365135     
   85.3009801690235     
   83.5152578546521     
   82.5846170796628     
   84.7453260070179     
   82.5597664284264     
   84.1420183058419     
   81.0767606568716     
   80.1656176275066     
   81.4992474110945     
   81.9879403542351     
   78.2957085707613     
   78.6946743432509     
   76.1140459776463     
   76.3887122411069     
   77.1047405750120     
   78.1378398922040     
   75.2417089013685     
   74.9409753408015     
   74.4235363042340     
   72.4166755612305     
   71.6258848873412     
   70.5765210043800     
   69.0872791488897     
   69.4332814805228     
   67.6118127010663     
   66.3244008799208     
   62.8253413054195     
   66.5999254100195     
   62.6445907084978     
   62.1415880719250     
   60.4151439394581     
   59.3810860015533     
   57.6248563498032     
   57.7131021224010     
   55.7176432980533     
   54.4221098600894     
   54.1153995062733     
   52.6205739640940     
   50.7556212057092     
   49.0510665213100     
   49.9878254956440     
   47.0208026743209     
   47.0593583105649     
   45.4317829863945     
   43.7088885102564     
   42.9806509740755     
   42.7189744160132     
   40.0714360722469     
   40.3599508497252     
   39.3568440958552     
   37.8463825466621     
   35.2092472566256     
   36.7669413344595     
   35.3556020313941     
   34.2423873959543     
   32.8582215016066     
   31.5364739593961     
   30.7783949092702     
   28.7237999056071     
   28.9151481880431     
   27.6118009313877     
   27.4203529183089     
   25.2829316154143     
   24.3004130312985     
   22.8910477950621     
   23.6513939308206     
   22.7001533713231     
   22.1584647783258     
   21.3268197671192     
   20.1820577666586     
   20.6232998656229     
   19.2783452175389     
   18.4933237980259     
   17.1686287920231     
   16.3901395016408     
   16.5198883027100     
   16.3172764620924     
   15.1006549461270     
   14.1033424491879     
   15.0553310204873     
   14.5774677085802     
   13.6915267846201     
   13.4276057680454     
   12.7421422130749     
   12.3583263396698     
   11.7558925630351     
   11.3378510649508     
   10.9826488789966     
   10.6418479052616     
   10.8369515720086     
   10.1301180804324     
   9.83984832829786     
   9.54915385017461     
   9.51952464873318     
   9.02210507234518     
   8.83493979787876     
   9.03786807759100     
   8.65489206473912     
   7.96747413789367     
   7.88112212678802     
   7.97903068818691     
   7.95736383403397     
   7.73192106472184     
   7.45406755870903     
   7.50706233740222     
   7.15522254337142     
   6.99951223199206     
   7.08808105874300     
   6.89966301361494     
   6.40375412087206     
   6.57600905549598     
   6.50971842304562     
   6.28580955035707     
   6.13678727265039     
   6.03412103172230     
   5.96640401060799     
   5.84484314632745     
   5.73105033673641     
   5.52864227974798     
   5.47061990008924     
   5.36451034030630     
   5.37507072597158     
   5.36596574797588     
   5.25779360344923     
   5.00577054565372     
   5.16062841777404     
   4.73526362362397     
   4.60623814521333     
   4.72083555107749     
   4.55157782963238     
   4.59387907938472     
   4.42976496606993     
   4.38363415775158     
   4.29321679839938     
   4.23822720910540     
   4.05454186274657     
   4.09828813084984     
   4.09597938201291     
   3.88747552529945     
   3.95123980725911     
   3.84863337590398     
   3.73374300378982     
   3.56562662856996     
   3.48413912062750     
   3.57163233079571     
   3.42941340694597     
   3.33136487904333     
   3.11924254163479     
   3.20977938330003     
   2.92549339156082     
   2.96718329397981     
   2.89910705219975     
   2.82728387696104     
   2.82285566456338     
   2.50903894932326     
   2.74518231861767     
   2.56859376964627     
   2.41457043493178     
   2.35689320007132     
   2.23443136306019     
   2.19907133890495     
   2.08415708055816     
   2.10309562840668     
   2.00241638176042     
   1.89905972217168     
   1.93573986579493     
   1.79694599212524     
   1.76243882938232     
   1.72067962749030     
   1.55845573158427     
   1.57849526950172     
   1.51630008396641     
   1.40556168283415     
   1.39916085942759     
   1.29731806592019     
   1.31444370366641     
   1.19568273621723     
   1.15339893571855     
   1.05995264041088     
   1.03374958087063     
   1.07629987814407     
   1.00263080773316     
  0.884191664291252     
  0.902647412930248     
  0.812994667121679     
  0.782404798803863     
  0.747976486430529     
  0.692683305286716     
  0.667894281202831     
  0.610840601057824     
  0.588698330898485     
  0.540170308541213     
  0.509393172150789     
  0.460160390714716     
  0.440110661083946     
  0.423230377597206     
  0.357701311826698     
  0.329065979653048     
  0.306122025986887     
  0.289192785975415     
  0.247360092323195     
  0.224861149110849     
  0.205246324966360     
  0.183570840155006     
  0.168253769554552     
  0.145163782592759     
  0.116478023918624     
  0.105822475178000     
  7.869333384591709E-002
  7.239143617387160E-002
  5.912773841145437E-002
  5.313139589781343E-002
  4.312372756728121E-002
  3.753840512560345E-002
  2.489371591779064E-002
  1.894310160401482E-002
  1.629960390371036E-002
  1.046470179770077E-002
  7.790836661148186E-003
  5.244926040699881E-003
  3.736106392984038E-003
  2.966372930743722E-003
  2.304235746094796E-003
  9.888726861210764E-004
  5.817104371334618E-004
  1.583749989307534E-003
  2.270435387738093E-004
  4.017144946248918E-005
  2.670806975837897E-005
  2.081177542045366E-005
  5.223456308458461E-006
  1.382544386739559E-006
  9.049922659485121E-007
  1.136838515725339E-007
  1.699109722677638E-009
  3.406682657923279E-008
