   5.37756010440981     
   5.99118207527339     
   6.57057834118089     
   7.24047753841890     
   8.17539509235420     
   8.98648670546135     
   10.0466524698107     
   11.3657049667512     
   11.9848207607982     
   13.1349646092971     
   14.7248129144407     
   16.0547363015396     
   17.6214016067616     
   20.2467279707949     
   20.9979323170095     
   23.6716290669009     
   26.5984664753439     
   28.8259495870808     
   31.0533184709583     
   35.2130578953701     
   38.3715592072140     
   41.8034257369064     
   46.6023938467748     
   51.4704017535172     
   55.9894994928098     
   61.9264183343543     
   67.8939495249224     
   74.4183677522659     
   80.8452873263568     
   88.2629585445745     
   98.3756293989405     
   106.694708627724     
   113.858453782434     
   125.988798754967     
   138.547010507792     
   151.772534239910     
   164.688384482178     
   179.680499614212     
   196.801751992396     
   217.335992589113     
   232.312354537934     
   253.560005397521     
   274.591849436807     
   300.486633147325     
   327.731432088998     
   354.678615874171     
   389.691878468570     
   407.086455163102     
   438.782878723593     
   477.487516606208     
   512.942626698369     
   541.543899352496     
   579.644380292019     
   617.625820195111     
   667.841384610704     
   712.751081725134     
   758.485365070138     
   800.433381211426     
   848.390519459554     
   895.813905733583     
   926.905832506348     
   956.937217661910     
   1030.60075934669     
   1058.78801444354     
   1092.49160377825     
   1149.75317240595     
   1165.59126471678     
   1173.50472423657     
   1212.72773274138     
   1208.22356883195     
   1248.00347357805     
   1240.78321608071     
   1209.68780592876     
   1207.32064679908     
   1185.88866664628     
   1138.32653231516     
   1114.98140115929     
   1065.41841014205     
   1020.62349437108     
   955.132726246703     
   884.134746314928     
   825.496823936501     
   762.746360950870     
   699.654521390132     
   624.133877428846     
   563.082522361454     
   521.841168829674     
   445.529349070047     
   388.734607200125     
   362.606054718713     
   307.039425927250     
   287.457091079220     
   254.267333724914     
   226.478178700745     
   220.130216000300     
   201.738368796684     
   200.385780026181     
   203.722416091578     
   196.713854221541     
   201.037215687982     
   193.801282772226     
   198.723286272888     
   210.324958050035     
   208.792644805185     
   219.128986647531     
   232.211391612216     
   229.245292807803     
   217.541483994615     
   253.215032223362     
   259.401957692191     
   275.355062900244     
   257.100409718466     
   266.575676677909     
   294.007792632992     
   288.931362512503     
   306.329636144383     
   301.155151334520     
   317.018764198951     
   306.643184960434     
   331.147925728331     
   340.192897350309     
   318.044846951687     
   343.909621685448     
   349.053710861691     
   359.916694123788     
   380.289471593990     
   377.963187122396     
   390.553850947634     
   389.188826746614     
   395.871968609835     
   414.071894438939     
   425.228653881910     
   427.074662595905     
   423.356311617396     
   437.503700222257     
   444.042884143335     
   446.414994198235     
   448.688019945810     
   437.581713505896     
   480.134120590507     
   475.361065450688     
   481.087165961008     
   491.237005327834     
   499.000958900397     
   533.545560629802     
   521.587576695268     
   522.262216406095     
   524.489958693534     
   528.234231273396     
   532.816922465238     
   545.280713357741     
   542.002728511062     
   551.528768924297     
   582.556031623439     
   554.861089679615     
   580.189017913527     
   579.870139545672     
   562.381062155949     
   579.230071870758     
   589.932742095399     
   580.953578632661     
   588.322463833323     
   607.992276447007     
   582.351732453493     
   580.216449974696     
   592.445122571129     
   618.980371928071     
   592.087267446975     
   611.014737355605     
   587.303822202974     
   578.047244827467     
   591.536508670972     
   612.356131087902     
   595.588641333796     
   611.014014733211     
   614.194828664629     
   601.228475146906     
   588.803512506286     
   604.577629142068     
   602.598491308398     
   577.942538155656     
   590.319183719390     
   569.116927712663     
   563.443985324532     
   581.282912040160     
   574.186456893239     
   574.676821221896     
   575.462147614907     
   548.939444976438     
   560.990177222390     
   569.200536883003     
   558.323810254314     
   559.108020933825     
   546.437756556779     
   559.512808826469     
   528.214089245019     
   540.182824039618     
   570.432758013306     
   533.995509387374     
   519.675769541469     
   551.141322461220     
   513.838190886527     
   517.722485026902     
   534.008663737789     
   511.051836443959     
   488.690208310396     
   510.056885448817     
   522.553343175906     
   486.158291359041     
   536.592589950162     
   496.505343556520     
   508.672412370729     
   515.169540403598     
   531.036875061267     
   507.911524218840     
   510.050285372264     
   519.793626752312     
   532.511211598916     
   498.756358782325     
   529.786354290289     
   526.447855455543     
   508.664263530964     
   522.774305791875     
   533.323466544032     
   537.263261480585     
   532.969474695101     
   536.356338987967     
   538.494110930805     
   544.797242852063     
   555.361062691348     
   544.767577125111     
   557.297727868790     
   574.540330479881     
   556.665028184583     
   550.772715044963     
   580.364637969073     
   575.107815449057     
   573.380283996157     
   607.689378709182     
   587.996961295290     
   565.316006569385     
   607.178857594693     
   611.867483451358     
   605.620826019478     
   618.618160535347     
   607.011592592188     
   617.332513554549     
   646.016973744113     
   641.343864542376     
   625.787925380224     
   645.997608208685     
   632.458182339112     
   652.073274727112     
   661.268450597412     
   662.057221711974     
   661.788265189448     
   648.083492720652     
   649.381136491320     
   657.744230361887     
   645.138866035787     
   678.104268448843     
   674.224642338854     
   674.304610859951     
   688.305956480198     
   701.522112034264     
   705.115280039377     
   729.083310128271     
   717.173529050008     
   695.336865153020     
   688.847270065038     
   706.043317271964     
   703.004823409316     
   709.764663328058     
   722.503185532819     
   732.923678535079     
   711.948244733126     
   721.181045162532     
   707.954396755702     
   713.354004460753     
   707.218747335301     
   704.798777678905     
   695.936475384008     
   729.160553602252     
   726.066582740493     
   722.829252841871     
   761.883597985957     
   789.813421835609     
   765.462428675527     
   760.681818527342     
   765.698643905748     
   769.755151868250     
   760.201761354794     
   760.896675067509     
   743.586380354018     
   782.635457305624     
   796.853931649128     
   794.613796904543     
   764.031416454145     
   764.122371423307     
   791.419282031650     
   786.470616601613     
   819.387181180165     
   816.798281729742     
   811.315373704223     
   806.366350936851     
   814.180748456342     
   831.037604564215     
   817.268058271651     
   855.581575696095     
   846.207673013485     
   850.377536979475     
   859.824665875286     
   884.567367486031     
   874.128668359062     
   896.749266873672     
   882.770776821061     
   903.438658468383     
   910.801481152696     
   943.132368167554     
   923.403020554100     
   953.039562943063     
   972.985905156923     
   976.363209300582     
   970.594556654072     
   1006.88058092966     
   1033.05733016088     
   1042.34561749973     
   1028.86064453402     
   1082.07856504550     
   1098.10634683121     
   1115.10294036530     
   1100.01977150270     
   1165.10779551419     
   1142.20765974481     
   1173.09390364549     
   1219.99912558387     
   1236.09125116570     
   1279.40216779557     
   1261.82724666449     
   1320.40530172985     
   1323.01780624318     
   1353.42624749016     
   1393.07063422305     
   1430.17826081705     
   1472.03115306475     
   1461.19681413988     
   1531.21233405769     
   1534.24595905903     
   1592.77608650675     
   1600.76796931194     
   1642.24320014761     
   1677.55283331137     
   1721.67809891074     
   1776.35108357197     
   1814.33070467210     
   1840.92014818999     
   1844.28231751764     
   1890.50482373328     
   1968.59326558293     
   2025.07269499825     
   2047.79124526729     
   2102.62233581826     
   2166.59743280508     
   2262.65065059854     
   2285.82252034582     
   2347.18795257919     
   2285.78773617688     
   2453.89649928279     
   2463.55705294505     
   2551.84258290235     
   2580.37725681517     
   2596.24369674489     
   2682.90754915371     
   2697.70248482171     
   2825.53359781378     
   2837.30425205226     
   2989.45057996166     
   2884.68623479197     
   3036.60527325674     
   3161.54380300140     
   3150.11990370192     
   3220.20012504752     
   3333.28393851917     
   3368.36771688619     
   3461.87195906732     
   3495.74224880904     
   3575.02921418837     
   3675.57095290363     
   3666.08533690909     
   3683.43642311651     
   3854.16317159967     
   3868.23535864570     
   3888.09749776771     
   4056.47926680692     
   4069.60070664905     
   4177.40334735954     
   4338.27797014320     
   4370.55736499703     
   4320.20581010973     
   4489.30845663477     
   4444.57251093891     
   4591.90309164742     
   4617.47540198177     
   4689.75510846200     
   4729.99320306505     
   4738.10480998794     
   4790.90074422650     
   4959.03069569658     
   5034.90038572085     
   5102.16687063128     
   5052.53851121254     
   5119.74777423718     
   5338.43133436144     
   5339.94828849821     
   5346.41582030770     
   5378.22400120917     
   5465.58752707047     
   5525.42986999531     
   5595.36904746736     
   5690.88648725813     
   5701.43394960269     
   5654.20955797646     
   5800.26039677947     
   5935.04971035279     
   5903.27255423711     
   6060.91702063670     
   6087.18104303424     
   6234.08896872362     
   6192.92239697955     
   6344.92605676291     
   6333.14167568591     
   6325.43382823073     
   6275.91753123124     
   6316.89313554286     
   6398.50829899891     
   6475.01384780631     
   6598.77554017361     
   6658.87287295372     
   6451.42351729461     
   6555.61332830179     
   6664.52319670594     
   6728.39541017063     
   6620.44856311867     
   6862.01550740974     
   6721.93449741779     
   6843.44578709458     
   6825.95163053761     
   6920.45543643998     
   6856.37277614140     
   6763.86162240919     
   6697.97611279286     
   6698.84187154554     
   6655.14566402112     
   6581.17958818951     
   6521.44477700072     
   6404.50220198712     
   6318.55466891628     
   6169.87139690601     
   6048.38213415998     
   5900.94186102836     
   5687.32651616898     
   5453.98200922472     
   5181.75631659303     
   4978.64920193864     
   4779.32864717810     
   4455.12517045369     
   4137.13119392524     
   3873.40359055100     
   3493.94798284515     
   3074.93556144255     
   2933.18594576826     
   2557.23277102088     
   2308.40352661369     
   1987.65437634859     
   1736.62109730970     
   1521.36312360909     
   1230.06609927990     
   1041.17710474833     
   821.143012315475     
   648.179864393743     
   552.177061840248     
   404.097229886853     
   294.969622640974     
   241.413758529796     
   168.871303068321     
   124.697523851403     
   85.6647829044223     
   52.5746808527542     
   45.5399218595129     
   23.9723186104068     
   15.4508991053824     
   10.9934740259184     
   6.52419818381928     
   4.21074186324944     
  0.477772950751855     
  0.421815581813629     
  0.151623430754349     
  8.023898421260774E-002
  7.535707233017844E-002
  1.132052729405846E-002
  1.876517383582717E-004
