  6.649958821629127E-025
  6.649958143051560E-025
  6.649957459025430E-025
  6.649956769428613E-025
  6.649956074248106E-025
  6.649955373519477E-025
  6.649954667024681E-025
  6.649953954727106E-025
  6.649953236874669E-025
  6.649952513078527E-025
  6.649951783477194E-025
  6.649951048010137E-025
  6.649950306618687E-025
  6.649949559003186E-025
  6.649948805376104E-025
  6.649948045836652E-025
  6.649947280169805E-025
  6.649946508500258E-025
  6.649945730181890E-025
  6.649944945545257E-025
  6.649944154126175E-025
  6.649943357317878E-025
  6.649942553284095E-025
  6.649941743835866E-025
  6.649940926674645E-025
  6.649940103074729E-025
  6.649939273456895E-025
  6.649938436451154E-025
  6.649937592845266E-025
  6.649936742382824E-025
  6.649935886456903E-025
  6.649935021578130E-025
  6.649934150920322E-025
  6.649933272383528E-025
  6.649932386314334E-025
  6.649931495851128E-025
  6.649930597084351E-025
  6.649929690480235E-025
  6.649928773718229E-025
  6.649927852455268E-025
  6.649926920326787E-025
  6.649925985477020E-025
  6.649925037725075E-025
  6.649924093942914E-025
  6.649923128605467E-025
  6.649922168238665E-025
  6.649921185247917E-025
  6.649920210513103E-025
  6.649919211363373E-025
  6.649918214073899E-025
  6.649917207517104E-025
  6.649916190446319E-025
  6.649915178084716E-025
  6.649914128456063E-025
  6.649913108284166E-025
  6.649912047569110E-025
  6.649910983287483E-025
  6.649909921229711E-025
  6.649908843482998E-025
  6.649907748398233E-025
  6.649906692792821E-025
  6.649905580579012E-025
  6.649904447895089E-025
  6.649903369646136E-025
  6.649902180173188E-025
  6.649901098537136E-025
  6.649899934240763E-025
  6.649898790678903E-025
  6.649897636997420E-025
  6.649896436431849E-025
  6.649895222388543E-025
  6.649894073103076E-025
  6.649892883030898E-025
  6.649891736443003E-025
  6.649890416366062E-025
  6.649889167167713E-025
  6.649887952476422E-025
  6.649886716592331E-025
  6.649885477594712E-025
  6.649884200337368E-025
  6.649882813970514E-025
  6.649881514089314E-025
  6.649880303572837E-025
  6.649879097241483E-025
  6.649877655888339E-025
  6.649876328354534E-025
  6.649874875498515E-025
  6.649873594151353E-025
  6.649872333531148E-025
  6.649870839990119E-025
  6.649869605724537E-025
  6.649868360526455E-025
  6.649866580719440E-025
  6.649865358453560E-025
  6.649863760856960E-025
  6.649862350087896E-025
  6.649860837112423E-025
  6.649859127427665E-025
  6.649857901277485E-025
  6.649856064917819E-025
  6.649854862225517E-025
  6.649853741077352E-025
  6.649851872663392E-025
  6.649850567623731E-025
  6.649848722151872E-025
  6.649847406880367E-025
  6.649845616622826E-025
  6.649844037105153E-025
  6.649842221874939E-025
  6.649840899684811E-025
  6.649839434603435E-025
  6.649837511988463E-025
  6.649835680010928E-025
  6.649833994776463E-025
  6.649832848806687E-025
  6.649831063419513E-025
  6.649828899121138E-025
  6.649827384693896E-025
  6.649825323881741E-025
  6.649824284881765E-025
  6.649821785733894E-025
  6.649820323248764E-025
  6.649818802530270E-025
  6.649816528353826E-025
  6.649814440806303E-025
  6.649812896216651E-025
  6.649811082531306E-025
  6.649810220482640E-025
  6.649807383773934E-025
  6.649806100048618E-025
  6.649803666505937E-025
  6.649800791352448E-025
  6.649800160359103E-025
  6.649798365366475E-025
  6.649795271519614E-025
  6.649792887801218E-025
  6.649790831902425E-025
  6.649791081482763E-025
  6.649786693631767E-025
  6.649785215795710E-025
  6.649783997826393E-025
  6.649784267626784E-025
  6.649781000302566E-025
  6.649776854176593E-025
  6.649775522810752E-025
  6.649774082576839E-025
  6.649771865377264E-025
  6.649767390772091E-025
  6.649765422356828E-025
  6.649762831952650E-025
  6.649762983730700E-025
  6.649757812837891E-025
  6.649756906612765E-025
  6.649759199398078E-025
  6.649753369453729E-025
  6.649752145041456E-025
  6.649747957492305E-025
  6.649744731403328E-025
  6.649744665533515E-025
  6.649739956459034E-025
  6.649737087155235E-025
  6.649738011048121E-025
  6.649733895651569E-025
  6.649731075983611E-025
  6.649725179087327E-025
  6.649727451505494E-025
  6.649721823883561E-025
  6.649720241871645E-025
  6.649719328168056E-025
  6.649713122379962E-025
  6.649712087321031E-025
  6.649711918506795E-025
  6.649702860375826E-025
  6.649704168074565E-025
  6.649701548191428E-025
  6.649700540973962E-025
  6.649695896007743E-025
  6.649691975261535E-025
  6.649689859044432E-025
  6.649685724640778E-025
  6.649681205285630E-025
  6.649681387030454E-025
  6.649678215662151E-025
  6.649674308972053E-025
  6.649674393889931E-025
  6.649669054966782E-025
  6.649669831974612E-025
  6.649670386774816E-025
  6.649658825231495E-025
  6.649661275017465E-025
  6.649654372574542E-025
  6.649648265926952E-025
  6.649655684590944E-025
  6.649649692204672E-025
  6.649643590585171E-025
  6.649633809677848E-025
  6.649639031847841E-025
  6.649630597867464E-025
  6.649628242725013E-025
  6.649622839953996E-025
  6.649621241907827E-025
  6.649627551586694E-025
  6.649624049803165E-025
  6.649604632956491E-025
  6.649597957610090E-025
  6.649608867222621E-025
  6.649609323614783E-025
  6.649602995870152E-025
  6.649598550300216E-025
  6.649592202200487E-025
  6.649573501371346E-025
  6.649579067634837E-025
  6.649584054817291E-025
  6.649580136182843E-025
  6.649574354178259E-025
  6.649569863810555E-025
  6.649558273893067E-025
  6.649562942951243E-025
  6.649555310417507E-025
  6.649566765879303E-025
  6.649548976434122E-025
  6.649549860044292E-025
  6.649538741702926E-025
  6.649526172680669E-025
  6.649531745074735E-025
  6.649526236497141E-025
  6.649520694794815E-025
  6.649523641282082E-025
  6.649522302869877E-025
  6.649517174664417E-025
  6.649508594697525E-025
  6.649500479269945E-025
  6.649505516512030E-025
  6.649490728793531E-025
  6.649487848711110E-025
  6.649475149815542E-025
  6.649472188820380E-025
  6.649471132220136E-025
  6.649469069892024E-025
  6.649458832000483E-025
  6.649450799666173E-025
  6.649456135669299E-025
  6.649456830227266E-025
  6.649446627876935E-025
  6.649444955499875E-025
  6.649439222901412E-025
  6.649437628370228E-025
  6.649425406341116E-025
  6.649428746659446E-025
  6.649432684189148E-025
  6.649414653487164E-025
  6.649403580310752E-025
  6.649402361382207E-025
  6.649407334530315E-025
  6.649394633682598E-025
  6.649381540470112E-025
  6.649387006042874E-025
  6.649373274161557E-025
  6.649368793780504E-025
  6.649360388602100E-025
  6.649360506818410E-025
  6.649338240742906E-025
  6.649357616013949E-025
  6.649350763814271E-025
  6.649333943436727E-025
  6.649332827668747E-025
  6.649319392623508E-025
  6.649314797033835E-025
  6.649326685353616E-025
  6.649299203408392E-025
  6.649288087641734E-025
  6.649303547067930E-025
  6.649298642223402E-025
  6.649287286281860E-025
  6.649283762348786E-025
  6.649271362170041E-025
  6.649270394103942E-025
  6.649269307179855E-025
  6.649256267010126E-025
  6.649262979660219E-025
  6.649247881180845E-025
  6.649237918682604E-025
  6.649222640880914E-025
  6.649219823655554E-025
  6.649221641612762E-025
  6.649207961982096E-025
  6.649199602809653E-025
  6.649202769130720E-025
  6.649173756553170E-025
  6.649191107826326E-025
  6.649177922060362E-025
  6.649162813819123E-025
  6.649153729021225E-025
  6.649154351619926E-025
  6.649140055003947E-025
  6.649150892476025E-025
  6.649130659786210E-025
  6.649123017055507E-025
  6.649106080415481E-025
  6.649104701854326E-025
  6.649085382839319E-025
  6.649090198718587E-025
  6.649096099433725E-025
  6.649077805048159E-025
  6.649070490626793E-025
  6.649056853978671E-025
  6.649062777834466E-025
  6.649048463524007E-025
  6.649031063480257E-025
  6.649043667016729E-025
  6.649030603205240E-025
  6.649007792093964E-025
  6.649018035887913E-025
  6.648998703102153E-025
  6.648985100716968E-025
  6.648965475813192E-025
  6.648982671236421E-025
  6.648966456986300E-025
  6.648946238810604E-025
  6.648946104556662E-025
  6.648940240029864E-025
  6.648940517995370E-025
  6.648921626077093E-025
  6.648901145824120E-025
  6.648905332575329E-025
  6.648891367774044E-025
  6.648881363106837E-025
  6.648859696042596E-025
  6.648867526126880E-025
  6.648860216989438E-025
  6.648850080776964E-025
  6.648836893101379E-025
  6.648831452416512E-025
  6.648813579594645E-025
  6.648795830795701E-025
  6.648797433308023E-025
  6.648791325762644E-025
  6.648786167675057E-025
  6.648761988183664E-025
  6.648751215915915E-025
  6.648745281271419E-025
  6.648742801346338E-025
  6.648725516602905E-025
  6.648710407078352E-025
  6.648697365841595E-025
  6.648690263444910E-025
  6.648668567637088E-025
  6.648677068664370E-025
  6.648656082621697E-025
  6.648652645968393E-025
  6.648633882401192E-025
  6.648628252717268E-025
  6.648619088137728E-025
  6.648601845380766E-025
  6.648580490965522E-025
  6.648585512975477E-025
  6.648567716639674E-025
  6.648559115508384E-025
  6.648549177440140E-025
  6.648532475077661E-025
  6.648508205208489E-025
  6.648511263297021E-025
  6.648492842490250E-025
  6.648479344622029E-025
  6.648465891394975E-025
  6.648453212562641E-025
  6.648437026701048E-025
  6.648432326615874E-025
  6.648407850658337E-025
  6.648404988600374E-025
  6.648393071837074E-025
  6.648386085152781E-025
  6.648371883218134E-025
  6.648349769667723E-025
  6.648325939380829E-025
  6.648314590323566E-025
  6.648298856432335E-025
  6.648288878567018E-025
  6.648287061517343E-025
  6.648265496099458E-025
  6.648251463887916E-025
  6.648239414264249E-025
  6.648218667317054E-025
  6.648206294468517E-025
  6.648187069776680E-025
  6.648175177253482E-025
  6.648157137542618E-025
  6.648145212644051E-025
  6.648132851940696E-025
  6.648118623545582E-025
  6.648103772160577E-025
  6.648083997468984E-025
  6.648068269026939E-025
  6.648049396816881E-025
  6.648040490627956E-025
  6.648017625904767E-025
  6.648006246442943E-025
  6.647984313118768E-025
  6.647973248836908E-025
  6.647959563425281E-025
  6.647942529106882E-025
  6.647919595627548E-025
  6.647901222722801E-025
  6.647885802523682E-025
  6.647867995772631E-025
  6.647850732291801E-025
  6.647833077637341E-025
  6.647813974937036E-025
  6.647797329525206E-025
  6.647778280665745E-025
  6.647758654520040E-025
  6.647744351744558E-025
  6.647726745235188E-025
  6.647705595676721E-025
  6.647686415363971E-025
  6.647669017488450E-025
  6.647645059757225E-025
  6.647628351206293E-025
  6.647607957711324E-025
  6.647588955561733E-025
  6.647569063404695E-025
  6.647555065979523E-025
  6.647527907770093E-025
  6.647511659990919E-025
  6.647487089957841E-025
  6.647469817137668E-025
  6.647446825746053E-025
  6.647423459844924E-025
  6.647403444884890E-025
  6.647383110137129E-025
  6.647362000316816E-025
  6.647337384058900E-025
  6.647320080443367E-025
  6.647294421202162E-025
  6.647275855971047E-025
  6.647250925518108E-025
  6.647227999376620E-025
  6.647207066976398E-025
  6.647185584411358E-025
  6.647159691913047E-025
  6.647138720670427E-025
  6.647114160300023E-025
  6.647090258634139E-025
  6.647065797027403E-025
  6.647039199232338E-025
  6.647018045118480E-025
  6.646993989763898E-025
  6.646966521367297E-025
  6.646942612813964E-025
  6.646920897582596E-025
  6.646895845382991E-025
  6.646869404535521E-025
  6.646841138868282E-025
  6.646814707727091E-025
  6.646788227378573E-025
  6.646764642695755E-025
  6.646736014725075E-025
  6.646710430448191E-025
  6.646681652608300E-025
  6.646655644821751E-025
  6.646629981188737E-025
  6.646601708924900E-025
  6.646573894962688E-025
  6.646545581376449E-025
  6.646515071447208E-025
  6.646490483913762E-025
  6.646459796543096E-025
  6.646429935334077E-025
  6.646402202686855E-025
  6.646372867595011E-025
  6.646342254231956E-025
  6.646314774957723E-025
  6.646283704999280E-025
  6.646254045910625E-025
  6.646221911753755E-025
  6.646190906081782E-025
  6.646159794388459E-025
  6.646129921785642E-025
  6.646098567648136E-025
  6.646064218930436E-025
  6.646034180430707E-025
  6.645999840537088E-025
  6.645967962474914E-025
  6.645934369679927E-025
  6.645902419209891E-025
  6.645868857990871E-025
  6.645836621405144E-025
  6.645801254218429E-025
  6.645769037950277E-025
  6.645731359057135E-025
  6.645695463679273E-025
  6.645662846215771E-025
  6.645625636963167E-025
  6.645589153853799E-025
  6.645555492424126E-025
  6.645519094465715E-025
  6.645481218635156E-025
  6.645445198159653E-025
  6.645408918595924E-025
  6.645369100940869E-025
  6.645333019667960E-025
  6.645295638146938E-025
  6.645256842164460E-025
  6.645217472418577E-025
  6.645178725894303E-025
  6.645140140643831E-025
  6.645099258855419E-025
  6.645060644771012E-025
  6.645019982369308E-025
  6.644979514193913E-025
  6.644937826773783E-025
  6.644896904940021E-025
  6.644854646006223E-025
  6.644813715294577E-025
  6.644771014834633E-025
  6.644728992211120E-025
  6.644685726411956E-025
  6.644643269330394E-025
  6.644597832333517E-025
  6.644555114508278E-025
  6.644509884942192E-025
  6.644465221411572E-025
  6.644421033857448E-025
  6.644374517548349E-025
  6.644328594788304E-025
  6.644283426724360E-025
  6.644236735595046E-025
  6.644189908838275E-025
  6.644141891200341E-025
  6.644094725373620E-025
  6.644047291630211E-025
  6.643998028948557E-025
  6.643949294465602E-025
  6.643900211722983E-025
  6.643850498711730E-025
  6.643801282650963E-025
  6.643750466288785E-025
  6.643699526990920E-025
  6.643648034218059E-025
  6.643596219015712E-025
  6.643544991930876E-025
  6.643492412784589E-025
  6.643438716465030E-025
  6.643385571739832E-025
  6.643331554525089E-025
  6.643278062503124E-025
  6.643222689293933E-025
  6.643167825420307E-025
  6.643112890471311E-025
  6.643056217524664E-025
  6.643000055977851E-025
  6.642943857519448E-025
  6.642885760852073E-025
  6.642827771509179E-025
  6.642769593185015E-025
  6.642711169133783E-025
  6.642651517776330E-025
  6.642591773494433E-025
  6.642531745449581E-025
  6.642471294626709E-025
  6.642410075222197E-025
  6.642348711416152E-025
  6.642287083900564E-025
  6.642223823160991E-025
  6.642160783176437E-025
  6.642097282605403E-025
  6.642032868602786E-025
  6.641968378523705E-025
  6.641902856021684E-025
  6.641837435358405E-025
  6.641771054738457E-025
  6.641704197244207E-025
  6.641637130387017E-025
  6.641568964411120E-025
  6.641500406649016E-025
  6.641431773158847E-025
  6.641362355962114E-025
  6.641291979709200E-025
  6.641221434538987E-025
  6.641150591431383E-025
  6.641078748796628E-025
  6.641006194087633E-025
  6.640933279460756E-025
  6.640859742750541E-025
  6.640785610767423E-025
  6.640710965917994E-025
  6.640635609023848E-025
  6.640559664464787E-025
  6.640483053679056E-025
  6.640406144476457E-025
  6.640328404966311E-025
  6.640249710589085E-025
  6.640170840725839E-025
  6.640091163286013E-025
  6.640010903107367E-025
  6.639929978335183E-025
  6.639848543856227E-025
  6.639766307684636E-025
  6.639683248479899E-025
  6.639599341319944E-025
  6.639515024464758E-025
  6.639430481745702E-025
  6.639344577443693E-025
  6.639258452049694E-025
  6.639171449220407E-025
  6.639083644863889E-025
  6.638995245637396E-025
  6.638906217197353E-025
  6.638816304737798E-025
  6.638725774969115E-025
  6.638634650762745E-025
  6.638542342822648E-025
  6.638449752016674E-025
  6.638356254868100E-025
  6.638261917170145E-025
  6.638166848128909E-025
  6.638071036153162E-025
  6.637974488810114E-025
  6.637877219562653E-025
  6.637779214439596E-025
  6.637680238593936E-025
  6.637580438189855E-025
  6.637479959450195E-025
  6.637378626253407E-025
  6.637276527322393E-025
  6.637173591483381E-025
  6.637069823163864E-025
  6.636965293109000E-025
  6.636859740417124E-025
  6.636753587963961E-025
  6.636646368323971E-025
  6.636538405920739E-025
  6.636429446742921E-025
  6.636319724928703E-025
  6.636209035218874E-025
  6.636097555335683E-025
  6.635985172012626E-025
  6.635871918562414E-025
  6.635757642453683E-025
  6.635642503387541E-025
  6.635526395715011E-025
  6.635409439207120E-025
  6.635291482771791E-025
  6.635172579844498E-025
  6.635052767303740E-025
  6.634931932407370E-025
  6.634810167477571E-025
  6.634687419404845E-025
  6.634563706581963E-025
  6.634439056876887E-025
  6.634313347236004E-025
  6.634186601697320E-025
  6.634058820674811E-025
  6.633930013196259E-025
  6.633800232463390E-025
  6.633669391203389E-025
  6.633537450174506E-025
  6.633404511526104E-025
  6.633270478653966E-025
  6.633135368432952E-025
  6.632999168924750E-025
  6.632861946659413E-025
  6.632723605669662E-025
  6.632584084549855E-025
  6.632443481785119E-025
  6.632301795176126E-025
  6.632158879801976E-025
  6.632014881226419E-025
  6.631869753933139E-025
  6.631723394342611E-025
  6.631575874884648E-025
  6.631427255278365E-025
  6.631277383612357E-025
  6.631126271188887E-025
  6.630974028490284E-025
  6.630820526520809E-025
  6.630665796358444E-025
  6.630509813292214E-025
  6.630352599347881E-025
  6.630194125252307E-025
  6.630034377093898E-025
  6.629873357782464E-025
  6.629711088696369E-025
  6.629547428480568E-025
  6.629382533206357E-025
  6.629216270215685E-025
  6.629048729511689E-025
  6.628879813652972E-025
  6.628709579833762E-025
  6.628537952929485E-025
  6.628364911824449E-025
  6.628190561730779E-025
  6.628014775151625E-025
  6.627837609952676E-025
  6.627659001930689E-025
  6.627479009561120E-025
  6.627297524469526E-025
  6.627114634684558E-025
  6.626930257827347E-025
  6.626744398542286E-025
  6.626557089198036E-025
  6.626368267304848E-025
  6.626177921420481E-025
  6.625986077541057E-025
  6.625792662777355E-025
  6.625597743991464E-025
  6.625401266914537E-025
  6.625203204341806E-025
  6.625003564573963E-025
  6.624802309886087E-025
  6.624599483232957E-025
  6.624395027434857E-025
  6.624188925302488E-025
  6.623981204160306E-025
  6.623771815388472E-025
  6.623560747424959E-025
  6.623348002764080E-025
  6.623133557481057E-025
  6.622917414510118E-025
  6.622699519705895E-025
  6.622479919341050E-025
  6.622258555738327E-025
  6.622035425536905E-025
  6.621810526046768E-025
  6.621583821509543E-025
  6.621355310533224E-025
  6.621124991584070E-025
  6.620892842420601E-025
  6.620658820650745E-025
  6.620422951856580E-025
  6.620185210873524E-025
  6.619945557800591E-025
  6.619704007800485E-025
  6.619460539818428E-025
  6.619215119928612E-025
  6.618967757963258E-025
  6.618718425763147E-025
  6.618467107025770E-025
  6.618213800372167E-025
  6.617958469469444E-025
  6.617701107995596E-025
  6.617441708114602E-025
  6.617180233934867E-025
  6.616916692867816E-025
  6.616651041363509E-025
  6.616383293661628E-025
  6.616113417306321E-025
  6.615841394077206E-025
  6.615567207176744E-025
  6.615290838151139E-025
  6.615012281975597E-025
  6.614731526854392E-025
  6.614448525801722E-025
  6.614163283200791E-025
  6.613875777026183E-025
  6.613585991295527E-025
  6.613293900463314E-025
  6.612999496498467E-025
  6.612702766941234E-025
  6.612403671471285E-025
  6.612102213222069E-025
  6.611798356972934E-025
  6.611492099085823E-025
  6.611183413221618E-025
  6.610872276087868E-025
  6.610558685157944E-025
  6.610242602799619E-025
  6.609924022145922E-025
  6.609602914523054E-025
  6.609279267178472E-025
  6.608953054692566E-025
  6.608624265141781E-025
  6.608292874673909E-025
  6.607958859092517E-025
  6.607622205917140E-025
  6.607282889931185E-025
  6.606940888393493E-025
  6.606596184982634E-025
  6.606248757734386E-025
  6.605898587193087E-025
  6.605545645355432E-025
  6.605189920447283E-025
  6.604831383494541E-025
  6.604470016443886E-025
  6.604105796519174E-025
  6.603738704978532E-025
  6.603368713491494E-025
  6.602995803517623E-025
  6.602619951432660E-025
  6.602241138229542E-025
  6.601859338679376E-025
  6.601474525645761E-025
  6.601086681280518E-025
  6.600695781825656E-025
  6.600301801922257E-025
  6.599904718188495E-025
  6.599504512131034E-025
  6.599101150202604E-025
  6.598694615674354E-025
  6.598284883894514E-025
  6.597871924196583E-025
  6.597455720619453E-025
  6.597036240730171E-025
  6.596613465051767E-025
  6.596187365041508E-025
  6.595757918582075E-025
  6.595325094605595E-025
  6.594888872793920E-025
  6.594449226182029E-025
  6.594006126500628E-025
  6.593559549480974E-025
  6.593109468946588E-025
  6.592655856170438E-025
  6.592198686585440E-025
  6.591737929802522E-025
  6.591273564224839E-025
  6.590805558307090E-025
  6.590333884201517E-025
  6.589858515366471E-025
  6.589379424351808E-025
  6.588896582668142E-025
  6.588409960276450E-025
  6.587919532556495E-025
  6.587425265408721E-025
  6.586927133667924E-025
  6.586425107866886E-025
  6.585919156604844E-025
  6.585409252646833E-025
  6.584895364587364E-025
  6.584377462680121E-025
  6.583855516931455E-025
  6.583329497067322E-025
  6.582799372418527E-025
  6.582265113115500E-025
  6.581726685565661E-025
  6.581184060788174E-025
  6.580637206651023E-025
  6.580086091034322E-025
  6.579530682440906E-025
  6.578970949257063E-025
  6.578406858066428E-025
  6.577838376685650E-025
  6.577265472333977E-025
  6.576688112112029E-025
  6.576106263210349E-025
  6.575519890852070E-025
  6.574928962476373E-025
  6.574333443676671E-025
  6.573733300857524E-025
  6.573128498880505E-025
  6.572519003923044E-025
  6.571904780503255E-025
  6.571285793550874E-025
  6.570662008289763E-025
  6.570033388951309E-025
  6.569399899377647E-025
  6.568761503753740E-025
  6.568118165575792E-025
  6.567469848806617E-025
  6.566816516705258E-025
  6.566158131776063E-025
  6.565494657286585E-025
  6.564826055519231E-025
  6.564152288326302E-025
  6.563473318421495E-025
  6.562789107292821E-025
  6.562099616230322E-025
  6.561404807157902E-025
  6.560704640305128E-025
  6.559999076905393E-025
  6.559288077473449E-025
  6.558571601514227E-025
  6.557849610070768E-025
  6.557122062192060E-025
  6.556388917661389E-025
  6.555650135667675E-025
  6.554905675213548E-025
  6.554155494721874E-025
  6.553399552642874E-025
  6.552637807147621E-025
  6.551870216231034E-025
  6.551096737413001E-025
  6.550317328571628E-025
  6.549531945958961E-025
  6.548740547008989E-025
  6.547943087503733E-025
  6.547139524497834E-025
  6.546329813786769E-025
  6.545513910878463E-025
  6.544691771472761E-025
  6.543863350238671E-025
  6.543028602660711E-025
  6.542187483139075E-025
  6.541339945762480E-025
  6.540485944829434E-025
  6.539625433851666E-025
  6.538758366623602E-025
  6.537884695950032E-025
  6.537004374986369E-025
  6.536117356460830E-025
  6.535223592251376E-025
  6.534323034838559E-025
  6.533415635866847E-025
  6.532501346632440E-025
  6.531580118454760E-025
  6.530651902316848E-025
  6.529716648626409E-025
  6.528774307389909E-025
  6.527824829096474E-025
  6.526868163103286E-025
  6.525904259136306E-025
  6.524933065922001E-025
  6.523954532471371E-025
  6.522968607224895E-025
  6.521975238504333E-025
  6.520974374014057E-025
  6.519965961404474E-025
  6.518949948096387E-025
  6.517926280831732E-025
  6.516894906561065E-025
  6.515855771589486E-025
  6.514808821844019E-025
  6.513754003270894E-025
  6.512691261252416E-025
  6.511620540975835E-025
  6.510541787157810E-025
  6.509454944473830E-025
  6.508359957074918E-025
  6.507256768975070E-025
  6.506145323577338E-025
  6.505025564383760E-025
  6.503897434360312E-025
  6.502760876076393E-025
  6.501615831813937E-025
  6.500462243817829E-025
  6.499300053653640E-025
  6.498129202765308E-025
  6.496949632278686E-025
  6.495761282987820E-025
  6.494564095333240E-025
  6.493358009390127E-025
  6.492142965150464E-025
  6.490918902014603E-025
  6.489685759145577E-025
  6.488443475541163E-025
  6.487191989693037E-025
  6.485931239847116E-025
  6.484661164014354E-025
  6.483381699646567E-025
  6.482092784148271E-025
  6.480794354463765E-025
  6.479486347185590E-025
  6.478168698793494E-025
  6.476841345189235E-025
  6.475504222105498E-025
  6.474157264867891E-025
  6.472800408640427E-025
  6.471433588116983E-025
  6.470056737695182E-025
  6.468669791522105E-025
  6.467272683348476E-025
  6.465865346649225E-025
  6.464447714601619E-025
  6.463019720055252E-025
  6.461581295489745E-025
  6.460132373121741E-025
  6.458672884889501E-025
  6.457202762276248E-025
  6.455721936580798E-025
  6.454230338763259E-025
  6.452727899412422E-025
  6.451214548891630E-025
  6.449690217178451E-025
  6.448154833932830E-025
  6.446608328594511E-025
  6.445050630195777E-025
  6.443481667440496E-025
  6.441901368895761E-025
  6.440309662586545E-025
  6.438706476428690E-025
  6.437091737897693E-025
  6.435465374236919E-025
  6.433827312336305E-025
  6.432177478827155E-025
  6.430515800018495E-025
  6.428842201922199E-025
  6.427156610260040E-025
  6.425458950378936E-025
  6.423749147460005E-025
  6.422027126279421E-025
  6.420292811388534E-025
  6.418546126975844E-025
  6.416786997037118E-025
  6.415015345135040E-025
  6.413231094691758E-025
  6.411434168774880E-025
  6.409624490133054E-025
  6.407801981289190E-025
  6.405966564458141E-025
  6.404118161559803E-025
  6.402256694282301E-025
  6.400382084021358E-025
  6.398494251843592E-025
  6.396593118622347E-025
  6.394678604922854E-025
  6.392750631022511E-025
  6.390809116979359E-025
  6.388853982557363E-025
  6.386885147242004E-025
  6.384902530333083E-025
  6.382906050795714E-025
  6.380895627369424E-025
  6.378871178558364E-025
  6.376832622601242E-025
  6.374779877493066E-025
  6.372712860971447E-025
  6.370631490598848E-025
  6.368535683588179E-025
  6.366425357028901E-025
  6.364300427699481E-025
  6.362160812210922E-025
  6.360006426910736E-025
  6.357837187918000E-025
  6.355653011172396E-025
  6.353453812366358E-025
  6.351239506981925E-025
  6.349010010316340E-025
  6.346765237435147E-025
  6.344505103203526E-025
  6.342229522323271E-025
  6.339938409265849E-025
  6.337631678323492E-025
  6.335309243603205E-025
  6.332971019025980E-025
  6.330616918353451E-025
  6.328246855138627E-025
  6.325860742801878E-025
  6.323458494572945E-025
  6.321040023520924E-025
  6.318605242573142E-025
  6.316154064496270E-025
  6.313686401908473E-025
  6.311202167267017E-025
  6.308701272931380E-025
  6.306183631093368E-025
  6.303649153818087E-025
  6.301097753072355E-025
  6.298529340656989E-025
  6.295943828311680E-025
  6.293341127631043E-025
  6.290721150120141E-025
  6.288083807175147E-025
  6.285429010106422E-025
  6.282756670144014E-025
  6.280066698414759E-025
  6.277359005987681E-025
  6.274633503850998E-025
  6.271890102930562E-025
  6.269128714099606E-025
  6.266349248158893E-025
  6.263551615879690E-025
  6.260735727980785E-025
  6.257901495156138E-025
  6.255048828059599E-025
  6.252177637325364E-025
  6.249287833570821E-025
  6.246379327407899E-025
  6.243452029445181E-025
  6.240505850278425E-025
  6.237540700535002E-025
  6.234556490846262E-025
  6.231553131869546E-025
  6.228530534292393E-025
  6.225488608837536E-025
  6.222427266275173E-025
  6.219346417423659E-025
  6.216245973170419E-025
  6.213125844447757E-025
  6.209985942282394E-025
  6.206826177773356E-025
  6.203646462109306E-025
  6.200446706569305E-025
  6.197226822546882E-025
  6.193986721541048E-025
  6.190726315169120E-025
  6.187445515180515E-025
  6.184144233453036E-025
  6.180822382019328E-025
  6.177479873048944E-025
  6.174116618883138E-025
  6.170732532030127E-025
  6.167327525168622E-025
  6.163901511169535E-025
  6.160454403094070E-025
  6.156986114205960E-025
  6.153496557976921E-025
  6.149985648105921E-025
  6.146453298517202E-025
  6.142899423368656E-025
  6.139323937070687E-025
  6.135726754285736E-025
  6.132107789942021E-025
  6.128466959242527E-025
  6.124804177672856E-025
  6.121119361009020E-025
  6.117412425332260E-025
  6.113683287034321E-025
  6.109931862826846E-025
  6.106158069750318E-025
  6.102361825191719E-025
  6.098543046878744E-025
  6.094701652907669E-025
  6.090837561737030E-025
  6.086950692208864E-025
  6.083040963552795E-025
  6.079108295398621E-025
  6.075152607784775E-025
  6.071173821168801E-025
  6.067171856438787E-025
  6.063146634921536E-025
  6.059098078394232E-025
  6.055026109095699E-025
  6.050930649734200E-025
  6.046811623498254E-025
  6.042668954071389E-025
  6.038502565634852E-025
  6.034312382885357E-025
  6.030098331042641E-025
  6.025860335860147E-025
  6.021598323634334E-025
  6.017312221220390E-025
  6.013001956035350E-025
  6.008667456076108E-025
  6.004308649925898E-025
  5.999925466766894E-025
  5.995517836389356E-025
  5.991085689205458E-025
  5.986628956256793E-025
  5.982147569229190E-025
  5.977641460459793E-025
  5.973110562949957E-025
  5.968554810376458E-025
  5.963974137101580E-025
  5.959368478186703E-025
  5.954737769399043E-025
  5.950081947226142E-025
  5.945400948885541E-025
  5.940694712337005E-025
  5.935963176292089E-025
  5.931206280225997E-025
  5.926423964388379E-025
  5.921616169815764E-025
  5.916782838341819E-025
  5.911923912606165E-025
  5.907039336069828E-025
  5.902129053022895E-025
  5.897193008596701E-025
  5.892231148775907E-025
  5.887243420407087E-025
  5.882229771212792E-025
  5.877190149799752E-025
  5.872124505672014E-025
  5.867032789240191E-025
  5.861914951834207E-025
  5.856770945712180E-025
  5.851600724072967E-025
  5.846404241066640E-025
  5.841181451803666E-025
  5.835932312368747E-025
  5.830656779828764E-025
  5.825354812245080E-025
  5.820026368683612E-025
  5.814671409224987E-025
  5.809289894975346E-025
  5.803881788078552E-025
  5.798447051723032E-025
  5.792985650156011E-025
  5.787497548691376E-025
  5.781982713720207E-025
  5.776441112721870E-025
  5.770872714273445E-025
  5.765277488060088E-025
  5.759655404884994E-025
  5.754006436678888E-025
  5.748330556509991E-025
  5.742627738594841E-025
  5.736897958306164E-025
  5.731141192183104E-025
  5.725357417942145E-025
  5.719546614483840E-025
  5.713708761904668E-025
  5.707843841504571E-025
  5.701951835796464E-025
  5.696032728516139E-025
  5.690086504629263E-025
  5.684113150342552E-025
  5.678112653110154E-025
  5.672085001643806E-025
  5.666030185920519E-025
  5.659948197191401E-025
  5.653839027989580E-025
  5.647702672138294E-025
  5.641539124758633E-025
  5.635348382278038E-025
  5.629130442437403E-025
  5.622885304299065E-025
  5.616612968254012E-025
  5.610313436029126E-025
  5.603986710694594E-025
  5.597632796670769E-025
  5.591251699735169E-025
  5.584843427029277E-025
  5.578407987064446E-025
  5.571945389729514E-025
  5.565455646295996E-025
  5.558938769424914E-025
  5.552394773172478E-025
  5.545823672995536E-025
  5.539225485758177E-025
  5.532600229736239E-025
  5.525947924623013E-025
  5.519268591534270E-025
  5.512562253013715E-025
  5.505828933036779E-025
  5.499068657016245E-025
  5.492281451806016E-025
  5.485467345705630E-025
  5.478626368464449E-025
  5.471758551285193E-025
  5.464863926827948E-025
  5.457942529213571E-025
  5.450994394026841E-025
  5.444019558319981E-025
  5.437018060615199E-025
  5.429989940907681E-025
  5.422935240667967E-025
  5.415854002844444E-025
  5.408746271865367E-025
  5.401612093640842E-025
  5.394451515564573E-025
  5.387264586515407E-025
  5.380051356858663E-025
  5.372811878447265E-025
  5.365546204622521E-025
  5.358254390215016E-025
  5.350936491545068E-025
  5.343592566422721E-025
  5.336222674148289E-025
  5.328826875511872E-025
  5.321405232793138E-025
  5.313957809760531E-025
  5.306484671670733E-025
  5.298985885267492E-025
  5.291461518780502E-025
  5.283911641923730E-025
  5.276336325894067E-025
  5.268735643369089E-025
  5.261109668505118E-025
  5.253458476934942E-025
  5.245782145765139E-025
  5.238080753573239E-025
  5.230354380404855E-025
  5.222603107770446E-025
  5.214827018641674E-025
  5.207026197447994E-025
  5.199200730072540E-025
  5.191350703848050E-025
  5.183476207552640E-025
  5.175577331405013E-025
  5.167654167059824E-025
  5.159706807602664E-025
  5.151735347544679E-025
  5.143739882817253E-025
  5.135720510766290E-025
  5.127677330146198E-025
  5.119610441113882E-025
  5.111519945222407E-025
  5.103405945414274E-025
  5.095268546014840E-025
  5.087107852725178E-025
  5.078923972614873E-025
  5.070717014114583E-025
  5.062487087008519E-025
  5.054234302426346E-025
  5.045958772835315E-025
  5.037660612031839E-025
  5.029339935133020E-025
  5.020996858568100E-025
  5.012631500069242E-025
  5.004243978662694E-025
  4.995834414659296E-025
  4.987402929645037E-025
  4.978949646471294E-025
  4.970474689244894E-025
  4.961978183318007E-025
  4.953460255277852E-025
  4.944921032936097E-025
  4.936360645318271E-025
  4.927779222652790E-025
  4.919176896359875E-025
  4.910553799040320E-025
  4.901910064464062E-025
  4.893245827558428E-025
  4.884561224396513E-025
  4.875856392185012E-025
  4.867131469252194E-025
  4.858386595035492E-025
  4.849621910069027E-025
  4.840837555970981E-025
  4.832033675430682E-025
  4.823210412195724E-025
  4.814367911058735E-025
  4.805506317844069E-025
  4.796625779394456E-025
  4.787726443557294E-025
  4.778808459170918E-025
  4.769871976050758E-025
  4.760917144975221E-025
  4.751944117671627E-025
  4.742953046801814E-025
  4.733944085947721E-025
  4.724917389596867E-025
  4.715873113127610E-025
  4.706811412794371E-025
  4.697732445712690E-025
  4.688636369844212E-025
  4.679523343981472E-025
  4.670393527732698E-025
  4.661247081506425E-025
  4.652084166496010E-025
  4.642904944664095E-025
  4.633709578726941E-025
  4.624498232138656E-025
  4.615271069075409E-025
  4.606028254419483E-025
  4.596769953743256E-025
  4.587496333293199E-025
  4.578207559973652E-025
  4.568903801330668E-025
  4.559585225535711E-025
  4.550252001369323E-025
  4.540904298204730E-025
  4.531542285991392E-025
  4.522166135238513E-025
  4.512776016998491E-025
  4.503372102850316E-025
  4.493954564882997E-025
  4.484523575678837E-025
  4.475079308296799E-025
  4.465621936255766E-025
  4.456151633517781E-025
  4.446668574471362E-025
  4.437172933914647E-025
  4.427664887038657E-025
  4.418144609410490E-025
  4.408612276956538E-025
  4.399068065945657E-025
  4.389512152972438E-025
  4.379944714940347E-025
  4.370365929045020E-025
  4.360775972757457E-025
  4.351175023807302E-025
  4.341563260166144E-025
  4.331940860030785E-025
  4.322308001806616E-025
  4.312664864090981E-025
  4.303011625656576E-025
  4.293348465434913E-025
  4.283675562499821E-025
  4.273993096050972E-025
  4.264301245397500E-025
  4.254600189941629E-025
  4.244890109162407E-025
  4.235171182599455E-025
  4.225443589836830E-025
  4.215707510486913E-025
  4.205963124174407E-025
  4.196210610520363E-025
  4.186450149126355E-025
  4.176681919558665E-025
  4.166906101332607E-025
  4.157122873896913E-025
  4.147332416618213E-025
  4.137534908765616E-025
  4.127730529495399E-025
  4.117919457835776E-025
  4.108101872671780E-025
  4.098277952730259E-025
  4.088447876564995E-025
  4.078611822541875E-025
  4.068769968824273E-025
  4.058922493358455E-025
  4.049069573859179E-025
  4.039211387795378E-025
  4.029348112375990E-025
  4.019479924535886E-025
  4.009607000921987E-025
  3.999729517879448E-025
  3.989847651438039E-025
  3.979961577298606E-025
  3.970071470819740E-025
  3.960177507004535E-025
  3.950279860487494E-025
  3.940378705521641E-025
  3.930474215965701E-025
  3.920566565271488E-025
  3.910655926471452E-025
  3.900742472166319E-025
  3.890826374512966E-025
  3.880907805212404E-025
  3.870986935497919E-025
  3.861063936123451E-025
  3.851138977352014E-025
  3.841212228944392E-025
  3.831283860147950E-025
  3.821354039685605E-025
  3.811422935745000E-025
  3.801490715967843E-025
  3.791557547439390E-025
  3.781623596678116E-025
  3.771689029625600E-025
  3.761754011636508E-025
  3.751818707468836E-025
  3.741883281274261E-025
  3.731947896588708E-025
  3.722012716323109E-025
  3.712077902754293E-025
  3.702143617516097E-025
  3.692210021590659E-025
  3.682277275299852E-025
  3.672345538296963E-025
  3.662414969558499E-025
  3.652485727376197E-025
  3.642557969349233E-025
  3.632631852376587E-025
  3.622707532649602E-025
  3.612785165644746E-025
  3.602864906116521E-025
  3.592946908090590E-025
  3.583031324857068E-025
  3.573118308964007E-025
  3.563208012211057E-025
  3.553300585643307E-025
  3.543396179545325E-025
  3.533494943435375E-025
  3.523597026059797E-025
  3.513702575387591E-025
  3.503811738605182E-025
  3.493924662111352E-025
  3.484041491512357E-025
  3.474162371617223E-025
  3.464287446433241E-025
  3.454416859161598E-025
  3.444550752193215E-025
  3.434689267104768E-025
  3.424832544654857E-025
  3.414980724780361E-025
  3.405133946592980E-025
  3.395292348375932E-025
  3.385456067580816E-025
  3.375625240824672E-025
  3.365800003887178E-025
  3.355980491708039E-025
  3.346166838384521E-025
  3.336359177169168E-025
  3.326557640467675E-025
  3.316762359836914E-025
  3.306973465983139E-025
  3.297191088760334E-025
  3.287415357168719E-025
  3.277646399353426E-025
  3.267884342603317E-025
  3.258129313349955E-025
  3.248381437166725E-025
  3.238640838768113E-025
  3.228907642009120E-025
  3.219181969884842E-025
  3.209463944530157E-025
  3.199753687219603E-025
  3.190051318367344E-025
  3.180356957527321E-025
  3.170670723393500E-025
  3.160992733800291E-025
  3.151323105723071E-025
  3.141661955278843E-025
  3.132009397727033E-025
  3.122365547470410E-025
  3.112730518056135E-025
  3.103104422176898E-025
  3.093487371672238E-025
  3.083879477529922E-025
  3.074280849887477E-025
  3.064691598033802E-025
  3.055111830410952E-025
  3.045541654615938E-025
  3.035981177402742E-025
  3.026430504684342E-025
  3.016889741534902E-025
  3.007358992192037E-025
  2.997838360059183E-025
  2.988327947708057E-025
  2.978827856881223E-025
  2.969338188494733E-025
  2.959859042640876E-025
  2.950390518591011E-025
  2.940932714798461E-025
  2.931485728901523E-025
  2.922049657726552E-025
  2.912624597291089E-025
  2.903210642807127E-025
  2.893807888684389E-025
  2.884416428533717E-025
  2.875036355170521E-025
  2.865667760618284E-025
  2.856310736112162E-025
  2.846965372102583E-025
  2.837631758259003E-025
  2.828309983473631E-025
  2.819000135865259E-025
  2.809702302783137E-025
  2.800416570810884E-025
  2.791143025770481E-025
  2.781881752726272E-025
  2.772632835989048E-025
  2.763396359120140E-025
  2.754172404935588E-025
  2.744961055510322E-025
  2.735762392182392E-025
  2.726576495557230E-025
  2.717403445511945E-025
  2.708243321199656E-025
  2.699096201053844E-025
  2.689962162792736E-025
  2.680841283423716E-025
  2.671733639247747E-025
  2.662639305863823E-025
  2.653558358173480E-025
  2.644490870385217E-025
  2.635436916019058E-025
  2.626396567911045E-025
  2.617369898217767E-025
  2.608356978420922E-025
  2.599357879331840E-025
  2.590372671096046E-025
  2.581401423197834E-025
  2.572444204464811E-025
  2.563501083072467E-025
  2.554572126548757E-025
  2.545657401778637E-025
  2.536756975008640E-025
  2.527870911851420E-025
  2.518999277290311E-025
  2.510142135683861E-025
  2.501299550770359E-025
  2.492471585672355E-025
  2.483658302901169E-025
  2.474859764361386E-025
  2.466076031355326E-025
  2.457307164587511E-025
  2.448553224169100E-025
  2.439814269622328E-025
  2.431090359884884E-025
  2.422381553314319E-025
  2.413687907692385E-025
  2.405009480229390E-025
  2.396346327568471E-025
  2.387698505789915E-025
  2.379066070415393E-025
  2.370449076412192E-025
  2.361847578197414E-025
  2.353261629642133E-025
  2.344691284075546E-025
  2.336136594289058E-025
  2.327597612540358E-025
  2.319074390557460E-025
  2.310566979542697E-025
  2.302075430176681E-025
  2.293599792622231E-025
  2.285140116528271E-025
  2.276696451033666E-025
  2.268268844771055E-025
  2.259857345870600E-025
  2.251462001963730E-025
  2.243082860186837E-025
  2.234719967184913E-025
  2.226373369115173E-025
  2.218043111650598E-025
  2.209729239983486E-025
  2.201431798828901E-025
  2.193150832428132E-025
  2.184886384552066E-025
  2.176638498504540E-025
  2.168407217125636E-025
  2.160192582794942E-025
  2.151994637434758E-025
  2.143813422513253E-025
  2.135648979047588E-025
  2.127501347606979E-025
  2.119370568315724E-025
  2.111256680856169E-025
  2.103159724471649E-025
  2.095079737969364E-025
  2.087016759723202E-025
  2.078970827676533E-025
  2.070941979344949E-025
  2.062930251818944E-025
  2.054935681766572E-025
  2.046958305436023E-025
  2.038998158658186E-025
  2.031055276849136E-025
  2.023129695012593E-025
  2.015221447742320E-025
  2.007330569224490E-025
  1.999457093239989E-025
  1.991601053166673E-025
  1.983762481981595E-025
  1.975941412263169E-025
  1.968137876193283E-025
  1.960351905559401E-025
  1.952583531756560E-025
  1.944832785789381E-025
  1.937099698273994E-025
  1.929384299439934E-025
  1.921686619132001E-025
  1.914006686812046E-025
  1.906344531560741E-025
  1.898700182079304E-025
  1.891073666691148E-025
  1.883465013343547E-025
  1.875874249609189E-025
  1.868301402687740E-025
  1.860746499407342E-025
  1.853209566226083E-025
  1.845690629233399E-025
  1.838189714151489E-025
  1.830706846336620E-025
  1.823242050780456E-025
  1.815795352111304E-025
  1.808366774595350E-025
  1.800956342137846E-025
  1.793564078284252E-025
  1.786190006221358E-025
  1.778834148778352E-025
  1.771496528427877E-025
  1.764177167287020E-025
  1.756876087118303E-025
  1.749593309330604E-025
  1.742328854980075E-025
  1.735082744771012E-025
  1.727854999056695E-025
  1.720645637840202E-025
  1.713454680775186E-025
  1.706282147166618E-025
  1.699128055971519E-025
  1.691992425799647E-025
  1.684875274914155E-025
  1.677776621232237E-025
  1.670696482325727E-025
  1.663634875421693E-025
  1.656591817402980E-025
  1.649567324808758E-025
  1.642561413835028E-025
  1.635574100335098E-025
  1.628605399820059E-025
  1.621655327459215E-025
  1.614723898080509E-025
  1.607811126170922E-025
  1.600917025876849E-025
  1.594041611004461E-025
  1.587184895020044E-025
  1.580346891050325E-025
  1.573527611882773E-025
  1.566727069965897E-025
  1.559945277409509E-025
  1.553182245984990E-025
  1.546437987125530E-025
  1.539712511926356E-025
  1.533005831144957E-025
  1.526317955201276E-025
  1.519648894177915E-025
  1.512998657820301E-025
  1.506367255536875E-025
  1.499754696399233E-025
  1.493160989142294E-025
  1.486586142164433E-025
  1.480030163527616E-025
  1.473493060957534E-025
  1.466974841843714E-025
  1.460475513239648E-025
  1.453995081862888E-025
  1.447533554095157E-025
  1.441090935982451E-025
  1.434667233235132E-025
  1.428262451228024E-025
  1.421876595000509E-025
  1.415509669256604E-025
  1.409161678365065E-025
  1.402832626359462E-025
  1.396522516938277E-025
  1.390231353464990E-025
  1.383959138968159E-025
  1.377705876141524E-025
  1.371471567344099E-025
  1.365256214600256E-025
  1.359059819599839E-025
  1.352882383698260E-025
  1.346723907916605E-025
  1.340584392941754E-025
  1.334463839126485E-025
  1.328362246489612E-025
  1.322279614716108E-025
  1.316215943157240E-025
  1.310171230830711E-025
  1.304145476420817E-025
  1.298138678278603E-025
  1.292150834422033E-025
  1.286181942536163E-025
  1.280231999973330E-025
  1.274301003753346E-025
  1.268388950563709E-025
  1.262495836759810E-025
  1.256621658365180E-025
  1.250766411071705E-025
  1.244930090239897E-025
  1.239112690899146E-025
  1.233314207747999E-025
  1.227534635154452E-025
  1.221773967156248E-025
  1.216032197461193E-025
  1.210309319447486E-025
  1.204605326164060E-025
  1.198920210330940E-025
  1.193253964339626E-025
  1.187606580253459E-025
  1.181978049808044E-025
  1.176368364411659E-025
  1.170777515145685E-025
  1.165205492765070E-025
  1.159652287698779E-025
  1.154117890050289E-025
  1.148602289598080E-025
  1.143105475796161E-025
  1.137627437774590E-025
  1.132168164340044E-025
  1.126727643976365E-025
  1.121305864845166E-025
  1.115902814786423E-025
  1.110518481319097E-025
  1.105152851641787E-025
  1.099805912633372E-025
  1.094477650853696E-025
  1.089168052544262E-025
  1.083877103628948E-025
  1.078604789714739E-025
  1.073351096092477E-025
  1.068116007737632E-025
  1.062899509311090E-025
  1.057701585159972E-025
  1.052522219318445E-025
  1.047361395508585E-025
  1.042219097141239E-025
  1.037095307316900E-025
  1.031990008826628E-025
  1.026903184152968E-025
  1.021834815470893E-025
  1.016784884648766E-025
  1.011753373249331E-025
  1.006740262530704E-025
  1.001745533447405E-025
  9.967691666513941E-026
  9.918111424931329E-026
  9.868714410226644E-026
  9.819500419907114E-026
  9.770469248497989E-026
  9.721620687553854E-026
  9.672954525670284E-026
  9.624470548495510E-026
  9.576168538742463E-026
  9.528048276200816E-026
  9.480109537749405E-026
  9.432352097368700E-026
  9.384775726153515E-026
  9.337380192325906E-026
  9.290165261248211E-026
  9.243130695436379E-026
  9.196276254573339E-026
  9.149601695522695E-026
  9.103106772342468E-026
  9.056791236299085E-026
  9.010654835881590E-026
  8.964697316815903E-026
  8.918918422079423E-026
  8.873317891915622E-026
  8.827895463848966E-026
  8.782650872699895E-026
  8.737583850600062E-026
  8.692694127007619E-026
  8.647981428722874E-026
  8.603445479903813E-026
  8.559086002082090E-026
  8.514902714178942E-026
  8.470895332521407E-026
  8.427063570858667E-026
  8.383407140378448E-026
  8.339925749723695E-026
  8.296619105009358E-026
  8.253486909839290E-026
  8.210528865323332E-026
  8.167744670094558E-026
  8.125134020326558E-026
  8.082696609750988E-026
  8.040432129675194E-026
  7.998340268999926E-026
  7.956420714237357E-026
  7.914673149528966E-026
  7.873097256663790E-026
  7.831692715096654E-026
  7.790459201966636E-026
  7.749396392115494E-026
  7.708503958106440E-026
  7.667781570242781E-026
  7.627228896586850E-026
  7.586845602978953E-026
  7.546631353056536E-026
  7.506585808273303E-026
  7.466708627918549E-026
  7.426999469136556E-026
  7.387457986946131E-026
  7.348083834260124E-026
  7.308876661905245E-026
  7.269836118641684E-026
  7.230961851183137E-026
  7.192253504216642E-026
  7.153710720422723E-026
  7.115333140495405E-026
  7.077120403162517E-026
  7.039072145205882E-026
  7.001188001481725E-026
  6.963467604941043E-026
  6.925910586650111E-026
  6.888516575811080E-026
  6.851285199782510E-026
  6.814216084100074E-026
  6.777308852497318E-026
  6.740563126926437E-026
  6.703978527579061E-026
  6.667554672907241E-026
  6.631291179644295E-026
  6.595187662825843E-026
  6.559243735810803E-026
  6.523459010302450E-026
  6.487833096369571E-026
  6.452365602467510E-026
  6.417056135459403E-026
  6.381904300637342E-026
  6.346909701743609E-026
  6.312071940991911E-026
  6.277390619088678E-026
  6.242865335254301E-026
  6.208495687244486E-026
  6.174281271371525E-026
  6.140221682525676E-026
  6.106316514196481E-026
  6.072565358494123E-026
  6.038967806170722E-026
  6.005523446641789E-026
  5.972231868007506E-026
  5.939092657074110E-026
  5.906105399375228E-026
  5.873269679193223E-026
  5.840585079580527E-026
  5.808051182380955E-026
  5.775667568251014E-026
  5.743433816681198E-026
  5.711349506017243E-026
  5.679414213481405E-026
  5.647627515193645E-026
  5.615988986192868E-026
  5.584498200458107E-026
  5.553154730929613E-026
  5.521958149530020E-026
  5.490908027185409E-026
  5.460003933846355E-026
  5.429245438508910E-026
  5.398632109235644E-026
  5.368163513176455E-026
  5.337839216589555E-026
  5.307658784862250E-026
  5.277621782531733E-026
  5.247727773305860E-026
  5.217976320083769E-026
  5.188366984976582E-026
  5.158899329327930E-026
  5.129572913734513E-026
  5.100387298066518E-026
  5.071342041488086E-026
  5.042436702477560E-026
  5.013670838847852E-026
  4.985044007766568E-026
  4.956555765776201E-026
  4.928205668814209E-026
  4.899993272232949E-026
  4.871918130819678E-026
  4.843979798816361E-026
  4.816177829939455E-026
  4.788511777399612E-026
  4.760981193921335E-026
  4.733585631762437E-026
  4.706324642733559E-026
  4.679197778217550E-026
  4.652204589188705E-026
  4.625344626232031E-026
  4.598617439562324E-026
  4.572022579043194E-026
  4.545559594206024E-026
  4.519228034268792E-026
  4.493027448154863E-026
  4.466957384511601E-026
  4.441017391728958E-026
  4.415207017957931E-026
  4.389525811128952E-026
  4.363973318970111E-026
  4.338549089025412E-026
  4.313252668672742E-026
  4.288083605141917E-026
  4.263041445532494E-026
  4.238125736831573E-026
  4.213336025931430E-026
  4.188671859647077E-026
  4.164132784733681E-026
  4.139718347903933E-026
  4.115428095845251E-026
  4.091261575236903E-026
  4.067218332767013E-026
  4.043297915149460E-026
  4.019499869140642E-026
  3.995823741556160E-026
  3.972269079287373E-026
  3.948835429317846E-026
  3.925522338739651E-026
  3.902329354769592E-026
  3.879256024765305E-026
  3.856301896241225E-026
  3.833466516884437E-026
  3.810749434570441E-026
  3.788150197378751E-026
  3.765668353608392E-026
  3.743303451793300E-026
  3.721055040717578E-026
  3.698922669430630E-026
  3.676905887262184E-026
  3.655004243837184E-026
  3.633217289090566E-026
  3.611544573281907E-026
  3.589985647009977E-026
  3.568540061227098E-026
  3.547207367253471E-026
  3.525987116791300E-026
  3.504878861938843E-026
  3.483882155204315E-026
  3.462996549519675E-026
  3.442221598254272E-026
  3.421556855228393E-026
  3.401001874726650E-026
  3.380556211511279E-026
  3.360219420835300E-026
  3.339991058455520E-026
  3.319870680645459E-026
  3.299857844208116E-026
  3.279952106488620E-026
  3.260153025386758E-026
  3.240460159369377E-026
  3.220873067482636E-026
  3.201391309364166E-026
  3.182014445255087E-026
  3.162742036011889E-026
  3.143573643118212E-026
  3.124508828696467E-026
  3.105547155519360E-026
  3.086688187021276E-026
  3.067931487309524E-026
  3.049276621175489E-026
  3.030723154105644E-026
  3.012270652292401E-026
  2.993918682644891E-026
  2.975666812799589E-026
  2.957514611130808E-026
  2.939461646761117E-026
  2.921507489571534E-026
  2.903651710211705E-026
  2.885893880109888E-026
  2.868233571482846E-026
  2.850670357345599E-026
  2.833203811521055E-026
  2.815833508649523E-026
  2.798559024198109E-026
  2.781379934469957E-026
  2.764295816613417E-026
  2.747306248631067E-026
  2.730410809388580E-026
  2.713609078623541E-026
